("port 1","TE",1,"port 1",1,"modulation")
(1,1)
0.00178
(500,3)
2.000000e+14	7.506185e-03	-2.273149e+00
1.999733e+14	5.525788e-03	-2.482435e+00
1.999466e+14	4.661577e-03	-2.666402e+00
1.999199e+14	4.543940e-03	-2.836377e+00
1.998932e+14	4.742374e-03	-3.008040e+00
1.998665e+14	4.795280e-03	3.103668e+00
1.998398e+14	4.250471e-03	2.956295e+00
1.998131e+14	2.742963e-03	2.941764e+00
1.997865e+14	1.440411e-03	-1.997093e+00
1.997598e+14	5.605643e-03	-1.332592e+00
1.997332e+14	1.227309e-02	-1.418693e+00
1.997065e+14	2.101753e-02	-1.590093e+00
1.996799e+14	3.175448e-02	-1.786259e+00
1.996532e+14	4.429628e-02	-1.992861e+00
1.996266e+14	5.833056e-02	-2.204749e+00
1.996000e+14	7.342700e-02	-2.419579e+00
1.995734e+14	8.905526e-02	-2.636097e+00
1.995468e+14	1.046109e-01	-2.853542e+00
1.995202e+14	1.194462e-01	-3.071425e+00
1.994936e+14	1.329040e-01	2.993765e+00
1.994670e+14	1.443487e-01	2.775853e+00
1.994404e+14	1.531951e-01	2.558119e+00
1.994139e+14	1.589309e-01	2.340564e+00
1.993873e+14	1.611338e-01	2.123114e+00
1.993608e+14	1.594855e-01	1.905637e+00
1.993342e+14	1.537825e-01	1.687972e+00
1.993077e+14	1.439476e-01	1.469959e+00
1.992812e+14	1.300411e-01	1.251481e+00
1.992546e+14	1.122728e-01	1.032513e+00
1.992281e+14	9.100992e-02	8.132146e-01
1.992016e+14	6.677976e-02	5.941808e-01
1.991751e+14	4.026023e-02	3.776597e-01
1.991486e+14	1.226120e-02	1.857609e-01
1.991221e+14	1.636056e-02	3.028741e+00
1.990956e+14	4.462140e-02	2.827176e+00
1.990691e+14	7.164073e-02	2.609832e+00
1.990427e+14	9.657563e-02	2.390503e+00
1.990162e+14	1.187010e-01	2.171023e+00
1.989898e+14	1.374352e-01	1.951911e+00
1.989633e+14	1.523542e-01	1.733302e+00
1.989369e+14	1.631925e-01	1.515144e+00
1.989104e+14	1.698375e-01	1.297279e+00
1.988840e+14	1.723194e-01	1.079494e+00
1.988576e+14	1.708012e-01	8.615509e-01
1.988312e+14	1.655689e-01	6.432224e-01
1.988048e+14	1.570221e-01	4.243102e-01
1.987784e+14	1.456631e-01	2.046593e-01
1.987520e+14	1.320813e-01	-1.584006e-02
1.987256e+14	1.169319e-01	-2.372620e-01
1.986992e+14	1.009073e-01	-4.596665e-01
1.986729e+14	8.470339e-02	-6.831310e-01
1.986465e+14	6.898150e-02	-9.077919e-01
1.986201e+14	5.433211e-02	-1.133891e+00
1.985938e+14	4.124190e-02	-1.361820e+00
1.985674e+14	3.006811e-02	-1.592110e+00
1.985411e+14	2.102171e-02	-1.825238e+00
1.985148e+14	1.415944e-02	-2.060744e+00
1.984885e+14	9.384652e-03	-2.294502e+00
1.984622e+14	6.457867e-03	-2.513806e+00
1.984358e+14	5.020622e-03	-2.700556e+00
1.984095e+14	4.623095e-03	-2.857131e+00
1.983832e+14	4.735284e-03	-3.007969e+00
1.983570e+14	4.772987e-03	3.124326e+00
1.983307e+14	4.156082e-03	3.005192e+00
1.983044e+14	2.455562e-03	3.102896e+00
1.982781e+14	2.284795e-03	-1.583790e+00
1.982519e+14	7.785559e-03	-1.274624e+00
1.982256e+14	1.610873e-02	-1.383590e+00
1.981994e+14	2.712594e-02	-1.557530e+00
1.981732e+14	4.079544e-02	-1.752781e+00
1.981469e+14	5.692562e-02	-1.957575e+00
1.981207e+14	7.515559e-02	-2.167368e+00
1.980945e+14	9.496215e-02	-2.379969e+00
1.980683e+14	1.156818e-01	-2.594129e+00
1.980421e+14	1.365451e-01	-2.809037e+00
1.980159e+14	1.567194e-01	-3.024130e+00
1.979897e+14	1.753549e-01	3.044167e+00
1.979635e+14	1.916284e-01	2.829732e+00
1.979373e+14	2.047780e-01	2.615859e+00
1.979112e+14	2.141287e-01	2.402523e+00
1.978850e+14	2.191073e-01	2.189578e+00
1.978588e+14	2.192502e-01	1.976779e+00
1.978327e+14	2.142100e-01	1.763808e+00
1.978066e+14	2.037648e-01	1.550318e+00
1.977804e+14	1.878344e-01	1.335984e+00
1.977543e+14	1.665050e-01	1.120560e+00
1.977282e+14	1.400596e-01	9.039549e-01
1.977021e+14	1.090073e-01	6.863536e-01
1.976760e+14	7.410105e-02	4.685898e-01
1.976499e+14	3.633188e-02	2.547425e-01
1.976238e+14	3.159552e-03	2.998522e+00
1.975977e+14	4.292765e-02	2.927124e+00
1.975716e+14	8.174720e-02	2.711552e+00
1.975455e+14	1.183080e-01	2.493215e+00
1.975195e+14	1.514937e-01	2.275206e+00
1.974934e+14	1.804051e-01	2.058299e+00
1.974674e+14	2.043821e-01	1.842703e+00
1.974413e+14	2.229982e-01	1.628343e+00
1.974153e+14	2.360360e-01	1.414957e+00
1.973892e+14	2.434571e-01	1.202167e+00
1.973632e+14	2.453755e-01	9.895336e-01
1.973372e+14	2.420402e-01	7.766080e-01
1.973112e+14	2.338274e-01	5.629793e-01
1.972852e+14	2.212390e-01	3.483077e-01
1.972592e+14	2.049037e-01	1.323458e-01
1.972332e+14	1.855710e-01	-8.505581e-02
1.972072e+14	1.640954e-01	-3.039622e-01
1.971812e+14	1.414048e-01	-5.243870e-01
1.971553e+14	1.184545e-01	-7.463453e-01
1.971293e+14	9.617086e-02	-9.699232e-01
1.971034e+14	7.539248e-02	-1.195366e+00
1.970774e+14	5.681650e-02	-1.423177e+00
1.970515e+14	4.095676e-02	-1.654217e+00
1.970255e+14	2.811683e-02	-1.889684e+00
1.969996e+14	1.837787e-02	-2.130493e+00
1.969737e+14	1.159911e-02	-2.374303e+00
1.969478e+14	7.430393e-03	-2.606764e+00
1.969219e+14	5.347478e-03	-2.795370e+00
1.968960e+14	4.708812e-03	-2.928089e+00
1.968701e+14	4.765133e-03	-3.043403e+00
1.968442e+14	4.672864e-03	3.130044e+00
1.968183e+14	3.620558e-03	3.108995e+00
1.967924e+14	1.834785e-03	-2.316067e+00
1.967666e+14	6.071973e-03	-1.233641e+00
1.967407e+14	1.503407e-02	-1.247946e+00
1.967148e+14	2.791031e-02	-1.396556e+00
1.966890e+14	4.486034e-02	-1.581032e+00
1.966632e+14	6.586645e-02	-1.780224e+00
1.966373e+14	9.064869e-02	-1.986854e+00
1.966115e+14	1.186473e-01	-2.197616e+00
1.965857e+14	1.490359e-01	-2.410641e+00
1.965599e+14	1.807645e-01	-2.624662e+00
1.965341e+14	2.126297e-01	-2.838714e+00
1.965083e+14	2.433625e-01	-3.052034e+00
1.964825e+14	2.717170e-01	3.019129e+00
1.964567e+14	2.965421e-01	2.808756e+00
1.964309e+14	3.168251e-01	2.600140e+00
1.964051e+14	3.317026e-01	2.393141e+00
1.963794e+14	3.404441e-01	2.187376e+00
1.963536e+14	3.424207e-01	1.982248e+00
1.963279e+14	3.370736e-01	1.776994e+00
1.963021e+14	3.238965e-01	1.570744e+00
1.962764e+14	3.024472e-01	1.362602e+00
1.962507e+14	2.723990e-01	1.151749e+00
1.962249e+14	2.336397e-01	9.375659e-01
1.961992e+14	1.864133e-01	7.198039e-01
1.961735e+14	1.314788e-01	4.988565e-01
1.961478e+14	7.023292e-02	2.768667e-01
1.961221e+14	4.750694e-03	1.457639e-01
1.960964e+14	6.247362e-02	2.948198e+00
1.960707e+14	1.285733e-01	2.725045e+00
1.960450e+14	1.909383e-01	2.501498e+00
1.960194e+14	2.473967e-01	2.280833e+00
1.959937e+14	2.964178e-01	2.064111e+00
1.959681e+14	3.371174e-01	1.851584e+00
1.959424e+14	3.691426e-01	1.642954e+00
1.959168e+14	3.925059e-01	1.437518e+00
1.958911e+14	4.074282e-01	1.234309e+00
1.958655e+14	4.142237e-01	1.032219e+00
1.958399e+14	4.132357e-01	8.300989e-01
1.958143e+14	4.048222e-01	6.268496e-01
1.957886e+14	3.893819e-01	4.214947e-01
1.957630e+14	3.674114e-01	2.132474e-01
1.957374e+14	3.395776e-01	1.562385e-03
1.957119e+14	3.067876e-01	-2.138351e-01
1.956863e+14	2.702300e-01	-4.329557e-01
1.956607e+14	2.313659e-01	-6.556023e-01
1.956351e+14	1.918543e-01	-8.814854e-01
1.956096e+14	1.534199e-01	-1.110395e+00
1.955840e+14	1.176883e-01	-1.342431e+00
1.955585e+14	8.602759e-02	-1.578290e+00
1.955329e+14	5.942768e-02	-1.819640e+00
1.955074e+14	3.843074e-02	-2.069553e+00
1.954818e+14	2.310859e-02	-2.332293e+00
1.954563e+14	1.306745e-02	-2.608017e+00
1.954308e+14	7.467418e-03	-2.866323e+00
1.954053e+14	5.128695e-03	-3.015712e+00
1.953798e+14	4.739980e-03	-3.046959e+00
1.953543e+14	4.723568e-03	-3.054917e+00
1.953288e+14	3.486505e-03	-2.853761e+00
1.953033e+14	4.186757e-03	-1.466311e+00
1.952779e+14	1.430383e-02	-1.126003e+00
1.952524e+14	3.225676e-02	-1.216672e+00
1.952269e+14	5.894708e-02	-1.388624e+00
1.952015e+14	9.524681e-02	-1.589936e+00
1.951760e+14	1.413896e-01	-1.806012e+00
1.951506e+14	1.967054e-01	-2.030802e+00
1.951251e+14	2.594587e-01	-2.260647e+00
1.950997e+14	3.268901e-01	-2.492437e+00
1.950743e+14	3.955470e-01	-2.723110e+00
1.950489e+14	4.618615e-01	-2.949712e+00
1.950234e+14	5.227708e-01	3.113459e+00
1.949980e+14	5.761336e-01	2.901801e+00
1.949726e+14	6.208141e-01	2.699345e+00
1.949473e+14	6.564832e-01	2.506024e+00
1.949219e+14	6.832844e-01	2.320982e+00
1.948965e+14	7.014880e-01	2.142720e+00
1.948711e+14	7.111899e-01	1.969194e+00
1.948458e+14	7.120402e-01	1.797819e+00
1.948204e+14	7.029433e-01	1.625361e+00
1.947951e+14	6.816426e-01	1.447678e+00
1.947697e+14	6.440709e-01	1.259302e+00
1.947444e+14	5.833759e-01	1.052890e+00
1.947190e+14	4.888282e-01	8.188611e-01
1.946937e+14	3.461942e-01	5.464689e-01
1.946684e+14	1.446197e-01	2.300914e-01
1.946431e+14	1.047509e-01	3.008277e+00
1.946178e+14	3.564758e-01	2.650953e+00
1.945925e+14	5.609839e-01	2.322713e+00
1.945672e+14	7.028427e-01	2.044282e+00
1.945419e+14	7.940676e-01	1.813821e+00
1.945166e+14	8.517876e-01	1.621340e+00
1.944914e+14	8.888054e-01	1.456794e+00
1.944661e+14	9.131185e-01	1.312368e+00
1.944408e+14	9.294733e-01	1.182424e+00
1.944156e+14	9.406789e-01	1.062938e+00
1.943903e+14	9.484220e-01	9.509891e-01
1.943651e+14	9.537322e-01	8.443884e-01
1.943399e+14	9.572432e-01	7.414210e-01
1.943146e+14	9.593389e-01	6.406726e-01
1.942894e+14	9.602349e-01	5.409041e-01
1.942642e+14	9.600216e-01	4.409567e-01
1.942390e+14	9.586820e-01	3.396710e-01
1.942138e+14	9.560898e-01	2.358105e-01
1.941886e+14	9.519889e-01	1.279782e-01
1.941634e+14	9.459478e-01	1.451744e-02
1.941382e+14	9.372798e-01	-1.066134e-01
1.941131e+14	9.249109e-01	-2.380046e-01
1.940879e+14	9.071677e-01	-3.830021e-01
1.940627e+14	8.814611e-01	-5.459493e-01
1.940376e+14	8.438771e-01	-7.323934e-01
1.940124e+14	7.888678e-01	-9.490623e-01
1.939873e+14	7.097287e-01	-1.203220e+00
1.939622e+14	6.013300e-01	-1.501111e+00
1.939370e+14	4.661658e-01	-1.846955e+00
1.939119e+14	3.201671e-01	-2.249327e+00
1.938868e+14	1.902828e-01	-2.750646e+00
1.938617e+14	1.054525e-01	2.802925e+00
1.938366e+14	8.005787e-02	1.935232e+00
1.938115e+14	7.924958e-02	1.543930e+00
1.937864e+14	9.107364e-02	1.727319e+00
1.937613e+14	1.554909e-01	1.949899e+00
1.937362e+14	2.730952e-01	1.882500e+00
1.937112e+14	4.165262e-01	1.674645e+00
1.936861e+14	5.573852e-01	1.423897e+00
1.936611e+14	6.753965e-01	1.174865e+00
1.936360e+14	7.639657e-01	9.469301e-01
1.936110e+14	8.263974e-01	7.452802e-01
1.935859e+14	8.692619e-01	5.682008e-01
1.935609e+14	8.985790e-01	4.116384e-01
1.935359e+14	9.187753e-01	2.713613e-01
1.935109e+14	9.328317e-01	1.437057e-01
1.934858e+14	9.426885e-01	2.570240e-02
1.934608e+14	9.495956e-01	-8.501147e-02
1.934358e+14	9.543551e-01	-1.903269e-01
1.934109e+14	9.574770e-01	-2.917897e-01
1.933859e+14	9.592742e-01	-3.907060e-01
1.933609e+14	9.599179e-01	-4.882288e-01
1.933359e+14	9.594673e-01	-5.854308e-01
1.933110e+14	9.578783e-01	-6.833723e-01
1.932860e+14	9.549949e-01	-7.831704e-01
1.932610e+14	9.505192e-01	-8.860782e-01
1.932361e+14	9.439522e-01	-9.935872e-01
1.932112e+14	9.344860e-01	-1.107567e+00
1.931862e+14	9.208129e-01	-1.230465e+00
1.931613e+14	9.007889e-01	-1.365602e+00
1.931364e+14	8.708423e-01	-1.517587e+00
1.931115e+14	8.249824e-01	-1.692837e+00
1.930865e+14	7.533846e-01	-1.899964e+00
1.930616e+14	6.414491e-01	-2.149044e+00
1.930368e+14	4.733205e-01	-2.447329e+00
1.930119e+14	2.470707e-01	-2.789297e+00
1.929870e+14	5.921983e-03	6.288469e-02
1.929621e+14	2.344354e-01	-3.378909e-01
1.929372e+14	4.084588e-01	-6.333757e-01
1.929124e+14	5.285287e-01	-8.860804e-01
1.928875e+14	6.076551e-01	-1.105433e+00
1.928627e+14	6.583628e-01	-1.301683e+00
1.928378e+14	6.894253e-01	-1.483217e+00
1.928130e+14	7.063318e-01	-1.656363e+00
1.927882e+14	7.123153e-01	-1.825868e+00
1.927633e+14	7.091457e-01	-1.995385e+00
1.927385e+14	6.976465e-01	-2.167810e+00
1.927137e+14	6.780340e-01	-2.345488e+00
1.926889e+14	6.501740e-01	-2.530288e+00
1.926641e+14	6.138277e-01	-2.723591e+00
1.926393e+14	5.689280e-01	-2.926203e+00
1.926145e+14	5.158881e-01	-3.138243e+00
1.925897e+14	4.558854e-01	2.924112e+00
1.925650e+14	3.910089e-01	2.695829e+00
1.925402e+14	3.241505e-01	2.461893e+00
1.925154e+14	2.586169e-01	2.224140e+00
1.924907e+14	1.975788e-01	1.983933e+00
1.924659e+14	1.435706e-01	1.741594e+00
1.924412e+14	9.820502e-02	1.495726e+00
1.924165e+14	6.213608e-02	1.241799e+00
1.923917e+14	3.519649e-02	9.677475e-01
1.923670e+14	1.662236e-02	6.343401e-01
1.923423e+14	5.461343e-03	2.259941e-02
1.923176e+14	3.001478e-03	-1.797984e+00
1.922929e+14	4.541305e-03	-2.605589e+00
1.922682e+14	4.764851e-03	-3.047918e+00
1.922435e+14	4.883089e-03	2.820821e+00
1.922188e+14	6.397608e-03	2.492352e+00
1.921941e+14	1.053407e-02	2.293239e+00
1.921694e+14	1.842012e-02	2.135911e+00
1.921448e+14	3.095766e-02	1.969807e+00
1.921201e+14	4.867181e-02	1.788725e+00
1.920955e+14	7.168524e-02	1.596522e+00
1.920708e+14	9.971219e-02	1.397058e+00
1.920462e+14	1.320659e-01	1.193064e+00
1.920215e+14	1.676962e-01	9.864917e-01
1.919969e+14	2.052675e-01	7.788508e-01
1.919723e+14	2.432754e-01	5.713791e-01
1.919477e+14	2.801844e-01	3.650907e-01
1.919231e+14	3.145590e-01	1.607594e-01
1.918985e+14	3.451600e-01	-4.111748e-02
1.918739e+14	3.709914e-01	-2.403436e-01
1.918493e+14	3.912966e-01	-4.370244e-01
1.918247e+14	4.055176e-01	-6.315429e-01
1.918001e+14	4.132356e-01	-8.245169e-01
1.917756e+14	4.141117e-01	-1.016745e+00
1.917510e+14	4.078415e-01	-1.209145e+00
1.917264e+14	3.941333e-01	-1.402691e+00
1.917019e+14	3.727189e-01	-1.598340e+00
1.916773e+14	3.434019e-01	-1.796950e+00
1.916528e+14	3.061449e-01	-1.999195e+00
1.916283e+14	2.611906e-01	-2.205471e+00
1.916037e+14	2.091952e-01	-2.415830e+00
1.915792e+14	1.513344e-01	-2.630007e+00
1.915547e+14	8.932969e-02	-2.847839e+00
1.915302e+14	2.535642e-02	-3.076083e+00
1.915057e+14	3.818581e-02	-1.269319e-01
1.914812e+14	9.892997e-02	-3.492075e-01
1.914567e+14	1.548544e-01	-5.643111e-01
1.914322e+14	2.044324e-01	-7.754667e-01
1.914077e+14	2.466906e-01	-9.828938e-01
1.913833e+14	2.811526e-01	-1.186840e+00
1.913588e+14	3.077243e-01	-1.387783e+00
1.913344e+14	3.265692e-01	-1.586395e+00
1.913099e+14	3.380037e-01	-1.783461e+00
1.912855e+14	3.424274e-01	-1.979803e+00
1.912610e+14	3.402875e-01	-2.176213e+00
1.912366e+14	3.320722e-01	-2.373397e+00
1.912122e+14	3.183255e-01	-2.571937e+00
1.911877e+14	2.996702e-01	-2.772262e+00
1.911633e+14	2.768329e-01	-2.974636e+00
1.911389e+14	2.506571e-01	3.104024e+00
1.911145e+14	2.220989e-01	2.897376e+00
1.910901e+14	1.921989e-01	2.688719e+00
1.910657e+14	1.620328e-01	2.478178e+00
1.910413e+14	1.326464e-01	2.265787e+00
1.910170e+14	1.049883e-01	2.051355e+00
1.909926e+14	7.985038e-02	1.834254e+00
1.909682e+14	5.782518e-02	1.613020e+00
1.909439e+14	3.928517e-02	1.384408e+00
1.909195e+14	2.438219e-02	1.140596e+00
1.908952e+14	1.306963e-02	8.579994e-01
1.908708e+14	5.192927e-03	4.222025e-01
1.908465e+14	1.782034e-03	-1.202035e+00
1.908222e+14	3.590031e-03	-2.345193e+00
1.907979e+14	4.619765e-03	-2.737173e+00
1.907735e+14	4.765778e-03	-3.048067e+00
1.907492e+14	4.700030e-03	2.931011e+00
1.907249e+14	5.124721e-03	2.640395e+00
1.907006e+14	6.669857e-03	2.399676e+00
1.906763e+14	9.882136e-03	2.207200e+00
1.906521e+14	1.523149e-02	2.031789e+00
1.906278e+14	2.306683e-02	1.854851e+00
1.906035e+14	3.358098e-02	1.671845e+00
1.905792e+14	4.679813e-02	1.483252e+00
1.905550e+14	6.257086e-02	1.290474e+00
1.905307e+14	8.058441e-02	1.094768e+00
1.905065e+14	1.003698e-01	8.971138e-01
1.904822e+14	1.213269e-01	6.982644e-01
1.904580e+14	1.427572e-01	4.988131e-01
1.904338e+14	1.639028e-01	2.992311e-01
1.904096e+14	1.839893e-01	9.988270e-02
1.903853e+14	2.022647e-01	-9.897408e-02
1.903611e+14	2.180327e-01	-2.971916e-01
1.903369e+14	2.306753e-01	-4.947355e-01
1.903127e+14	2.396658e-01	-6.916811e-01
1.902885e+14	2.445730e-01	-8.882032e-01
1.902644e+14	2.450619e-01	-1.084558e+00
1.902402e+14	2.408921e-01	-1.281057e+00
1.902160e+14	2.319207e-01	-1.478038e+00
1.901918e+14	2.181098e-01	-1.675834e+00
1.901677e+14	1.995413e-01	-1.874737e+00
1.901435e+14	1.764357e-01	-2.074972e+00
1.901194e+14	1.491718e-01	-2.276684e+00
1.900952e+14	1.183016e-01	-2.479955e+00
1.900711e+14	8.455145e-02	-2.684946e+00
1.900470e+14	4.880508e-02	-2.892686e+00
1.900228e+14	1.206733e-02	-3.120222e+00
1.899987e+14	2.461549e-02	-1.393259e-01
1.899746e+14	6.016848e-02	-3.527119e-01
1.899505e+14	9.362487e-02	-5.588482e-01
1.899264e+14	1.241370e-01	-7.627688e-01
1.899023e+14	1.510238e-01	-9.650836e-01
1.898782e+14	1.737833e-01	-1.165992e+00
1.898542e+14	1.920882e-01	-1.365677e+00
1.898301e+14	2.057690e-01	-1.564377e+00
1.898060e+14	2.147931e-01	-1.762381e+00
1.897819e+14	2.192441e-01	-1.960013e+00
1.897579e+14	2.193060e-01	-2.157602e+00
1.897338e+14	2.152513e-01	-2.355458e+00
1.897098e+14	2.074355e-01	-2.553855e+00
1.896858e+14	1.962916e-01	-2.753012e+00
1.896617e+14	1.823258e-01	-2.953090e+00
1.896377e+14	1.661082e-01	3.128989e+00
1.896137e+14	1.482598e-01	2.926787e+00
1.895897e+14	1.294312e-01	2.723436e+00
1.895657e+14	1.102772e-01	2.518851e+00
1.895417e+14	9.142784e-02	2.312863e+00
1.895177e+14	7.345823e-02	2.105113e+00
1.894937e+14	5.686268e-02	1.894891e+00
1.894697e+14	4.203376e-02	1.680786e+00
1.894457e+14	2.924899e-02	1.459841e+00
1.894217e+14	1.866614e-02	1.225029e+00
1.893978e+14	1.033062e-02	9.550916e-01
1.893738e+14	4.230706e-03	5.449609e-01
1.893499e+14	1.394620e-03	-1.118792e+00
1.893259e+14	3.200441e-03	-2.272797e+00
1.893020e+14	4.407135e-03	-2.636964e+00
1.892780e+14	4.776659e-03	-2.916038e+00
1.892541e+14	4.704915e-03	3.101861e+00
1.892302e+14	4.637355e-03	2.835910e+00
1.892063e+14	5.010118e-03	2.579939e+00
1.891824e+14	6.216330e-03	2.354272e+00
1.891585e+14	8.596838e-03	2.159283e+00
1.891346e+14	1.243587e-02	1.978380e+00
1.891107e+14	1.794071e-02	1.798945e+00
1.890868e+14	2.522363e-02	1.616389e+00
1.890629e+14	3.429371e-02	1.430115e+00
1.890390e+14	4.505489e-02	1.240726e+00
1.890152e+14	5.730862e-02	1.048991e+00
1.889913e+14	7.076109e-02	8.555780e-01
1.889674e+14	8.503547e-02	6.610192e-01
1.889436e+14	9.968863e-02	4.657303e-01
1.889197e+14	1.142316e-01	2.700366e-01
1.888959e+14	1.281520e-01	7.418856e-02
1.888721e+14	1.409369e-01	-1.216311e-01
1.888482e+14	1.520942e-01	-3.173040e-01
1.888244e+14	1.611703e-01	-5.127747e-01
1.888006e+14	1.677651e-01	-7.080480e-01
1.887768e+14	1.715419e-01	-9.031836e-01
1.887530e+14	1.722358e-01	-1.098287e+00
1.887292e+14	1.696588e-01	-1.293496e+00
1.887054e+14	1.637054e-01	-1.488970e+00
1.886816e+14	1.543576e-01	-1.684870e+00
1.886578e+14	1.416904e-01	-1.881346e+00
1.886341e+14	1.258776e-01	-2.078528e+00
1.886103e+14	1.071955e-01	-2.276525e+00
1.885865e+14	8.602344e-02	-2.475467e+00
1.885628e+14	6.283808e-02	-2.675644e+00
1.885390e+14	3.820131e-02	-2.878266e+00
1.885153e+14	1.274127e-02	-3.095271e+00
1.884916e+14	1.289297e-02	-1.008116e-01
1.884678e+14	3.800935e-02	-3.174044e-01
1.884441e+14	6.198010e-02	-5.198929e-01
1.884204e+14	8.421759e-02	-7.199350e-01
1.883967e+14	1.042152e-01	-9.187558e-01
1.883730e+14	1.215608e-01	-1.116679e+00
1.883493e+14	1.359446e-01	-1.313868e+00
1.883256e+14	1.471595e-01	-1.510465e+00
1.883019e+14	1.550975e-01	-1.706627e+00
1.882782e+14	1.597439e-01	-1.902529e+00
1.882545e+14	1.611697e-01	-2.098352e+00
1.882309e+14	1.595251e-01	-2.294276e+00
1.882072e+14	1.550323e-01	-2.490468e+00
1.881835e+14	1.479797e-01	-2.687076e+00
1.881599e+14	1.387137e-01	-2.884221e+00
1.881362e+14	1.276300e-01	-3.082006e+00
1.881126e+14	1.151618e-01	3.002667e+00
1.880890e+14	1.017657e-01	2.803336e+00
1.880653e+14	8.790488e-02	2.603063e+00
1.880417e+14	7.403129e-02	2.401652e+00
1.880181e+14	6.056715e-02	2.198764e+00
1.879945e+14	4.788805e-02	1.993786e+00
1.879709e+14	3.630850e-02	1.785573e+00
1.879473e+14	2.607126e-02	1.571823e+00
1.879237e+14	1.734126e-02	1.347302e+00
1.879001e+14	1.020647e-02	1.097232e+00
1.878765e+14	4.701237e-03	7.583895e-01
1.878529e+14	1.234351e-03	-3.770154e-01
1.878294e+14	2.518313e-03	-2.094118e+00
1.878058e+14	3.998330e-03	-2.494757e+00
1.877822e+14	4.675808e-03	-2.767390e+00
1.877587e+14	4.785739e-03	-3.014857e+00
1.877351e+14	4.633552e-03	3.023931e+00
1.877116e+14	4.538666e-03	2.777947e+00
1.876881e+14	4.810214e-03	2.538825e+00
1.876645e+14	5.727868e-03	2.320498e+00
1.876410e+14	7.533429e-03	2.125186e+00
1.876175e+14	1.042591e-02	1.942689e+00
1.875940e+14	1.454979e-02	1.763201e+00
1.875705e+14	1.998346e-02	1.582153e+00
1.875470e+14	2.673334e-02	1.398389e+00
1.875235e+14	3.473231e-02	1.212076e+00
1.875000e+14	4.384130e-02	1.023720e+00
("port 1","TE",1,"port 2",1,"modulation")
(1,1)
0.00178
(500,3)
2.000000e+14	7.506185e-03	-2.273149e+00
1.999733e+14	5.525788e-03	-2.482435e+00
1.999466e+14	4.661577e-03	-2.666402e+00
1.999199e+14	4.543940e-03	-2.836377e+00
1.998932e+14	4.742374e-03	-3.008040e+00
1.998665e+14	4.795280e-03	3.103668e+00
1.998398e+14	4.250471e-03	2.956295e+00
1.998131e+14	2.742963e-03	2.941764e+00
1.997865e+14	1.440411e-03	-1.997093e+00
1.997598e+14	5.605643e-03	-1.332592e+00
1.997332e+14	1.227309e-02	-1.418693e+00
1.997065e+14	2.101753e-02	-1.590093e+00
1.996799e+14	3.175448e-02	-1.786259e+00
1.996532e+14	4.429628e-02	-1.992861e+00
1.996266e+14	5.833056e-02	-2.204749e+00
1.996000e+14	7.342700e-02	-2.419579e+00
1.995734e+14	8.905526e-02	-2.636097e+00
1.995468e+14	1.046109e-01	-2.853542e+00
1.995202e+14	1.194462e-01	-3.071425e+00
1.994936e+14	1.329040e-01	2.993765e+00
1.994670e+14	1.443487e-01	2.775853e+00
1.994404e+14	1.531951e-01	2.558119e+00
1.994139e+14	1.589309e-01	2.340564e+00
1.993873e+14	1.611338e-01	2.123114e+00
1.993608e+14	1.594855e-01	1.905637e+00
1.993342e+14	1.537825e-01	1.687972e+00
1.993077e+14	1.439476e-01	1.469959e+00
1.992812e+14	1.300411e-01	1.251481e+00
1.992546e+14	1.122728e-01	1.032513e+00
1.992281e+14	9.100992e-02	8.132146e-01
1.992016e+14	6.677976e-02	5.941808e-01
1.991751e+14	4.026023e-02	3.776597e-01
1.991486e+14	1.226120e-02	1.857609e-01
1.991221e+14	1.636056e-02	3.028741e+00
1.990956e+14	4.462140e-02	2.827176e+00
1.990691e+14	7.164073e-02	2.609832e+00
1.990427e+14	9.657563e-02	2.390503e+00
1.990162e+14	1.187010e-01	2.171023e+00
1.989898e+14	1.374352e-01	1.951911e+00
1.989633e+14	1.523542e-01	1.733302e+00
1.989369e+14	1.631925e-01	1.515144e+00
1.989104e+14	1.698375e-01	1.297279e+00
1.988840e+14	1.723194e-01	1.079494e+00
1.988576e+14	1.708012e-01	8.615509e-01
1.988312e+14	1.655689e-01	6.432224e-01
1.988048e+14	1.570221e-01	4.243102e-01
1.987784e+14	1.456631e-01	2.046593e-01
1.987520e+14	1.320813e-01	-1.584006e-02
1.987256e+14	1.169319e-01	-2.372620e-01
1.986992e+14	1.009073e-01	-4.596665e-01
1.986729e+14	8.470339e-02	-6.831310e-01
1.986465e+14	6.898150e-02	-9.077919e-01
1.986201e+14	5.433211e-02	-1.133891e+00
1.985938e+14	4.124190e-02	-1.361820e+00
1.985674e+14	3.006811e-02	-1.592110e+00
1.985411e+14	2.102171e-02	-1.825238e+00
1.985148e+14	1.415944e-02	-2.060744e+00
1.984885e+14	9.384652e-03	-2.294502e+00
1.984622e+14	6.457867e-03	-2.513806e+00
1.984358e+14	5.020622e-03	-2.700556e+00
1.984095e+14	4.623095e-03	-2.857131e+00
1.983832e+14	4.735284e-03	-3.007969e+00
1.983570e+14	4.772987e-03	3.124326e+00
1.983307e+14	4.156082e-03	3.005192e+00
1.983044e+14	2.455562e-03	3.102896e+00
1.982781e+14	2.284795e-03	-1.583790e+00
1.982519e+14	7.785559e-03	-1.274624e+00
1.982256e+14	1.610873e-02	-1.383590e+00
1.981994e+14	2.712594e-02	-1.557530e+00
1.981732e+14	4.079544e-02	-1.752781e+00
1.981469e+14	5.692562e-02	-1.957575e+00
1.981207e+14	7.515559e-02	-2.167368e+00
1.980945e+14	9.496215e-02	-2.379969e+00
1.980683e+14	1.156818e-01	-2.594129e+00
1.980421e+14	1.365451e-01	-2.809037e+00
1.980159e+14	1.567194e-01	-3.024130e+00
1.979897e+14	1.753549e-01	3.044167e+00
1.979635e+14	1.916284e-01	2.829732e+00
1.979373e+14	2.047780e-01	2.615859e+00
1.979112e+14	2.141287e-01	2.402523e+00
1.978850e+14	2.191073e-01	2.189578e+00
1.978588e+14	2.192502e-01	1.976779e+00
1.978327e+14	2.142100e-01	1.763808e+00
1.978066e+14	2.037648e-01	1.550318e+00
1.977804e+14	1.878344e-01	1.335984e+00
1.977543e+14	1.665050e-01	1.120560e+00
1.977282e+14	1.400596e-01	9.039549e-01
1.977021e+14	1.090073e-01	6.863536e-01
1.976760e+14	7.410105e-02	4.685898e-01
1.976499e+14	3.633188e-02	2.547425e-01
1.976238e+14	3.159552e-03	2.998522e+00
1.975977e+14	4.292765e-02	2.927124e+00
1.975716e+14	8.174720e-02	2.711552e+00
1.975455e+14	1.183080e-01	2.493215e+00
1.975195e+14	1.514937e-01	2.275206e+00
1.974934e+14	1.804051e-01	2.058299e+00
1.974674e+14	2.043821e-01	1.842703e+00
1.974413e+14	2.229982e-01	1.628343e+00
1.974153e+14	2.360360e-01	1.414957e+00
1.973892e+14	2.434571e-01	1.202167e+00
1.973632e+14	2.453755e-01	9.895336e-01
1.973372e+14	2.420402e-01	7.766080e-01
1.973112e+14	2.338274e-01	5.629793e-01
1.972852e+14	2.212390e-01	3.483077e-01
1.972592e+14	2.049037e-01	1.323458e-01
1.972332e+14	1.855710e-01	-8.505581e-02
1.972072e+14	1.640954e-01	-3.039622e-01
1.971812e+14	1.414048e-01	-5.243870e-01
1.971553e+14	1.184545e-01	-7.463453e-01
1.971293e+14	9.617086e-02	-9.699232e-01
1.971034e+14	7.539248e-02	-1.195366e+00
1.970774e+14	5.681650e-02	-1.423177e+00
1.970515e+14	4.095676e-02	-1.654217e+00
1.970255e+14	2.811683e-02	-1.889684e+00
1.969996e+14	1.837787e-02	-2.130493e+00
1.969737e+14	1.159911e-02	-2.374303e+00
1.969478e+14	7.430393e-03	-2.606764e+00
1.969219e+14	5.347478e-03	-2.795370e+00
1.968960e+14	4.708812e-03	-2.928089e+00
1.968701e+14	4.765133e-03	-3.043403e+00
1.968442e+14	4.672864e-03	3.130044e+00
1.968183e+14	3.620558e-03	3.108995e+00
1.967924e+14	1.834785e-03	-2.316067e+00
1.967666e+14	6.071973e-03	-1.233641e+00
1.967407e+14	1.503407e-02	-1.247946e+00
1.967148e+14	2.791031e-02	-1.396556e+00
1.966890e+14	4.486034e-02	-1.581032e+00
1.966632e+14	6.586645e-02	-1.780224e+00
1.966373e+14	9.064869e-02	-1.986854e+00
1.966115e+14	1.186473e-01	-2.197616e+00
1.965857e+14	1.490359e-01	-2.410641e+00
1.965599e+14	1.807645e-01	-2.624662e+00
1.965341e+14	2.126297e-01	-2.838714e+00
1.965083e+14	2.433625e-01	-3.052034e+00
1.964825e+14	2.717170e-01	3.019129e+00
1.964567e+14	2.965421e-01	2.808756e+00
1.964309e+14	3.168251e-01	2.600140e+00
1.964051e+14	3.317026e-01	2.393141e+00
1.963794e+14	3.404441e-01	2.187376e+00
1.963536e+14	3.424207e-01	1.982248e+00
1.963279e+14	3.370736e-01	1.776994e+00
1.963021e+14	3.238965e-01	1.570744e+00
1.962764e+14	3.024472e-01	1.362602e+00
1.962507e+14	2.723990e-01	1.151749e+00
1.962249e+14	2.336397e-01	9.375659e-01
1.961992e+14	1.864133e-01	7.198039e-01
1.961735e+14	1.314788e-01	4.988565e-01
1.961478e+14	7.023292e-02	2.768667e-01
1.961221e+14	4.750694e-03	1.457639e-01
1.960964e+14	6.247362e-02	2.948198e+00
1.960707e+14	1.285733e-01	2.725045e+00
1.960450e+14	1.909383e-01	2.501498e+00
1.960194e+14	2.473967e-01	2.280833e+00
1.959937e+14	2.964178e-01	2.064111e+00
1.959681e+14	3.371174e-01	1.851584e+00
1.959424e+14	3.691426e-01	1.642954e+00
1.959168e+14	3.925059e-01	1.437518e+00
1.958911e+14	4.074282e-01	1.234309e+00
1.958655e+14	4.142237e-01	1.032219e+00
1.958399e+14	4.132357e-01	8.300989e-01
1.958143e+14	4.048222e-01	6.268496e-01
1.957886e+14	3.893819e-01	4.214947e-01
1.957630e+14	3.674114e-01	2.132474e-01
1.957374e+14	3.395776e-01	1.562385e-03
1.957119e+14	3.067876e-01	-2.138351e-01
1.956863e+14	2.702300e-01	-4.329557e-01
1.956607e+14	2.313659e-01	-6.556023e-01
1.956351e+14	1.918543e-01	-8.814854e-01
1.956096e+14	1.534199e-01	-1.110395e+00
1.955840e+14	1.176883e-01	-1.342431e+00
1.955585e+14	8.602759e-02	-1.578290e+00
1.955329e+14	5.942768e-02	-1.819640e+00
1.955074e+14	3.843074e-02	-2.069553e+00
1.954818e+14	2.310859e-02	-2.332293e+00
1.954563e+14	1.306745e-02	-2.608017e+00
1.954308e+14	7.467418e-03	-2.866323e+00
1.954053e+14	5.128695e-03	-3.015712e+00
1.953798e+14	4.739980e-03	-3.046959e+00
1.953543e+14	4.723568e-03	-3.054917e+00
1.953288e+14	3.486505e-03	-2.853761e+00
1.953033e+14	4.186757e-03	-1.466311e+00
1.952779e+14	1.430383e-02	-1.126003e+00
1.952524e+14	3.225676e-02	-1.216672e+00
1.952269e+14	5.894708e-02	-1.388624e+00
1.952015e+14	9.524681e-02	-1.589936e+00
1.951760e+14	1.413896e-01	-1.806012e+00
1.951506e+14	1.967054e-01	-2.030802e+00
1.951251e+14	2.594587e-01	-2.260647e+00
1.950997e+14	3.268901e-01	-2.492437e+00
1.950743e+14	3.955470e-01	-2.723110e+00
1.950489e+14	4.618615e-01	-2.949712e+00
1.950234e+14	5.227708e-01	3.113459e+00
1.949980e+14	5.761336e-01	2.901801e+00
1.949726e+14	6.208141e-01	2.699345e+00
1.949473e+14	6.564832e-01	2.506024e+00
1.949219e+14	6.832844e-01	2.320982e+00
1.948965e+14	7.014880e-01	2.142720e+00
1.948711e+14	7.111899e-01	1.969194e+00
1.948458e+14	7.120402e-01	1.797819e+00
1.948204e+14	7.029433e-01	1.625361e+00
1.947951e+14	6.816426e-01	1.447678e+00
1.947697e+14	6.440709e-01	1.259302e+00
1.947444e+14	5.833759e-01	1.052890e+00
1.947190e+14	4.888282e-01	8.188611e-01
1.946937e+14	3.461942e-01	5.464689e-01
1.946684e+14	1.446197e-01	2.300914e-01
1.946431e+14	1.047509e-01	3.008277e+00
1.946178e+14	3.564758e-01	2.650953e+00
1.945925e+14	5.609839e-01	2.322713e+00
1.945672e+14	7.028427e-01	2.044282e+00
1.945419e+14	7.940676e-01	1.813821e+00
1.945166e+14	8.517876e-01	1.621340e+00
1.944914e+14	8.888054e-01	1.456794e+00
1.944661e+14	9.131185e-01	1.312368e+00
1.944408e+14	9.294733e-01	1.182424e+00
1.944156e+14	9.406789e-01	1.062938e+00
1.943903e+14	9.484220e-01	9.509891e-01
1.943651e+14	9.537322e-01	8.443884e-01
1.943399e+14	9.572432e-01	7.414210e-01
1.943146e+14	9.593389e-01	6.406726e-01
1.942894e+14	9.602349e-01	5.409041e-01
1.942642e+14	9.600216e-01	4.409567e-01
1.942390e+14	9.586820e-01	3.396710e-01
1.942138e+14	9.560898e-01	2.358105e-01
1.941886e+14	9.519889e-01	1.279782e-01
1.941634e+14	9.459478e-01	1.451744e-02
1.941382e+14	9.372798e-01	-1.066134e-01
1.941131e+14	9.249109e-01	-2.380046e-01
1.940879e+14	9.071677e-01	-3.830021e-01
1.940627e+14	8.814611e-01	-5.459493e-01
1.940376e+14	8.438771e-01	-7.323934e-01
1.940124e+14	7.888678e-01	-9.490623e-01
1.939873e+14	7.097287e-01	-1.203220e+00
1.939622e+14	6.013300e-01	-1.501111e+00
1.939370e+14	4.661658e-01	-1.846955e+00
1.939119e+14	3.201671e-01	-2.249327e+00
1.938868e+14	1.902828e-01	-2.750646e+00
1.938617e+14	1.054525e-01	2.802925e+00
1.938366e+14	8.005787e-02	1.935232e+00
1.938115e+14	7.924958e-02	1.543930e+00
1.937864e+14	9.107364e-02	1.727319e+00
1.937613e+14	1.554909e-01	1.949899e+00
1.937362e+14	2.730952e-01	1.882500e+00
1.937112e+14	4.165262e-01	1.674645e+00
1.936861e+14	5.573852e-01	1.423897e+00
1.936611e+14	6.753965e-01	1.174865e+00
1.936360e+14	7.639657e-01	9.469301e-01
1.936110e+14	8.263974e-01	7.452802e-01
1.935859e+14	8.692619e-01	5.682008e-01
1.935609e+14	8.985790e-01	4.116384e-01
1.935359e+14	9.187753e-01	2.713613e-01
1.935109e+14	9.328317e-01	1.437057e-01
1.934858e+14	9.426885e-01	2.570240e-02
1.934608e+14	9.495956e-01	-8.501147e-02
1.934358e+14	9.543551e-01	-1.903269e-01
1.934109e+14	9.574770e-01	-2.917897e-01
1.933859e+14	9.592742e-01	-3.907060e-01
1.933609e+14	9.599179e-01	-4.882288e-01
1.933359e+14	9.594673e-01	-5.854308e-01
1.933110e+14	9.578783e-01	-6.833723e-01
1.932860e+14	9.549949e-01	-7.831704e-01
1.932610e+14	9.505192e-01	-8.860782e-01
1.932361e+14	9.439522e-01	-9.935872e-01
1.932112e+14	9.344860e-01	-1.107567e+00
1.931862e+14	9.208129e-01	-1.230465e+00
1.931613e+14	9.007889e-01	-1.365602e+00
1.931364e+14	8.708423e-01	-1.517587e+00
1.931115e+14	8.249824e-01	-1.692837e+00
1.930865e+14	7.533846e-01	-1.899964e+00
1.930616e+14	6.414491e-01	-2.149044e+00
1.930368e+14	4.733205e-01	-2.447329e+00
1.930119e+14	2.470707e-01	-2.789297e+00
1.929870e+14	5.921983e-03	6.288469e-02
1.929621e+14	2.344354e-01	-3.378909e-01
1.929372e+14	4.084588e-01	-6.333757e-01
1.929124e+14	5.285287e-01	-8.860804e-01
1.928875e+14	6.076551e-01	-1.105433e+00
1.928627e+14	6.583628e-01	-1.301683e+00
1.928378e+14	6.894253e-01	-1.483217e+00
1.928130e+14	7.063318e-01	-1.656363e+00
1.927882e+14	7.123153e-01	-1.825868e+00
1.927633e+14	7.091457e-01	-1.995385e+00
1.927385e+14	6.976465e-01	-2.167810e+00
1.927137e+14	6.780340e-01	-2.345488e+00
1.926889e+14	6.501740e-01	-2.530288e+00
1.926641e+14	6.138277e-01	-2.723591e+00
1.926393e+14	5.689280e-01	-2.926203e+00
1.926145e+14	5.158881e-01	-3.138243e+00
1.925897e+14	4.558854e-01	2.924112e+00
1.925650e+14	3.910089e-01	2.695829e+00
1.925402e+14	3.241505e-01	2.461893e+00
1.925154e+14	2.586169e-01	2.224140e+00
1.924907e+14	1.975788e-01	1.983933e+00
1.924659e+14	1.435706e-01	1.741594e+00
1.924412e+14	9.820502e-02	1.495726e+00
1.924165e+14	6.213608e-02	1.241799e+00
1.923917e+14	3.519649e-02	9.677475e-01
1.923670e+14	1.662236e-02	6.343401e-01
1.923423e+14	5.461343e-03	2.259941e-02
1.923176e+14	3.001478e-03	-1.797984e+00
1.922929e+14	4.541305e-03	-2.605589e+00
1.922682e+14	4.764851e-03	-3.047918e+00
1.922435e+14	4.883089e-03	2.820821e+00
1.922188e+14	6.397608e-03	2.492352e+00
1.921941e+14	1.053407e-02	2.293239e+00
1.921694e+14	1.842012e-02	2.135911e+00
1.921448e+14	3.095766e-02	1.969807e+00
1.921201e+14	4.867181e-02	1.788725e+00
1.920955e+14	7.168524e-02	1.596522e+00
1.920708e+14	9.971219e-02	1.397058e+00
1.920462e+14	1.320659e-01	1.193064e+00
1.920215e+14	1.676962e-01	9.864917e-01
1.919969e+14	2.052675e-01	7.788508e-01
1.919723e+14	2.432754e-01	5.713791e-01
1.919477e+14	2.801844e-01	3.650907e-01
1.919231e+14	3.145590e-01	1.607594e-01
1.918985e+14	3.451600e-01	-4.111748e-02
1.918739e+14	3.709914e-01	-2.403436e-01
1.918493e+14	3.912966e-01	-4.370244e-01
1.918247e+14	4.055176e-01	-6.315429e-01
1.918001e+14	4.132356e-01	-8.245169e-01
1.917756e+14	4.141117e-01	-1.016745e+00
1.917510e+14	4.078415e-01	-1.209145e+00
1.917264e+14	3.941333e-01	-1.402691e+00
1.917019e+14	3.727189e-01	-1.598340e+00
1.916773e+14	3.434019e-01	-1.796950e+00
1.916528e+14	3.061449e-01	-1.999195e+00
1.916283e+14	2.611906e-01	-2.205471e+00
1.916037e+14	2.091952e-01	-2.415830e+00
1.915792e+14	1.513344e-01	-2.630007e+00
1.915547e+14	8.932969e-02	-2.847839e+00
1.915302e+14	2.535642e-02	-3.076083e+00
1.915057e+14	3.818581e-02	-1.269319e-01
1.914812e+14	9.892997e-02	-3.492075e-01
1.914567e+14	1.548544e-01	-5.643111e-01
1.914322e+14	2.044324e-01	-7.754667e-01
1.914077e+14	2.466906e-01	-9.828938e-01
1.913833e+14	2.811526e-01	-1.186840e+00
1.913588e+14	3.077243e-01	-1.387783e+00
1.913344e+14	3.265692e-01	-1.586395e+00
1.913099e+14	3.380037e-01	-1.783461e+00
1.912855e+14	3.424274e-01	-1.979803e+00
1.912610e+14	3.402875e-01	-2.176213e+00
1.912366e+14	3.320722e-01	-2.373397e+00
1.912122e+14	3.183255e-01	-2.571937e+00
1.911877e+14	2.996702e-01	-2.772262e+00
1.911633e+14	2.768329e-01	-2.974636e+00
1.911389e+14	2.506571e-01	3.104024e+00
1.911145e+14	2.220989e-01	2.897376e+00
1.910901e+14	1.921989e-01	2.688719e+00
1.910657e+14	1.620328e-01	2.478178e+00
1.910413e+14	1.326464e-01	2.265787e+00
1.910170e+14	1.049883e-01	2.051355e+00
1.909926e+14	7.985038e-02	1.834254e+00
1.909682e+14	5.782518e-02	1.613020e+00
1.909439e+14	3.928517e-02	1.384408e+00
1.909195e+14	2.438219e-02	1.140596e+00
1.908952e+14	1.306963e-02	8.579994e-01
1.908708e+14	5.192927e-03	4.222025e-01
1.908465e+14	1.782034e-03	-1.202035e+00
1.908222e+14	3.590031e-03	-2.345193e+00
1.907979e+14	4.619765e-03	-2.737173e+00
1.907735e+14	4.765778e-03	-3.048067e+00
1.907492e+14	4.700030e-03	2.931011e+00
1.907249e+14	5.124721e-03	2.640395e+00
1.907006e+14	6.669857e-03	2.399676e+00
1.906763e+14	9.882136e-03	2.207200e+00
1.906521e+14	1.523149e-02	2.031789e+00
1.906278e+14	2.306683e-02	1.854851e+00
1.906035e+14	3.358098e-02	1.671845e+00
1.905792e+14	4.679813e-02	1.483252e+00
1.905550e+14	6.257086e-02	1.290474e+00
1.905307e+14	8.058441e-02	1.094768e+00
1.905065e+14	1.003698e-01	8.971138e-01
1.904822e+14	1.213269e-01	6.982644e-01
1.904580e+14	1.427572e-01	4.988131e-01
1.904338e+14	1.639028e-01	2.992311e-01
1.904096e+14	1.839893e-01	9.988270e-02
1.903853e+14	2.022647e-01	-9.897408e-02
1.903611e+14	2.180327e-01	-2.971916e-01
1.903369e+14	2.306753e-01	-4.947355e-01
1.903127e+14	2.396658e-01	-6.916811e-01
1.902885e+14	2.445730e-01	-8.882032e-01
1.902644e+14	2.450619e-01	-1.084558e+00
1.902402e+14	2.408921e-01	-1.281057e+00
1.902160e+14	2.319207e-01	-1.478038e+00
1.901918e+14	2.181098e-01	-1.675834e+00
1.901677e+14	1.995413e-01	-1.874737e+00
1.901435e+14	1.764357e-01	-2.074972e+00
1.901194e+14	1.491718e-01	-2.276684e+00
1.900952e+14	1.183016e-01	-2.479955e+00
1.900711e+14	8.455145e-02	-2.684946e+00
1.900470e+14	4.880508e-02	-2.892686e+00
1.900228e+14	1.206733e-02	-3.120222e+00
1.899987e+14	2.461549e-02	-1.393259e-01
1.899746e+14	6.016848e-02	-3.527119e-01
1.899505e+14	9.362487e-02	-5.588482e-01
1.899264e+14	1.241370e-01	-7.627688e-01
1.899023e+14	1.510238e-01	-9.650836e-01
1.898782e+14	1.737833e-01	-1.165992e+00
1.898542e+14	1.920882e-01	-1.365677e+00
1.898301e+14	2.057690e-01	-1.564377e+00
1.898060e+14	2.147931e-01	-1.762381e+00
1.897819e+14	2.192441e-01	-1.960013e+00
1.897579e+14	2.193060e-01	-2.157602e+00
1.897338e+14	2.152513e-01	-2.355458e+00
1.897098e+14	2.074355e-01	-2.553855e+00
1.896858e+14	1.962916e-01	-2.753012e+00
1.896617e+14	1.823258e-01	-2.953090e+00
1.896377e+14	1.661082e-01	3.128989e+00
1.896137e+14	1.482598e-01	2.926787e+00
1.895897e+14	1.294312e-01	2.723436e+00
1.895657e+14	1.102772e-01	2.518851e+00
1.895417e+14	9.142784e-02	2.312863e+00
1.895177e+14	7.345823e-02	2.105113e+00
1.894937e+14	5.686268e-02	1.894891e+00
1.894697e+14	4.203376e-02	1.680786e+00
1.894457e+14	2.924899e-02	1.459841e+00
1.894217e+14	1.866614e-02	1.225029e+00
1.893978e+14	1.033062e-02	9.550916e-01
1.893738e+14	4.230706e-03	5.449609e-01
1.893499e+14	1.394620e-03	-1.118792e+00
1.893259e+14	3.200441e-03	-2.272797e+00
1.893020e+14	4.407135e-03	-2.636964e+00
1.892780e+14	4.776659e-03	-2.916038e+00
1.892541e+14	4.704915e-03	3.101861e+00
1.892302e+14	4.637355e-03	2.835910e+00
1.892063e+14	5.010118e-03	2.579939e+00
1.891824e+14	6.216330e-03	2.354272e+00
1.891585e+14	8.596838e-03	2.159283e+00
1.891346e+14	1.243587e-02	1.978380e+00
1.891107e+14	1.794071e-02	1.798945e+00
1.890868e+14	2.522363e-02	1.616389e+00
1.890629e+14	3.429371e-02	1.430115e+00
1.890390e+14	4.505489e-02	1.240726e+00
1.890152e+14	5.730862e-02	1.048991e+00
1.889913e+14	7.076109e-02	8.555780e-01
1.889674e+14	8.503547e-02	6.610192e-01
1.889436e+14	9.968863e-02	4.657303e-01
1.889197e+14	1.142316e-01	2.700366e-01
1.888959e+14	1.281520e-01	7.418856e-02
1.888721e+14	1.409369e-01	-1.216311e-01
1.888482e+14	1.520942e-01	-3.173040e-01
1.888244e+14	1.611703e-01	-5.127747e-01
1.888006e+14	1.677651e-01	-7.080480e-01
1.887768e+14	1.715419e-01	-9.031836e-01
1.887530e+14	1.722358e-01	-1.098287e+00
1.887292e+14	1.696588e-01	-1.293496e+00
1.887054e+14	1.637054e-01	-1.488970e+00
1.886816e+14	1.543576e-01	-1.684870e+00
1.886578e+14	1.416904e-01	-1.881346e+00
1.886341e+14	1.258776e-01	-2.078528e+00
1.886103e+14	1.071955e-01	-2.276525e+00
1.885865e+14	8.602344e-02	-2.475467e+00
1.885628e+14	6.283808e-02	-2.675644e+00
1.885390e+14	3.820131e-02	-2.878266e+00
1.885153e+14	1.274127e-02	-3.095271e+00
1.884916e+14	1.289297e-02	-1.008116e-01
1.884678e+14	3.800935e-02	-3.174044e-01
1.884441e+14	6.198010e-02	-5.198929e-01
1.884204e+14	8.421759e-02	-7.199350e-01
1.883967e+14	1.042152e-01	-9.187558e-01
1.883730e+14	1.215608e-01	-1.116679e+00
1.883493e+14	1.359446e-01	-1.313868e+00
1.883256e+14	1.471595e-01	-1.510465e+00
1.883019e+14	1.550975e-01	-1.706627e+00
1.882782e+14	1.597439e-01	-1.902529e+00
1.882545e+14	1.611697e-01	-2.098352e+00
1.882309e+14	1.595251e-01	-2.294276e+00
1.882072e+14	1.550323e-01	-2.490468e+00
1.881835e+14	1.479797e-01	-2.687076e+00
1.881599e+14	1.387137e-01	-2.884221e+00
1.881362e+14	1.276300e-01	-3.082006e+00
1.881126e+14	1.151618e-01	3.002667e+00
1.880890e+14	1.017657e-01	2.803336e+00
1.880653e+14	8.790488e-02	2.603063e+00
1.880417e+14	7.403129e-02	2.401652e+00
1.880181e+14	6.056715e-02	2.198764e+00
1.879945e+14	4.788805e-02	1.993786e+00
1.879709e+14	3.630850e-02	1.785573e+00
1.879473e+14	2.607126e-02	1.571823e+00
1.879237e+14	1.734126e-02	1.347302e+00
1.879001e+14	1.020647e-02	1.097232e+00
1.878765e+14	4.701237e-03	7.583895e-01
1.878529e+14	1.234351e-03	-3.770154e-01
1.878294e+14	2.518313e-03	-2.094118e+00
1.878058e+14	3.998330e-03	-2.494757e+00
1.877822e+14	4.675808e-03	-2.767390e+00
1.877587e+14	4.785739e-03	-3.014857e+00
1.877351e+14	4.633552e-03	3.023931e+00
1.877116e+14	4.538666e-03	2.777947e+00
1.876881e+14	4.810214e-03	2.538825e+00
1.876645e+14	5.727868e-03	2.320498e+00
1.876410e+14	7.533429e-03	2.125186e+00
1.876175e+14	1.042591e-02	1.942689e+00
1.875940e+14	1.454979e-02	1.763201e+00
1.875705e+14	1.998346e-02	1.582153e+00
1.875470e+14	2.673334e-02	1.398389e+00
1.875235e+14	3.473231e-02	1.212076e+00
1.875000e+14	4.384130e-02	1.023720e+00
("port 2","TE",1,"port 1",1,"modulation")
(1,1)
0.00178
(500,3)
2.000000e+14	9.999718e-01	9.258957e-01
1.999733e+14	9.999847e-01	7.035035e-01
1.999466e+14	9.999891e-01	4.811909e-01
1.999199e+14	9.999897e-01	2.589469e-01
1.998932e+14	9.999888e-01	3.676266e-02
1.998665e+14	9.999885e-01	-1.853701e-01
1.998398e+14	9.999910e-01	-4.074616e-01
1.998131e+14	9.999962e-01	-6.295259e-01
1.997865e+14	9.999990e-01	-8.515814e-01
1.997598e+14	9.999843e-01	-1.073649e+00
1.997332e+14	9.999247e-01	-1.295748e+00
1.997065e+14	9.997791e-01	-1.517888e+00
1.996799e+14	9.994957e-01	-1.740062e+00
1.996532e+14	9.990184e-01	-1.962243e+00
1.996266e+14	9.982973e-01	-2.184373e+00
1.996000e+14	9.973006e-01	-2.406372e+00
1.995734e+14	9.960267e-01	-2.628138e+00
1.995468e+14	9.945132e-01	-2.849564e+00
1.995202e+14	9.928407e-01	-3.070551e+00
1.994936e+14	9.911289e-01	2.992159e+00
1.994670e+14	9.895269e-01	2.772225e+00
1.994404e+14	9.881960e-01	2.552809e+00
1.994139e+14	9.872897e-01	2.333825e+00
1.993873e+14	9.869326e-01	2.115135e+00
1.993608e+14	9.872003e-01	1.896552e+00
1.993342e+14	9.881047e-01	1.677865e+00
1.993077e+14	9.895853e-01	1.458862e+00
1.992812e+14	9.915086e-01	1.239353e+00
1.992546e+14	9.936774e-01	1.019204e+00
1.992281e+14	9.958500e-01	7.983530e-01
1.992016e+14	9.977677e-01	5.768273e-01
1.991751e+14	9.991892e-01	3.547460e-01
1.991486e+14	9.999248e-01	1.323091e-01
1.991221e+14	9.998662e-01	-9.022613e-02
1.990956e+14	9.990040e-01	-3.125790e-01
1.990691e+14	9.974305e-01	-5.344828e-01
1.990427e+14	9.953256e-01	-7.557209e-01
1.990162e+14	9.929300e-01	-9.761539e-01
1.989898e+14	9.905108e-01	-1.195735e+00
1.989633e+14	9.883260e-01	-1.414511e+00
1.989369e+14	9.865943e-01	-1.632610e+00
1.989104e+14	9.854721e-01	-1.850222e+00
1.988840e+14	9.850411e-01	-2.067573e+00
1.988576e+14	9.853055e-01	-2.284893e+00
1.988312e+14	9.861982e-01	-2.502391e+00
1.988048e+14	9.875951e-01	-2.720232e+00
1.987784e+14	9.893343e-01	-2.938524e+00
1.987520e+14	9.912389e-01	3.125874e+00
1.987256e+14	9.931399e-01	2.906611e+00
1.986992e+14	9.948958e-01	2.686942e+00
1.986729e+14	9.964062e-01	2.466971e+00
1.986465e+14	9.976179e-01	2.246815e+00
1.986201e+14	9.985229e-01	2.026588e+00
1.985938e+14	9.991492e-01	1.806386e+00
1.985674e+14	9.995479e-01	1.586275e+00
1.985411e+14	9.997790e-01	1.366292e+00
1.985148e+14	9.998998e-01	1.146448e+00
1.984885e+14	9.999560e-01	9.267355e-01
1.984622e+14	9.999791e-01	7.071349e-01
1.984358e+14	9.999874e-01	4.876248e-01
1.984095e+14	9.999893e-01	2.681855e-01
1.983832e+14	9.999888e-01	4.880077e-02
1.983570e+14	9.999886e-01	-1.705443e-01
1.983307e+14	9.999914e-01	-3.898668e-01
1.983044e+14	9.999970e-01	-6.091899e-01
1.982781e+14	9.999974e-01	-8.285437e-01
1.982519e+14	9.999697e-01	-1.047964e+00
1.982256e+14	9.998702e-01	-1.267484e+00
1.981994e+14	9.996320e-01	-1.487127e+00
1.981732e+14	9.991675e-01	-1.706888e+00
1.981469e+14	9.983784e-01	-1.926727e+00
1.981207e+14	9.971718e-01	-2.146558e+00
1.980945e+14	9.954809e-01	-2.366249e+00
1.980683e+14	9.932863e-01	-2.585628e+00
1.980421e+14	9.906339e-01	-2.804504e+00
1.980159e+14	9.876432e-01	-3.022695e+00
1.979897e+14	9.845053e-01	3.043134e+00
1.979635e+14	9.814676e-01	2.826695e+00
1.979373e+14	9.788084e-01	2.611166e+00
1.979112e+14	9.768055e-01	2.396441e+00
1.978850e+14	9.757008e-01	2.182311e+00
1.978588e+14	9.756687e-01	1.968482e+00
1.978327e+14	9.767876e-01	1.754592e+00
1.978066e+14	9.790199e-01	1.540256e+00
1.977804e+14	9.822007e-01	1.325103e+00
1.977543e+14	9.860406e-01	1.108825e+00
1.977282e+14	9.901431e-01	8.912226e-01
1.977021e+14	9.940409e-01	6.722425e-01
1.976760e+14	9.972507e-01	4.520030e-01
1.976499e+14	9.993398e-01	2.307923e-01
1.976238e+14	9.999950e-01	9.042432e-03
1.975977e+14	9.990782e-01	-2.127244e-01
1.975716e+14	9.966531e-01	-4.339665e-01
1.975455e+14	9.929769e-01	-6.541984e-01
1.975195e+14	9.884582e-01	-8.730564e-01
1.974934e+14	9.835924e-01	-1.090342e+00
1.974674e+14	9.788912e-01	-1.306037e+00
1.974413e+14	9.748189e-01	-1.520296e+00
1.974153e+14	9.717443e-01	-1.733409e+00
1.973892e+14	9.699117e-01	-1.945764e+00
1.973632e+14	9.694281e-01	-2.157797e+00
1.973372e+14	9.702662e-01	-2.369939e+00
1.973112e+14	9.722781e-01	-2.582572e+00
1.972852e+14	9.752196e-01	-2.795996e+00
1.972592e+14	9.787821e-01	-3.010401e+00
1.972332e+14	9.826309e-01	3.057327e+00
1.972072e+14	9.864445e-01	2.840865e+00
1.971812e+14	9.899519e-01	2.623538e+00
1.971553e+14	9.929595e-01	2.405552e+00
1.971293e+14	9.953648e-01	2.187143e+00
1.971034e+14	9.971539e-01	1.968536e+00
1.970774e+14	9.983846e-01	1.749918e+00
1.970515e+14	9.991609e-01	1.531419e+00
1.970255e+14	9.996046e-01	1.313113e+00
1.969996e+14	9.998311e-01	1.095015e+00
1.969737e+14	9.999327e-01	8.771064e-01
1.969478e+14	9.999724e-01	6.593451e-01
1.969219e+14	9.999857e-01	4.416841e-01
1.968960e+14	9.999889e-01	2.240803e-01
1.968701e+14	9.999886e-01	6.496980e-03
1.968442e+14	9.999891e-01	-2.111005e-01
1.968183e+14	9.999934e-01	-4.287524e-01
1.967924e+14	9.999983e-01	-6.465125e-01
1.967666e+14	9.999816e-01	-8.644510e-01
1.967407e+14	9.998870e-01	-1.082650e+00
1.967148e+14	9.996104e-01	-1.301188e+00
1.966890e+14	9.989933e-01	-1.520116e+00
1.966632e+14	9.978284e-01	-1.739428e+00
1.966373e+14	9.958829e-01	-1.959029e+00
1.966115e+14	9.929365e-01	-2.178716e+00
1.965857e+14	9.888318e-01	-2.398176e+00
1.965599e+14	9.835264e-01	-2.617005e+00
1.965341e+14	9.771329e-01	-2.834748e+00
1.965083e+14	9.699354e-01	-3.050966e+00
1.964825e+14	9.623772e-01	3.017880e+00
1.964567e+14	9.550198e-01	2.805623e+00
1.964309e+14	9.484840e-01	2.595456e+00
1.964051e+14	9.433840e-01	2.387163e+00
1.963794e+14	9.402648e-01	2.180305e+00
1.963536e+14	9.395467e-01	1.974244e+00
1.963279e+14	9.414783e-01	1.768179e+00
1.963021e+14	9.460925e-01	1.561209e+00
1.962764e+14	9.531661e-01	1.352409e+00
1.962507e+14	9.621844e-01	1.140919e+00
1.962249e+14	9.723233e-01	9.260610e-01
1.961992e+14	9.824714e-01	7.074639e-01
1.961735e+14	9.913190e-01	4.851811e-01
1.961478e+14	9.975306e-01	2.597677e-01
1.961221e+14	9.999887e-01	3.227549e-02
1.960964e+14	9.980466e-01	-1.958617e-01
1.960707e+14	9.917000e-01	-4.230452e-01
1.960450e+14	9.816020e-01	-6.477784e-01
1.960194e+14	9.689143e-01	-8.689072e-01
1.959937e+14	9.550584e-01	-1.085770e+00
1.959681e+14	9.414626e-01	-1.298235e+00
1.959424e+14	9.293728e-01	-1.506650e+00
1.959168e+14	9.197495e-01	-1.711734e+00
1.958911e+14	9.132372e-01	-1.914451e+00
1.958655e+14	9.101751e-01	-2.115903e+00
1.958399e+14	9.106241e-01	-2.317217e+00
1.958143e+14	9.143954e-01	-2.519464e+00
1.957886e+14	9.210764e-01	-2.723581e+00
1.957630e+14	9.300585e-01	-2.930297e+00
1.957374e+14	9.405780e-01	-3.140083e+00
1.957119e+14	9.517780e-01	2.930082e+00
1.956863e+14	9.627958e-01	2.713966e+00
1.956607e+14	9.728668e-01	2.495173e+00
1.956351e+14	9.814234e-01	2.274318e+00
1.956096e+14	9.881611e-01	2.052103e+00
1.955840e+14	9.930506e-01	1.829203e+00
1.955585e+14	9.962928e-01	1.606164e+00
1.955329e+14	9.982326e-01	1.383341e+00
1.955074e+14	9.992613e-01	1.160891e+00
1.954818e+14	9.997330e-01	9.388040e-01
1.954563e+14	9.999146e-01	7.169523e-01
1.954308e+14	9.999721e-01	4.951559e-01
1.954053e+14	9.999868e-01	2.732264e-01
1.953798e+14	9.999888e-01	5.098930e-02
1.953543e+14	9.999888e-01	-1.717230e-01
1.953288e+14	9.999939e-01	-3.951011e-01
1.953033e+14	9.999912e-01	-6.193989e-01
1.952779e+14	9.998977e-01	-8.449631e-01
1.952524e+14	9.994796e-01	-1.072231e+00
1.952269e+14	9.982611e-01	-1.301675e+00
1.952015e+14	9.954537e-01	-1.533686e+00
1.951760e+14	9.899540e-01	-1.768386e+00
1.951506e+14	9.804626e-01	-2.005421e+00
1.951251e+14	9.657542e-01	-2.243781e+00
1.950997e+14	9.450624e-01	-2.481745e+00
1.950743e+14	9.184457e-01	-2.717039e+00
1.950489e+14	8.869521e-01	-2.947192e+00
1.950234e+14	8.524733e-01	3.113195e+00
1.949980e+14	8.173555e-01	2.899314e+00
1.949726e+14	7.839578e-01	2.695058e+00
1.949473e+14	7.543407e-01	2.500261e+00
1.949219e+14	7.301524e-01	2.313997e+00
1.948965e+14	7.126813e-01	2.134712e+00
1.948711e+14	7.029999e-01	1.960324e+00
1.948458e+14	7.021387e-01	1.788217e+00
1.948204e+14	7.112459e-01	1.615131e+00
1.947951e+14	7.316853e-01	1.436901e+00
1.947697e+14	7.649658e-01	1.248037e+00
1.947444e+14	8.122023e-01	1.041166e+00
1.947190e+14	8.723801e-01	8.066503e-01
1.946937e+14	9.381629e-01	5.335659e-01
1.946684e+14	9.894873e-01	2.149629e-01
1.946431e+14	9.944985e-01	-1.404937e-01
1.946178e+14	9.343046e-01	-5.013041e-01
1.945925e+14	8.278267e-01	-8.301507e-01
1.945672e+14	7.113453e-01	-1.108807e+00
1.945419e+14	6.078295e-01	-1.339342e+00
1.945166e+14	5.238872e-01	-1.531802e+00
1.944914e+14	4.582847e-01	-1.696254e+00
1.944661e+14	4.076943e-01	-1.840519e+00
1.944408e+14	3.688895e-01	-1.970237e+00
1.944156e+14	3.392982e-01	-2.089428e+00
1.943903e+14	3.170106e-01	-2.201006e+00
1.943651e+14	3.006574e-01	-2.307151e+00
1.943399e+14	2.892843e-01	-2.409566e+00
1.943146e+14	2.822567e-01	-2.509648e+00
1.942894e+14	2.791932e-01	-2.608614e+00
1.942642e+14	2.799258e-01	-2.707595e+00
1.942390e+14	2.844800e-01	-2.807713e+00
1.942138e+14	2.930738e-01	-2.910153e+00
1.941886e+14	3.061324e-01	-3.016243e+00
1.941634e+14	3.243189e-01	-3.127545e+00
1.941382e+14	3.485778e-01	3.037220e+00
1.941131e+14	3.801840e-01	2.909284e+00
1.940879e+14	4.207692e-01	2.768776e+00
1.940627e+14	4.722566e-01	2.611800e+00
1.940376e+14	5.365366e-01	2.433525e+00
1.940124e+14	6.145629e-01	2.228433e+00
1.939873e+14	7.044751e-01	1.991431e+00
1.939622e+14	7.990007e-01	1.720475e+00
1.939370e+14	8.846974e-01	1.420307e+00
1.939119e+14	9.473611e-01	1.103926e+00
1.938868e+14	9.817293e-01	7.876160e-01
1.938617e+14	9.944243e-01	4.822726e-01
1.938366e+14	9.967902e-01	1.891918e-01
1.938115e+14	9.968548e-01	-9.777443e-02
1.937864e+14	9.958442e-01	-3.877327e-01
1.937613e+14	9.878373e-01	-6.882976e-01
1.937362e+14	9.619870e-01	-1.001077e+00
1.937112e+14	9.091237e-01	-1.318331e+00
1.936861e+14	8.302540e-01	-1.624829e+00
1.936611e+14	7.374548e-01	-1.905739e+00
1.936360e+14	6.452569e-01	-2.153523e+00
1.936110e+14	5.630874e-01	-2.368343e+00
1.935859e+14	4.943518e-01	-2.554594e+00
1.935609e+14	4.388118e-01	-2.717792e+00
1.935359e+14	3.947810e-01	-2.863019e+00
1.935109e+14	3.603125e-01	-2.994459e+00
1.934858e+14	3.336740e-01	-3.115416e+00
1.934608e+14	3.134776e-01	3.054712e+00
1.934358e+14	2.986743e-01	2.947510e+00
1.934109e+14	2.885095e-01	2.844512e+00
1.933859e+14	2.824767e-01	2.744335e+00
1.933609e+14	2.802812e-01	2.645769e+00
1.933359e+14	2.818198e-01	2.547700e+00
1.933110e+14	2.871743e-01	2.449035e+00
1.932860e+14	2.966223e-01	2.348635e+00
1.932610e+14	3.106659e-01	2.245226e+00
1.932361e+14	3.300821e-01	2.137304e+00
1.932112e+14	3.559999e-01	2.022989e+00
1.931862e+14	3.900046e-01	1.899825e+00
1.931613e+14	4.342573e-01	1.764486e+00
1.931364e+14	4.915625e-01	1.612361e+00
1.931115e+14	5.651585e-01	1.437035e+00
1.930865e+14	6.575802e-01	1.229904e+00
1.930616e+14	7.671656e-01	9.809171e-01
1.930368e+14	8.808903e-01	6.829030e-01
1.930119e+14	9.689975e-01	3.417944e-01
1.929870e+14	9.999825e-01	-1.506593e-02
1.929621e+14	9.721317e-01	-3.513015e-01
1.929372e+14	9.127767e-01	-6.458456e-01
1.929124e+14	8.489154e-01	-8.980580e-01
1.928875e+14	7.942010e-01	-1.116989e+00
1.928627e+14	7.527008e-01	-1.312804e+00
1.928378e+14	7.243568e-01	-1.493857e+00
1.928130e+14	7.078809e-01	-1.666453e+00
1.927882e+14	7.018597e-01	-1.835322e+00
1.927633e+14	7.050620e-01	-2.004094e+00
1.927385e+14	7.164421e-01	-2.175642e+00
1.927137e+14	7.350306e-01	-2.352279e+00
1.926889e+14	7.597854e-01	-2.535836e+00
1.926641e+14	7.894400e-01	-2.727643e+00
1.926393e+14	8.223873e-01	-2.928434e+00
1.926145e+14	8.566560e-01	-3.138235e+00
1.925897e+14	8.900385e-01	2.926914e+00
1.925650e+14	9.203869e-01	2.702175e+00
1.925402e+14	9.460055e-01	2.472821e+00
1.925154e+14	9.659800e-01	2.241141e+00
1.924907e+14	9.802870e-01	2.009226e+00
1.924659e+14	9.896401e-01	1.778659e+00
1.924412e+14	9.951662e-01	1.550387e+00
1.924165e+14	9.980677e-01	1.324761e+00
1.923917e+14	9.993804e-01	1.101692e+00
1.923670e+14	9.998618e-01	8.808402e-01
1.923423e+14	9.999851e-01	6.617715e-01
1.923176e+14	9.999955e-01	4.440742e-01
1.922929e+14	9.999897e-01	2.274128e-01
1.922682e+14	9.999886e-01	1.153735e-02
1.922435e+14	9.999881e-01	-2.037376e-01
1.922188e+14	9.999795e-01	-4.185671e-01
1.921941e+14	9.999445e-01	-6.331054e-01
1.921694e+14	9.998303e-01	-8.475195e-01
1.921448e+14	9.995207e-01	-1.061979e+00
1.921201e+14	9.988148e-01	-1.276625e+00
1.920955e+14	9.974273e-01	-1.491522e+00
1.920708e+14	9.950163e-01	-1.706611e+00
1.920462e+14	9.912409e-01	-1.921666e+00
1.920215e+14	9.858387e-01	-2.136293e+00
1.919969e+14	9.787059e-01	-2.349950e+00
1.919723e+14	9.699573e-01	-2.562014e+00
1.919477e+14	9.599462e-01	-2.771875e+00
1.919231e+14	9.492379e-01	-2.979028e+00
1.918985e+14	9.385438e-01	3.100023e+00
1.918739e+14	9.286363e-01	2.898972e+00
1.918493e+14	9.202646e-01	2.700805e+00
1.918247e+14	9.140873e-01	2.505070e+00
1.918001e+14	9.106242e-01	2.311100e+00
1.917756e+14	9.102261e-01	2.118059e+00
1.917510e+14	9.130527e-01	1.925000e+00
1.917264e+14	9.190533e-01	1.730932e+00
1.917019e+14	9.279443e-01	1.534885e+00
1.916773e+14	9.391885e-01	1.335997e+00
1.916528e+14	9.519849e-01	1.133600e+00
1.916283e+14	9.652873e-01	9.273214e-01
1.916037e+14	9.778739e-01	7.171720e-01
1.915792e+14	9.884826e-01	5.035993e-01
1.915547e+14	9.960021e-01	2.874799e-01
1.915302e+14	9.996785e-01	7.002741e-02
1.915057e+14	9.992707e-01	-1.473764e-01
1.914812e+14	9.950944e-01	-3.633928e-01
1.914567e+14	9.879373e-01	-5.769229e-01
1.914322e+14	9.788807e-01	-7.872417e-01
1.914077e+14	9.690943e-01	-9.940470e-01
1.913833e+14	9.596631e-01	-1.197433e+00
1.913588e+14	9.514756e-01	-1.397811e+00
1.913344e+14	9.451733e-01	-1.595816e+00
1.913099e+14	9.411448e-01	-1.792208e+00
1.912855e+14	9.395443e-01	-1.987782e+00
1.912610e+14	9.403215e-01	-2.183307e+00
1.912366e+14	9.432540e-01	-2.379458e+00
1.912122e+14	9.479815e-01	-2.576782e+00
1.911877e+14	9.540428e-01	-2.775662e+00
1.911633e+14	9.609181e-01	-2.976302e+00
1.911389e+14	9.680759e-01	3.104462e+00
1.911145e+14	9.750241e-01	2.900401e+00
1.910901e+14	9.813560e-01	2.694973e+00
1.910657e+14	9.867854e-01	2.488533e+00
1.910413e+14	9.911634e-01	2.281469e+00
1.910170e+14	9.944735e-01	2.074146e+00
1.909926e+14	9.968069e-01	1.866871e+00
1.909682e+14	9.983267e-01	1.659865e+00
1.909439e+14	9.992280e-01	1.453261e+00
1.909195e+14	9.997027e-01	1.247110e+00
1.908952e+14	9.999146e-01	1.041402e+00
1.908708e+14	9.999865e-01	8.360853e-01
1.908465e+14	9.999984e-01	6.310925e-01
1.908222e+14	9.999936e-01	4.263555e-01
1.907979e+14	9.999893e-01	2.218160e-01
1.907735e+14	9.999886e-01	1.742898e-02
1.907492e+14	9.999890e-01	-1.868396e-01
1.907249e+14	9.999869e-01	-3.910185e-01
1.907006e+14	9.999778e-01	-5.951375e-01
1.906763e+14	9.999512e-01	-7.992305e-01
1.906521e+14	9.998840e-01	-1.003336e+00
1.906278e+14	9.997339e-01	-1.207491e+00
1.906035e+14	9.994360e-01	-1.411722e+00
1.905792e+14	9.989044e-01	-1.616032e+00
1.905550e+14	9.980405e-01	-1.820389e+00
1.905307e+14	9.967478e-01	-2.024718e+00
1.905065e+14	9.949502e-01	-2.228899e+00
1.904822e+14	9.926126e-01	-2.432768e+00
1.904580e+14	9.897577e-01	-2.636141e+00
1.904338e+14	9.864765e-01	-2.838828e+00
1.904096e+14	9.829282e-01	-3.040664e+00
1.903853e+14	9.793309e-01	3.041655e+00
1.903611e+14	9.759415e-01	2.841802e+00
1.903369e+14	9.730308e-01	2.642921e+00
1.903127e+14	9.708555e-01	2.444882e+00
1.902885e+14	9.696309e-01	2.247470e+00
1.902644e+14	9.695074e-01	2.050396e+00
1.902402e+14	9.705519e-01	1.853330e+00
1.902160e+14	9.727347e-01	1.655917e+00
1.901918e+14	9.759242e-01	1.457822e+00
1.901677e+14	9.798894e-01	1.258756e+00
1.901435e+14	9.843122e-01	1.058511e+00
1.901194e+14	9.888113e-01	8.569912e-01
1.900952e+14	9.929777e-01	6.542283e-01
1.900711e+14	9.964191e-01	4.503873e-01
1.900470e+14	9.988083e-01	2.457540e-01
1.900228e+14	9.999272e-01	4.070657e-02
1.899987e+14	9.996970e-01	-1.643292e-01
1.899746e+14	9.981882e-01	-3.689301e-01
1.899505e+14	9.956075e-01	-5.727259e-01
1.899264e+14	9.922651e-01	-7.754397e-01
1.899023e+14	9.885301e-01	-9.769133e-01
1.898782e+14	9.847839e-01	-1.177115e+00
1.898542e+14	9.813777e-01	-1.376131e+00
1.898301e+14	9.786006e-01	-1.574148e+00
1.898060e+14	9.766596e-01	-1.771419e+00
1.897819e+14	9.756700e-01	-1.968241e+00
1.897579e+14	9.756561e-01	-2.164913e+00
1.897338e+14	9.765587e-01	-2.361719e+00
1.897098e+14	9.782487e-01	-2.558894e+00
1.896858e+14	9.805456e-01	-2.756616e+00
1.896617e+14	9.832382e-01	-2.954988e+00
1.896377e+14	9.861075e-01	3.129143e+00
1.896137e+14	9.889484e-01	2.929442e+00
1.895897e+14	9.915884e-01	2.729187e+00
1.895657e+14	9.939009e-01	2.528505e+00
1.895417e+14	9.958117e-01	2.327544e+00
1.895177e+14	9.972983e-01	2.126448e+00
1.894937e+14	9.983820e-01	1.925346e+00
1.894697e+14	9.991162e-01	1.724338e+00
1.894457e+14	9.995722e-01	1.523490e+00
1.894217e+14	9.998258e-01	1.322838e+00
1.893978e+14	9.999466e-01	1.122388e+00
1.893738e+14	9.999911e-01	9.221297e-01
1.893499e+14	9.999990e-01	7.220380e-01
1.893259e+14	9.999949e-01	5.220857e-01
1.893020e+14	9.999903e-01	3.222472e-01
1.892780e+14	9.999886e-01	1.225012e-01
1.892541e+14	9.999889e-01	-7.716825e-02
1.892302e+14	9.999892e-01	-2.767735e-01
1.892063e+14	9.999874e-01	-4.763259e-01
1.891824e+14	9.999807e-01	-6.758374e-01
1.891585e+14	9.999630e-01	-8.753228e-01
1.891346e+14	9.999227e-01	-1.074798e+00
1.891107e+14	9.998391e-01	-1.274278e+00
1.890868e+14	9.996818e-01	-1.473774e+00
1.890629e+14	9.994118e-01	-1.673283e+00
1.890390e+14	9.989845e-01	-1.872791e+00
1.890152e+14	9.983565e-01	-2.072262e+00
1.889913e+14	9.974933e-01	-2.271640e+00
1.889674e+14	9.963779e-01	-2.470852e+00
1.889436e+14	9.950187e-01	-2.669813e+00
1.889197e+14	9.934542e-01	-2.868436e+00
1.888959e+14	9.917545e-01	-3.066642e+00
1.888721e+14	9.900186e-01	3.018811e+00
1.888482e+14	9.883660e-01	2.821580e+00
1.888244e+14	9.869266e-01	2.624838e+00
1.888006e+14	9.858270e-01	2.428528e+00
1.887768e+14	9.851768e-01	2.232553e+00
1.887530e+14	9.850557e-01	2.036781e+00
1.887292e+14	9.855029e-01	1.841054e+00
1.887054e+14	9.865093e-01	1.645204e+00
1.886816e+14	9.880151e-01	1.449065e+00
1.886578e+14	9.899110e-01	1.252496e+00
1.886341e+14	9.920458e-01	1.055393e+00
1.886103e+14	9.942380e-01	8.577028e-01
1.885865e+14	9.962931e-01	6.594324e-01
1.885628e+14	9.980237e-01	4.606498e-01
1.885390e+14	9.992701e-01	2.614801e-01
1.885153e+14	9.999188e-01	6.209314e-02
1.884916e+14	9.999169e-01	-1.373143e-01
1.884678e+14	9.992774e-01	-3.365398e-01
1.884441e+14	9.980774e-01	-5.353974e-01
1.884204e+14	9.964474e-01	-7.337372e-01
1.883967e+14	9.945548e-01	-9.314594e-01
1.883730e+14	9.925840e-01	-1.128522e+00
1.883493e+14	9.907164e-01	-1.324943e+00
1.883256e+14	9.891128e-01	-1.520792e+00
1.883019e+14	9.878992e-01	-1.716180e+00
1.882782e+14	9.871585e-01	-1.911250e+00
1.882545e+14	9.869267e-01	-2.106153e+00
1.882309e+14	9.871939e-01	-2.301039e+00
1.882072e+14	9.879094e-01	-2.496044e+00
1.881835e+14	9.889904e-01	-2.691272e+00
1.881599e+14	9.903325e-01	-2.886796e+00
1.881362e+14	9.918218e-01	-3.082650e+00
1.881126e+14	9.933467e-01	3.004352e+00
1.880890e+14	9.948084e-01	2.807874e+00
1.880653e+14	9.961289e-01	2.611159e+00
1.880417e+14	9.972559e-01	2.414277e+00
1.880181e+14	9.981641e-01	2.217306e+00
1.879945e+14	9.988527e-01	2.020316e+00
1.879709e+14	9.993406e-01	1.823368e+00
1.879473e+14	9.996601e-01	1.626507e+00
1.879237e+14	9.998496e-01	1.429760e+00
1.879001e+14	9.999479e-01	1.233141e+00
1.878765e+14	9.999889e-01	1.036649e+00
1.878529e+14	9.999992e-01	8.402744e-01
1.878294e+14	9.999968e-01	6.440044e-01
1.878058e+14	9.999920e-01	4.478242e-01
1.877822e+14	9.999891e-01	2.517205e-01
1.877587e+14	9.999885e-01	5.568299e-02
1.877351e+14	9.999893e-01	-1.402962e-01
1.877116e+14	9.999897e-01	-3.362232e-01
1.876881e+14	9.999884e-01	-5.321037e-01
1.876645e+14	9.999836e-01	-7.279440e-01
1.876410e+14	9.999716e-01	-9.237518e-01
1.876175e+14	9.999456e-01	-1.119536e+00
1.875940e+14	9.998941e-01	-1.315303e+00
1.875705e+14	9.998003e-01	-1.511060e+00
1.875470e+14	9.996426e-01	-1.706805e+00
1.875235e+14	9.993967e-01	-1.902529e+00
1.875000e+14	9.990385e-01	-2.098214e+00
("port 2","TE",1,"port 2",1,"modulation")
(1,1)
0.00178
(500,3)
2.000000e+14	7.506185e-03	-2.273149e+00
1.999733e+14	5.525788e-03	-2.482435e+00
1.999466e+14	4.661577e-03	-2.666402e+00
1.999199e+14	4.543940e-03	-2.836377e+00
1.998932e+14	4.742374e-03	-3.008040e+00
1.998665e+14	4.795280e-03	3.103668e+00
1.998398e+14	4.250471e-03	2.956295e+00
1.998131e+14	2.742963e-03	2.941764e+00
1.997865e+14	1.440411e-03	-1.997093e+00
1.997598e+14	5.605643e-03	-1.332592e+00
1.997332e+14	1.227309e-02	-1.418693e+00
1.997065e+14	2.101753e-02	-1.590093e+00
1.996799e+14	3.175448e-02	-1.786259e+00
1.996532e+14	4.429628e-02	-1.992861e+00
1.996266e+14	5.833056e-02	-2.204749e+00
1.996000e+14	7.342700e-02	-2.419579e+00
1.995734e+14	8.905526e-02	-2.636097e+00
1.995468e+14	1.046109e-01	-2.853542e+00
1.995202e+14	1.194462e-01	-3.071425e+00
1.994936e+14	1.329040e-01	2.993765e+00
1.994670e+14	1.443487e-01	2.775853e+00
1.994404e+14	1.531951e-01	2.558119e+00
1.994139e+14	1.589309e-01	2.340564e+00
1.993873e+14	1.611338e-01	2.123114e+00
1.993608e+14	1.594855e-01	1.905637e+00
1.993342e+14	1.537825e-01	1.687972e+00
1.993077e+14	1.439476e-01	1.469959e+00
1.992812e+14	1.300411e-01	1.251481e+00
1.992546e+14	1.122728e-01	1.032513e+00
1.992281e+14	9.100992e-02	8.132146e-01
1.992016e+14	6.677976e-02	5.941808e-01
1.991751e+14	4.026023e-02	3.776597e-01
1.991486e+14	1.226120e-02	1.857609e-01
1.991221e+14	1.636056e-02	3.028741e+00
1.990956e+14	4.462140e-02	2.827176e+00
1.990691e+14	7.164073e-02	2.609832e+00
1.990427e+14	9.657563e-02	2.390503e+00
1.990162e+14	1.187010e-01	2.171023e+00
1.989898e+14	1.374352e-01	1.951911e+00
1.989633e+14	1.523542e-01	1.733302e+00
1.989369e+14	1.631925e-01	1.515144e+00
1.989104e+14	1.698375e-01	1.297279e+00
1.988840e+14	1.723194e-01	1.079494e+00
1.988576e+14	1.708012e-01	8.615509e-01
1.988312e+14	1.655689e-01	6.432224e-01
1.988048e+14	1.570221e-01	4.243102e-01
1.987784e+14	1.456631e-01	2.046593e-01
1.987520e+14	1.320813e-01	-1.584006e-02
1.987256e+14	1.169319e-01	-2.372620e-01
1.986992e+14	1.009073e-01	-4.596665e-01
1.986729e+14	8.470339e-02	-6.831310e-01
1.986465e+14	6.898150e-02	-9.077919e-01
1.986201e+14	5.433211e-02	-1.133891e+00
1.985938e+14	4.124190e-02	-1.361820e+00
1.985674e+14	3.006811e-02	-1.592110e+00
1.985411e+14	2.102171e-02	-1.825238e+00
1.985148e+14	1.415944e-02	-2.060744e+00
1.984885e+14	9.384652e-03	-2.294502e+00
1.984622e+14	6.457867e-03	-2.513806e+00
1.984358e+14	5.020622e-03	-2.700556e+00
1.984095e+14	4.623095e-03	-2.857131e+00
1.983832e+14	4.735284e-03	-3.007969e+00
1.983570e+14	4.772987e-03	3.124326e+00
1.983307e+14	4.156082e-03	3.005192e+00
1.983044e+14	2.455562e-03	3.102896e+00
1.982781e+14	2.284795e-03	-1.583790e+00
1.982519e+14	7.785559e-03	-1.274624e+00
1.982256e+14	1.610873e-02	-1.383590e+00
1.981994e+14	2.712594e-02	-1.557530e+00
1.981732e+14	4.079544e-02	-1.752781e+00
1.981469e+14	5.692562e-02	-1.957575e+00
1.981207e+14	7.515559e-02	-2.167368e+00
1.980945e+14	9.496215e-02	-2.379969e+00
1.980683e+14	1.156818e-01	-2.594129e+00
1.980421e+14	1.365451e-01	-2.809037e+00
1.980159e+14	1.567194e-01	-3.024130e+00
1.979897e+14	1.753549e-01	3.044167e+00
1.979635e+14	1.916284e-01	2.829732e+00
1.979373e+14	2.047780e-01	2.615859e+00
1.979112e+14	2.141287e-01	2.402523e+00
1.978850e+14	2.191073e-01	2.189578e+00
1.978588e+14	2.192502e-01	1.976779e+00
1.978327e+14	2.142100e-01	1.763808e+00
1.978066e+14	2.037648e-01	1.550318e+00
1.977804e+14	1.878344e-01	1.335984e+00
1.977543e+14	1.665050e-01	1.120560e+00
1.977282e+14	1.400596e-01	9.039549e-01
1.977021e+14	1.090073e-01	6.863536e-01
1.976760e+14	7.410105e-02	4.685898e-01
1.976499e+14	3.633188e-02	2.547425e-01
1.976238e+14	3.159552e-03	2.998522e+00
1.975977e+14	4.292765e-02	2.927124e+00
1.975716e+14	8.174720e-02	2.711552e+00
1.975455e+14	1.183080e-01	2.493215e+00
1.975195e+14	1.514937e-01	2.275206e+00
1.974934e+14	1.804051e-01	2.058299e+00
1.974674e+14	2.043821e-01	1.842703e+00
1.974413e+14	2.229982e-01	1.628343e+00
1.974153e+14	2.360360e-01	1.414957e+00
1.973892e+14	2.434571e-01	1.202167e+00
1.973632e+14	2.453755e-01	9.895336e-01
1.973372e+14	2.420402e-01	7.766080e-01
1.973112e+14	2.338274e-01	5.629793e-01
1.972852e+14	2.212390e-01	3.483077e-01
1.972592e+14	2.049037e-01	1.323458e-01
1.972332e+14	1.855710e-01	-8.505581e-02
1.972072e+14	1.640954e-01	-3.039622e-01
1.971812e+14	1.414048e-01	-5.243870e-01
1.971553e+14	1.184545e-01	-7.463453e-01
1.971293e+14	9.617086e-02	-9.699232e-01
1.971034e+14	7.539248e-02	-1.195366e+00
1.970774e+14	5.681650e-02	-1.423177e+00
1.970515e+14	4.095676e-02	-1.654217e+00
1.970255e+14	2.811683e-02	-1.889684e+00
1.969996e+14	1.837787e-02	-2.130493e+00
1.969737e+14	1.159911e-02	-2.374303e+00
1.969478e+14	7.430393e-03	-2.606764e+00
1.969219e+14	5.347478e-03	-2.795370e+00
1.968960e+14	4.708812e-03	-2.928089e+00
1.968701e+14	4.765133e-03	-3.043403e+00
1.968442e+14	4.672864e-03	3.130044e+00
1.968183e+14	3.620558e-03	3.108995e+00
1.967924e+14	1.834785e-03	-2.316067e+00
1.967666e+14	6.071973e-03	-1.233641e+00
1.967407e+14	1.503407e-02	-1.247946e+00
1.967148e+14	2.791031e-02	-1.396556e+00
1.966890e+14	4.486034e-02	-1.581032e+00
1.966632e+14	6.586645e-02	-1.780224e+00
1.966373e+14	9.064869e-02	-1.986854e+00
1.966115e+14	1.186473e-01	-2.197616e+00
1.965857e+14	1.490359e-01	-2.410641e+00
1.965599e+14	1.807645e-01	-2.624662e+00
1.965341e+14	2.126297e-01	-2.838714e+00
1.965083e+14	2.433625e-01	-3.052034e+00
1.964825e+14	2.717170e-01	3.019129e+00
1.964567e+14	2.965421e-01	2.808756e+00
1.964309e+14	3.168251e-01	2.600140e+00
1.964051e+14	3.317026e-01	2.393141e+00
1.963794e+14	3.404441e-01	2.187376e+00
1.963536e+14	3.424207e-01	1.982248e+00
1.963279e+14	3.370736e-01	1.776994e+00
1.963021e+14	3.238965e-01	1.570744e+00
1.962764e+14	3.024472e-01	1.362602e+00
1.962507e+14	2.723990e-01	1.151749e+00
1.962249e+14	2.336397e-01	9.375659e-01
1.961992e+14	1.864133e-01	7.198039e-01
1.961735e+14	1.314788e-01	4.988565e-01
1.961478e+14	7.023292e-02	2.768667e-01
1.961221e+14	4.750694e-03	1.457639e-01
1.960964e+14	6.247362e-02	2.948198e+00
1.960707e+14	1.285733e-01	2.725045e+00
1.960450e+14	1.909383e-01	2.501498e+00
1.960194e+14	2.473967e-01	2.280833e+00
1.959937e+14	2.964178e-01	2.064111e+00
1.959681e+14	3.371174e-01	1.851584e+00
1.959424e+14	3.691426e-01	1.642954e+00
1.959168e+14	3.925059e-01	1.437518e+00
1.958911e+14	4.074282e-01	1.234309e+00
1.958655e+14	4.142237e-01	1.032219e+00
1.958399e+14	4.132357e-01	8.300989e-01
1.958143e+14	4.048222e-01	6.268496e-01
1.957886e+14	3.893819e-01	4.214947e-01
1.957630e+14	3.674114e-01	2.132474e-01
1.957374e+14	3.395776e-01	1.562385e-03
1.957119e+14	3.067876e-01	-2.138351e-01
1.956863e+14	2.702300e-01	-4.329557e-01
1.956607e+14	2.313659e-01	-6.556023e-01
1.956351e+14	1.918543e-01	-8.814854e-01
1.956096e+14	1.534199e-01	-1.110395e+00
1.955840e+14	1.176883e-01	-1.342431e+00
1.955585e+14	8.602759e-02	-1.578290e+00
1.955329e+14	5.942768e-02	-1.819640e+00
1.955074e+14	3.843074e-02	-2.069553e+00
1.954818e+14	2.310859e-02	-2.332293e+00
1.954563e+14	1.306745e-02	-2.608017e+00
1.954308e+14	7.467418e-03	-2.866323e+00
1.954053e+14	5.128695e-03	-3.015712e+00
1.953798e+14	4.739980e-03	-3.046959e+00
1.953543e+14	4.723568e-03	-3.054917e+00
1.953288e+14	3.486505e-03	-2.853761e+00
1.953033e+14	4.186757e-03	-1.466311e+00
1.952779e+14	1.430383e-02	-1.126003e+00
1.952524e+14	3.225676e-02	-1.216672e+00
1.952269e+14	5.894708e-02	-1.388624e+00
1.952015e+14	9.524681e-02	-1.589936e+00
1.951760e+14	1.413896e-01	-1.806012e+00
1.951506e+14	1.967054e-01	-2.030802e+00
1.951251e+14	2.594587e-01	-2.260647e+00
1.950997e+14	3.268901e-01	-2.492437e+00
1.950743e+14	3.955470e-01	-2.723110e+00
1.950489e+14	4.618615e-01	-2.949712e+00
1.950234e+14	5.227708e-01	3.113459e+00
1.949980e+14	5.761336e-01	2.901801e+00
1.949726e+14	6.208141e-01	2.699345e+00
1.949473e+14	6.564832e-01	2.506024e+00
1.949219e+14	6.832844e-01	2.320982e+00
1.948965e+14	7.014880e-01	2.142720e+00
1.948711e+14	7.111899e-01	1.969194e+00
1.948458e+14	7.120402e-01	1.797819e+00
1.948204e+14	7.029433e-01	1.625361e+00
1.947951e+14	6.816426e-01	1.447678e+00
1.947697e+14	6.440709e-01	1.259302e+00
1.947444e+14	5.833759e-01	1.052890e+00
1.947190e+14	4.888282e-01	8.188611e-01
1.946937e+14	3.461942e-01	5.464689e-01
1.946684e+14	1.446197e-01	2.300914e-01
1.946431e+14	1.047509e-01	3.008277e+00
1.946178e+14	3.564758e-01	2.650953e+00
1.945925e+14	5.609839e-01	2.322713e+00
1.945672e+14	7.028427e-01	2.044282e+00
1.945419e+14	7.940676e-01	1.813821e+00
1.945166e+14	8.517876e-01	1.621340e+00
1.944914e+14	8.888054e-01	1.456794e+00
1.944661e+14	9.131185e-01	1.312368e+00
1.944408e+14	9.294733e-01	1.182424e+00
1.944156e+14	9.406789e-01	1.062938e+00
1.943903e+14	9.484220e-01	9.509891e-01
1.943651e+14	9.537322e-01	8.443884e-01
1.943399e+14	9.572432e-01	7.414210e-01
1.943146e+14	9.593389e-01	6.406726e-01
1.942894e+14	9.602349e-01	5.409041e-01
1.942642e+14	9.600216e-01	4.409567e-01
1.942390e+14	9.586820e-01	3.396710e-01
1.942138e+14	9.560898e-01	2.358105e-01
1.941886e+14	9.519889e-01	1.279782e-01
1.941634e+14	9.459478e-01	1.451744e-02
1.941382e+14	9.372798e-01	-1.066134e-01
1.941131e+14	9.249109e-01	-2.380046e-01
1.940879e+14	9.071677e-01	-3.830021e-01
1.940627e+14	8.814611e-01	-5.459493e-01
1.940376e+14	8.438771e-01	-7.323934e-01
1.940124e+14	7.888678e-01	-9.490623e-01
1.939873e+14	7.097287e-01	-1.203220e+00
1.939622e+14	6.013300e-01	-1.501111e+00
1.939370e+14	4.661658e-01	-1.846955e+00
1.939119e+14	3.201671e-01	-2.249327e+00
1.938868e+14	1.902828e-01	-2.750646e+00
1.938617e+14	1.054525e-01	2.802925e+00
1.938366e+14	8.005787e-02	1.935232e+00
1.938115e+14	7.924958e-02	1.543930e+00
1.937864e+14	9.107364e-02	1.727319e+00
1.937613e+14	1.554909e-01	1.949899e+00
1.937362e+14	2.730952e-01	1.882500e+00
1.937112e+14	4.165262e-01	1.674645e+00
1.936861e+14	5.573852e-01	1.423897e+00
1.936611e+14	6.753965e-01	1.174865e+00
1.936360e+14	7.639657e-01	9.469301e-01
1.936110e+14	8.263974e-01	7.452802e-01
1.935859e+14	8.692619e-01	5.682008e-01
1.935609e+14	8.985790e-01	4.116384e-01
1.935359e+14	9.187753e-01	2.713613e-01
1.935109e+14	9.328317e-01	1.437057e-01
1.934858e+14	9.426885e-01	2.570240e-02
1.934608e+14	9.495956e-01	-8.501147e-02
1.934358e+14	9.543551e-01	-1.903269e-01
1.934109e+14	9.574770e-01	-2.917897e-01
1.933859e+14	9.592742e-01	-3.907060e-01
1.933609e+14	9.599179e-01	-4.882288e-01
1.933359e+14	9.594673e-01	-5.854308e-01
1.933110e+14	9.578783e-01	-6.833723e-01
1.932860e+14	9.549949e-01	-7.831704e-01
1.932610e+14	9.505192e-01	-8.860782e-01
1.932361e+14	9.439522e-01	-9.935872e-01
1.932112e+14	9.344860e-01	-1.107567e+00
1.931862e+14	9.208129e-01	-1.230465e+00
1.931613e+14	9.007889e-01	-1.365602e+00
1.931364e+14	8.708423e-01	-1.517587e+00
1.931115e+14	8.249824e-01	-1.692837e+00
1.930865e+14	7.533846e-01	-1.899964e+00
1.930616e+14	6.414491e-01	-2.149044e+00
1.930368e+14	4.733205e-01	-2.447329e+00
1.930119e+14	2.470707e-01	-2.789297e+00
1.929870e+14	5.921983e-03	6.288469e-02
1.929621e+14	2.344354e-01	-3.378909e-01
1.929372e+14	4.084588e-01	-6.333757e-01
1.929124e+14	5.285287e-01	-8.860804e-01
1.928875e+14	6.076551e-01	-1.105433e+00
1.928627e+14	6.583628e-01	-1.301683e+00
1.928378e+14	6.894253e-01	-1.483217e+00
1.928130e+14	7.063318e-01	-1.656363e+00
1.927882e+14	7.123153e-01	-1.825868e+00
1.927633e+14	7.091457e-01	-1.995385e+00
1.927385e+14	6.976465e-01	-2.167810e+00
1.927137e+14	6.780340e-01	-2.345488e+00
1.926889e+14	6.501740e-01	-2.530288e+00
1.926641e+14	6.138277e-01	-2.723591e+00
1.926393e+14	5.689280e-01	-2.926203e+00
1.926145e+14	5.158881e-01	-3.138243e+00
1.925897e+14	4.558854e-01	2.924112e+00
1.925650e+14	3.910089e-01	2.695829e+00
1.925402e+14	3.241505e-01	2.461893e+00
1.925154e+14	2.586169e-01	2.224140e+00
1.924907e+14	1.975788e-01	1.983933e+00
1.924659e+14	1.435706e-01	1.741594e+00
1.924412e+14	9.820502e-02	1.495726e+00
1.924165e+14	6.213608e-02	1.241799e+00
1.923917e+14	3.519649e-02	9.677475e-01
1.923670e+14	1.662236e-02	6.343401e-01
1.923423e+14	5.461343e-03	2.259941e-02
1.923176e+14	3.001478e-03	-1.797984e+00
1.922929e+14	4.541305e-03	-2.605589e+00
1.922682e+14	4.764851e-03	-3.047918e+00
1.922435e+14	4.883089e-03	2.820821e+00
1.922188e+14	6.397608e-03	2.492352e+00
1.921941e+14	1.053407e-02	2.293239e+00
1.921694e+14	1.842012e-02	2.135911e+00
1.921448e+14	3.095766e-02	1.969807e+00
1.921201e+14	4.867181e-02	1.788725e+00
1.920955e+14	7.168524e-02	1.596522e+00
1.920708e+14	9.971219e-02	1.397058e+00
1.920462e+14	1.320659e-01	1.193064e+00
1.920215e+14	1.676962e-01	9.864917e-01
1.919969e+14	2.052675e-01	7.788508e-01
1.919723e+14	2.432754e-01	5.713791e-01
1.919477e+14	2.801844e-01	3.650907e-01
1.919231e+14	3.145590e-01	1.607594e-01
1.918985e+14	3.451600e-01	-4.111748e-02
1.918739e+14	3.709914e-01	-2.403436e-01
1.918493e+14	3.912966e-01	-4.370244e-01
1.918247e+14	4.055176e-01	-6.315429e-01
1.918001e+14	4.132356e-01	-8.245169e-01
1.917756e+14	4.141117e-01	-1.016745e+00
1.917510e+14	4.078415e-01	-1.209145e+00
1.917264e+14	3.941333e-01	-1.402691e+00
1.917019e+14	3.727189e-01	-1.598340e+00
1.916773e+14	3.434019e-01	-1.796950e+00
1.916528e+14	3.061449e-01	-1.999195e+00
1.916283e+14	2.611906e-01	-2.205471e+00
1.916037e+14	2.091952e-01	-2.415830e+00
1.915792e+14	1.513344e-01	-2.630007e+00
1.915547e+14	8.932969e-02	-2.847839e+00
1.915302e+14	2.535642e-02	-3.076083e+00
1.915057e+14	3.818581e-02	-1.269319e-01
1.914812e+14	9.892997e-02	-3.492075e-01
1.914567e+14	1.548544e-01	-5.643111e-01
1.914322e+14	2.044324e-01	-7.754667e-01
1.914077e+14	2.466906e-01	-9.828938e-01
1.913833e+14	2.811526e-01	-1.186840e+00
1.913588e+14	3.077243e-01	-1.387783e+00
1.913344e+14	3.265692e-01	-1.586395e+00
1.913099e+14	3.380037e-01	-1.783461e+00
1.912855e+14	3.424274e-01	-1.979803e+00
1.912610e+14	3.402875e-01	-2.176213e+00
1.912366e+14	3.320722e-01	-2.373397e+00
1.912122e+14	3.183255e-01	-2.571937e+00
1.911877e+14	2.996702e-01	-2.772262e+00
1.911633e+14	2.768329e-01	-2.974636e+00
1.911389e+14	2.506571e-01	3.104024e+00
1.911145e+14	2.220989e-01	2.897376e+00
1.910901e+14	1.921989e-01	2.688719e+00
1.910657e+14	1.620328e-01	2.478178e+00
1.910413e+14	1.326464e-01	2.265787e+00
1.910170e+14	1.049883e-01	2.051355e+00
1.909926e+14	7.985038e-02	1.834254e+00
1.909682e+14	5.782518e-02	1.613020e+00
1.909439e+14	3.928517e-02	1.384408e+00
1.909195e+14	2.438219e-02	1.140596e+00
1.908952e+14	1.306963e-02	8.579994e-01
1.908708e+14	5.192927e-03	4.222025e-01
1.908465e+14	1.782034e-03	-1.202035e+00
1.908222e+14	3.590031e-03	-2.345193e+00
1.907979e+14	4.619765e-03	-2.737173e+00
1.907735e+14	4.765778e-03	-3.048067e+00
1.907492e+14	4.700030e-03	2.931011e+00
1.907249e+14	5.124721e-03	2.640395e+00
1.907006e+14	6.669857e-03	2.399676e+00
1.906763e+14	9.882136e-03	2.207200e+00
1.906521e+14	1.523149e-02	2.031789e+00
1.906278e+14	2.306683e-02	1.854851e+00
1.906035e+14	3.358098e-02	1.671845e+00
1.905792e+14	4.679813e-02	1.483252e+00
1.905550e+14	6.257086e-02	1.290474e+00
1.905307e+14	8.058441e-02	1.094768e+00
1.905065e+14	1.003698e-01	8.971138e-01
1.904822e+14	1.213269e-01	6.982644e-01
1.904580e+14	1.427572e-01	4.988131e-01
1.904338e+14	1.639028e-01	2.992311e-01
1.904096e+14	1.839893e-01	9.988270e-02
1.903853e+14	2.022647e-01	-9.897408e-02
1.903611e+14	2.180327e-01	-2.971916e-01
1.903369e+14	2.306753e-01	-4.947355e-01
1.903127e+14	2.396658e-01	-6.916811e-01
1.902885e+14	2.445730e-01	-8.882032e-01
1.902644e+14	2.450619e-01	-1.084558e+00
1.902402e+14	2.408921e-01	-1.281057e+00
1.902160e+14	2.319207e-01	-1.478038e+00
1.901918e+14	2.181098e-01	-1.675834e+00
1.901677e+14	1.995413e-01	-1.874737e+00
1.901435e+14	1.764357e-01	-2.074972e+00
1.901194e+14	1.491718e-01	-2.276684e+00
1.900952e+14	1.183016e-01	-2.479955e+00
1.900711e+14	8.455145e-02	-2.684946e+00
1.900470e+14	4.880508e-02	-2.892686e+00
1.900228e+14	1.206733e-02	-3.120222e+00
1.899987e+14	2.461549e-02	-1.393259e-01
1.899746e+14	6.016848e-02	-3.527119e-01
1.899505e+14	9.362487e-02	-5.588482e-01
1.899264e+14	1.241370e-01	-7.627688e-01
1.899023e+14	1.510238e-01	-9.650836e-01
1.898782e+14	1.737833e-01	-1.165992e+00
1.898542e+14	1.920882e-01	-1.365677e+00
1.898301e+14	2.057690e-01	-1.564377e+00
1.898060e+14	2.147931e-01	-1.762381e+00
1.897819e+14	2.192441e-01	-1.960013e+00
1.897579e+14	2.193060e-01	-2.157602e+00
1.897338e+14	2.152513e-01	-2.355458e+00
1.897098e+14	2.074355e-01	-2.553855e+00
1.896858e+14	1.962916e-01	-2.753012e+00
1.896617e+14	1.823258e-01	-2.953090e+00
1.896377e+14	1.661082e-01	3.128989e+00
1.896137e+14	1.482598e-01	2.926787e+00
1.895897e+14	1.294312e-01	2.723436e+00
1.895657e+14	1.102772e-01	2.518851e+00
1.895417e+14	9.142784e-02	2.312863e+00
1.895177e+14	7.345823e-02	2.105113e+00
1.894937e+14	5.686268e-02	1.894891e+00
1.894697e+14	4.203376e-02	1.680786e+00
1.894457e+14	2.924899e-02	1.459841e+00
1.894217e+14	1.866614e-02	1.225029e+00
1.893978e+14	1.033062e-02	9.550916e-01
1.893738e+14	4.230706e-03	5.449609e-01
1.893499e+14	1.394620e-03	-1.118792e+00
1.893259e+14	3.200441e-03	-2.272797e+00
1.893020e+14	4.407135e-03	-2.636964e+00
1.892780e+14	4.776659e-03	-2.916038e+00
1.892541e+14	4.704915e-03	3.101861e+00
1.892302e+14	4.637355e-03	2.835910e+00
1.892063e+14	5.010118e-03	2.579939e+00
1.891824e+14	6.216330e-03	2.354272e+00
1.891585e+14	8.596838e-03	2.159283e+00
1.891346e+14	1.243587e-02	1.978380e+00
1.891107e+14	1.794071e-02	1.798945e+00
1.890868e+14	2.522363e-02	1.616389e+00
1.890629e+14	3.429371e-02	1.430115e+00
1.890390e+14	4.505489e-02	1.240726e+00
1.890152e+14	5.730862e-02	1.048991e+00
1.889913e+14	7.076109e-02	8.555780e-01
1.889674e+14	8.503547e-02	6.610192e-01
1.889436e+14	9.968863e-02	4.657303e-01
1.889197e+14	1.142316e-01	2.700366e-01
1.888959e+14	1.281520e-01	7.418856e-02
1.888721e+14	1.409369e-01	-1.216311e-01
1.888482e+14	1.520942e-01	-3.173040e-01
1.888244e+14	1.611703e-01	-5.127747e-01
1.888006e+14	1.677651e-01	-7.080480e-01
1.887768e+14	1.715419e-01	-9.031836e-01
1.887530e+14	1.722358e-01	-1.098287e+00
1.887292e+14	1.696588e-01	-1.293496e+00
1.887054e+14	1.637054e-01	-1.488970e+00
1.886816e+14	1.543576e-01	-1.684870e+00
1.886578e+14	1.416904e-01	-1.881346e+00
1.886341e+14	1.258776e-01	-2.078528e+00
1.886103e+14	1.071955e-01	-2.276525e+00
1.885865e+14	8.602344e-02	-2.475467e+00
1.885628e+14	6.283808e-02	-2.675644e+00
1.885390e+14	3.820131e-02	-2.878266e+00
1.885153e+14	1.274127e-02	-3.095271e+00
1.884916e+14	1.289297e-02	-1.008116e-01
1.884678e+14	3.800935e-02	-3.174044e-01
1.884441e+14	6.198010e-02	-5.198929e-01
1.884204e+14	8.421759e-02	-7.199350e-01
1.883967e+14	1.042152e-01	-9.187558e-01
1.883730e+14	1.215608e-01	-1.116679e+00
1.883493e+14	1.359446e-01	-1.313868e+00
1.883256e+14	1.471595e-01	-1.510465e+00
1.883019e+14	1.550975e-01	-1.706627e+00
1.882782e+14	1.597439e-01	-1.902529e+00
1.882545e+14	1.611697e-01	-2.098352e+00
1.882309e+14	1.595251e-01	-2.294276e+00
1.882072e+14	1.550323e-01	-2.490468e+00
1.881835e+14	1.479797e-01	-2.687076e+00
1.881599e+14	1.387137e-01	-2.884221e+00
1.881362e+14	1.276300e-01	-3.082006e+00
1.881126e+14	1.151618e-01	3.002667e+00
1.880890e+14	1.017657e-01	2.803336e+00
1.880653e+14	8.790488e-02	2.603063e+00
1.880417e+14	7.403129e-02	2.401652e+00
1.880181e+14	6.056715e-02	2.198764e+00
1.879945e+14	4.788805e-02	1.993786e+00
1.879709e+14	3.630850e-02	1.785573e+00
1.879473e+14	2.607126e-02	1.571823e+00
1.879237e+14	1.734126e-02	1.347302e+00
1.879001e+14	1.020647e-02	1.097232e+00
1.878765e+14	4.701237e-03	7.583895e-01
1.878529e+14	1.234351e-03	-3.770154e-01
1.878294e+14	2.518313e-03	-2.094118e+00
1.878058e+14	3.998330e-03	-2.494757e+00
1.877822e+14	4.675808e-03	-2.767390e+00
1.877587e+14	4.785739e-03	-3.014857e+00
1.877351e+14	4.633552e-03	3.023931e+00
1.877116e+14	4.538666e-03	2.777947e+00
1.876881e+14	4.810214e-03	2.538825e+00
1.876645e+14	5.727868e-03	2.320498e+00
1.876410e+14	7.533429e-03	2.125186e+00
1.876175e+14	1.042591e-02	1.942689e+00
1.875940e+14	1.454979e-02	1.763201e+00
1.875705e+14	1.998346e-02	1.582153e+00
1.875470e+14	2.673334e-02	1.398389e+00
1.875235e+14	3.473231e-02	1.212076e+00
1.875000e+14	4.384130e-02	1.023720e+00
