["in","LEFT"]
["out 1","RIGHT"]
["out 2","RIGHT"]
("in","mode 1",1,"in",1,"transmission",5.91915e-14)
(52, 3)
1.8737028625000000e+14 6.1834035131584496e-02 2.6388093535259416e+00
1.8762521180952381e+14 6.0884979197558080e-02 2.6456110842601919e+00
1.8788013736904762e+14 5.9448960196810806e-02 2.6400704704824056e+00
1.8813506292857144e+14 5.7896412025231707e-02 2.6199172160685005e+00
1.8838998848809525e+14 5.6615131870297132e-02 2.5857785959347983e+00
1.8864491404761903e+14 5.5913575410546978e-02 2.5417753743740281e+00
1.8889983960714284e+14 5.5926832862195776e-02 2.4947193503629177e+00
1.8915476516666666e+14 5.6573474450015343e-02 2.4517489345582866e+00
1.8940969072619047e+14 5.7592198980217217e-02 2.4177270888366924e+00
1.8966461628571428e+14 5.8636800208558222e-02 2.3939886989980539e+00
1.8991954184523809e+14 5.9379820416058798e-02 2.3786801054099027e+00
1.9017446740476191e+14 5.9590220715917325e-02 2.3678395246354569e+00
1.9042939296428572e+14 5.9177658091946000e-02 2.3564587792223937e+00
1.9068431852380953e+14 5.8209020445816613e-02 2.3393434757959048e+00
1.9093924408333334e+14 5.6901297050535683e-02 2.3119768823616842e+00
1.9119416964285712e+14 5.5587381126312632e-02 2.2716522020943239e+00
1.9144909520238094e+14 5.4646492742958429e-02 2.2188283562861137e+00
1.9170402076190475e+14 5.4399416092043684e-02 2.1579817331590823e+00
1.9195894632142856e+14 5.4997583591812574e-02 2.0967738625237238e+00
1.9221387188095238e+14 5.6362684719950006e-02 2.0432928240452424e+00
1.9246879744047619e+14 5.8215231469897863e-02 2.0030282014073859e+00
1.9272372300000000e+14 6.0170633346610380e-02 1.9775385723278791e+00
1.9297864855952381e+14 6.1846473269599994e-02 1.9650010137497376e+00
1.9323357411904762e+14 6.2942252110579175e-02 1.9615114267322291e+00
1.9348849967857144e+14 6.3284700235666208e-02 1.9622106236082808e+00
1.9359660086208747e+14 6.3190610087771382e-02 1.9625264595492762e+00
1.9363532405457916e+14 6.3123335334208400e-02 1.9625264595492762e+00
1.9374342523809522e+14 6.2846740573830412e-02 1.9620128521795153e+00
1.9399835079761903e+14 6.1747593909462425e-02 1.9561209906609318e+00
1.9425327635714284e+14 6.0235413326201005e-02 1.9406081199005811e+00
1.9450820191666666e+14 5.8647970019705217e-02 1.9132584961126320e+00
1.9476312747619047e+14 5.7345445536653536e-02 1.8745732576739362e+00
1.9501805303571428e+14 5.6618737844278740e-02 1.8283538183807670e+00
1.9527297859523809e+14 5.6599256566433755e-02 1.7810041453539474e+00
1.9552790415476191e+14 5.7214406077104242e-02 1.7393799481388243e+00
1.9578282971428572e+14 5.8216770095198093e-02 1.7083490096484883e+00
1.9603775527380953e+14 5.9269522344805738e-02 1.6895342917449925e+00
1.9629268083333331e+14 6.0042761226288086e-02 1.6815458198640134e+00
1.9654760639285712e+14 6.0286882387235653e-02 1.6809589848860129e+00
1.9680253195238094e+14 5.9874236352926588e-02 1.6832982447230425e+00
1.9705745751190475e+14 5.8814186962486255e-02 1.6837789581928555e+00
1.9731238307142856e+14 5.7247556211591118e-02 1.6779206661749757e+00
1.9756730863095238e+14 5.5421820165716645e-02 1.6622520221907104e+00
1.9782223419047619e+14 5.3644252034744919e-02 1.6352220210121087e+00
1.9807715975000000e+14 5.2211584853998523e-02 1.5980986366338714e+00
1.9833208530952381e+14 5.1326793387989227e-02 1.5551886157539609e+00
1.9858701086904762e+14 5.1032980246240457e-02 1.5126978178701509e+00
1.9884193642857141e+14 5.1200218882845074e-02 1.4764707144426228e+00
1.9909686198809522e+14 5.1575269861053742e-02 1.4499217604275279e+00
1.9935178754761903e+14 5.1866495246670613e-02 1.4332737026776070e+00
1.9960671310714284e+14 5.1824904410104677e-02 1.4240335132962010e+00
1.9986163866666666e+14 5.1299334158837764e-02 1.4179580774015426e+00
("in","mode 1",1,"out 1",1,"transmission",2.2184205150776130e-13)
(52, 3)
1.8737028625000000e+14 6.5857561455792968e-01 2.0077431230554379e+00
1.8762521180952381e+14 6.5845364452485966e-01 2.0087128973889770e+00
1.8788013736904762e+14 6.5834115342805932e-01 2.0096568152398855e+00
1.8813506292857144e+14 6.5823933269594637e-01 2.0105737464045208e+00
1.8838998848809525e+14 6.5814786458838914e-01 2.0114650150432700e+00
1.8864491404761903e+14 6.5806366061727117e-01 2.0123331382146339e+00
1.8889983960714284e+14 6.5798059219183935e-01 2.0131794791749842e+00
1.8915476516666666e+14 6.5789044489370763e-01 2.0140021268957917e+00
1.8940969072619047e+14 6.5778466608538388e-01 2.0147951575755063e+00
1.8966461628571428e+14 6.5765608945910148e-01 2.0155496480468926e+00
1.8991954184523809e+14 6.5749990339636144e-01 2.0162558796001484e+00
1.9017446740476191e+14 6.5731359793521960e-01 2.0169056243676358e+00
1.9042939296428572e+14 6.5709618111025303e-01 2.0174935162398926e+00
1.9068431852380953e+14 6.5684727595973114e-01 2.0180171478703528e+00
1.9093924408333334e+14 6.5656663504280444e-01 2.0184762814858277e+00
1.9119416964285712e+14 6.5625422742495187e-01 2.0188719633178573e+00
1.9144909520238094e+14 6.5591062995227734e-01 2.0192061818015419e+00
1.9170402076190475e+14 6.5553726332540607e-01 2.0194821554417866e+00
1.9195894632142856e+14 6.5513616519359763e-01 2.0197047730123696e+00
1.9221387188095238e+14 6.5470937131420526e-01 2.0198805250914154e+00
1.9246879744047619e+14 6.5425831532980705e-01 2.0200165949876623e+00
1.9272372300000000e+14 6.5378371247291212e-01 2.0201194075604096e+00
1.9297864855952381e+14 6.5328609930396542e-01 2.0201934377388682e+00
1.9323357411904762e+14 6.5276673006918795e-01 2.0202410806788214e+00
1.9348849967857144e+14 6.5222818826373163e-01 2.0202638091483878e+00
1.9359660086208747e+14 6.5199490805011440e-01 2.0202664325488118e+00
1.9363532405457916e+14 6.5191072213110690e-01 2.0202664325488118e+00
1.9374342523809522e+14 6.5167411704090317e-01 2.0202639956474435e+00
1.9399835079761903e+14 6.5110793944331047e-01 2.0202461821790121e+00
1.9425327635714284e+14 6.5053109439682710e-01 2.0202166745009706e+00
1.9450820191666666e+14 6.4994176919564528e-01 2.0201811801732656e+00
1.9476312747619047e+14 6.4933504456278179e-01 2.0201414037676457e+00
1.9501805303571428e+14 6.4870473427060493e-01 2.0200923887042008e+00
1.9527297859523809e+14 6.4804627913020263e-01 2.0200223746905110e+00
1.9552790415476191e+14 6.4735933646167665e-01 2.0199158848943379e+00
1.9578282971428572e+14 6.4664863676324469e-01 2.0197591094527545e+00
1.9603775527380953e+14 6.4592239515687211e-01 2.0195452556379663e+00
1.9629268083333331e+14 6.4518877337706093e-01 2.0192772037794460e+00
1.9654760639285712e+14 6.4445198509540935e-01 2.0189658602944736e+00
1.9680253195238094e+14 6.4371001809028561e-01 2.0186246302503976e+00
1.9705745751190475e+14 6.4295533366115709e-01 2.0182624703505461e+00
1.9731238307142856e+14 6.4217851621522370e-01 2.0178789599559779e+00
1.9756730863095238e+14 6.4137332584440676e-01 2.0174641242180082e+00
1.9782223419047619e+14 6.4054072941147799e-01 2.0170035543046767e+00
1.9807715975000000e+14 6.3968977287595918e-01 2.0164866864687121e+00
1.9833208530952381e+14 6.3883456969554231e-01 2.0159142737757443e+00
1.9858701086904762e+14 6.3798857729018443e-01 2.0153011324073256e+00
1.9884193642857141e+14 6.3715877391309617e-01 2.0146722870188083e+00
1.9909686198809522e+14 6.3634257437261943e-01 2.0140537754157632e+00
1.9935178754761903e+14 6.3552915575122060e-01 2.0134620991352365e+00
1.9960671310714284e+14 6.3470480109635063e-01 2.0128972440986623e+00
1.9986163866666666e+14 6.3385986861604537e-01 2.0123427636807500e+00
("in","mode 1",1,"out 2",1,"transmission",2.2184136917754789e-13)
(52, 3)
1.8737028625000000e+14 6.5862072000131078e-01 2.0143226675832038e+00
1.8762521180952381e+14 6.5849496233811278e-01 2.0152626457993312e+00
1.8788013736904762e+14 6.5838082646971052e-01 2.0161764797653321e+00
1.8813506292857144e+14 6.5827934205475191e-01 2.0170644068959476e+00
1.8838998848809525e+14 6.5818972191976366e-01 2.0179289351299374e+00
1.8864491404761903e+14 6.5810817137606126e-01 2.0187734164267286e+00
1.8889983960714284e+14 6.5802772655639885e-01 2.0195995914183511e+00
1.8915476516666666e+14 6.5793933363448687e-01 2.0204054332120807e+00
1.8940969072619047e+14 6.5783371792997225e-01 2.0211844470525682e+00
1.8966461628571428e+14 6.5770320934951365e-01 2.0219267845351960e+00
1.8991954184523809e+14 6.5754277929984162e-01 2.0226215933865941e+00
1.9017446740476191e+14 6.5735001695016115e-01 2.0232594755827678e+00
1.9042939296428572e+14 6.5712433216848043e-01 2.0238340356640649e+00
1.9068431852380953e+14 6.5686599625735909e-01 2.0243421388827842e+00
1.9093924408333334e+14 6.5657556198425882e-01 2.0247832428892685e+00
1.9119416964285712e+14 6.5625382951065692e-01 2.0251585698098653e+00
1.9144909520238094e+14 6.5590210921918912e-01 2.0254707436307915e+00
1.9170402076190475e+14 6.5552234573051182e-01 2.0257239786158352e+00
1.9195894632142856e+14 6.5511681740450023e-01 2.0259243598749763e+00
1.9221387188095238e+14 6.5468749548982219e-01 2.0260795887082561e+00
1.9246879744047619e+14 6.5423547308149677e-01 2.0261978993417351e+00
1.9272372300000000e+14 6.5376091610352038e-01 2.0262864762189685e+00
1.9297864855952381e+14 6.5326368877774210e-01 2.0263501870795424e+00
1.9323357411904762e+14 6.5274433650022534e-01 2.0263914289164542e+00
1.9348849967857144e+14 6.5220477553087886e-01 2.0264112971311645e+00
1.9359660086208747e+14 6.5197060922200245e-01 2.0264136115050411e+00
1.9363532405457916e+14 6.5188602908878079e-01 2.0264136115050411e+00
1.9374342523809522e+14 6.5164809342663388e-01 2.0264114420664519e+00
1.9399835079761903e+14 6.5107733585991556e-01 2.0263953941123911e+00
1.9425327635714284e+14 6.5049380658917022e-01 2.0263682448663620e+00
1.9450820191666666e+14 6.4989585200380762e-01 2.0263344172862712e+00
1.9476312747619047e+14 6.4927902694021000e-01 2.0262944399499179e+00
1.9501805303571428e+14 6.4863790193265281e-01 2.0262424929938168e+00
1.9527297859523809e+14 6.4796885978173691e-01 2.0261664484614448e+00
1.9552790415476191e+14 6.4727253138653251e-01 2.0260510619344254e+00
1.9578282971428572e+14 6.4655447494660412e-01 2.0258833369443261e+00
1.9603775527380953e+14 6.4582343341064397e-01 2.0256577220867813e+00
1.9629268083333331e+14 6.4508771066651893e-01 2.0253785143471768e+00
1.9654760639285712e+14 6.4435128304777656e-01 2.0250579301041038e+00
1.9680253195238094e+14 6.4361161227120145e-01 2.0247103463531575e+00
1.9705745751190475e+14 6.4286048464004919e-01 2.0243452319114263e+00
1.9731238307142856e+14 6.4208780072412908e-01 2.0239622211010948e+00
1.9756730863095238e+14 6.4128672696525602e-01 2.0235510313161966e+00
1.9782223419047619e+14 6.4045776766802753e-01 2.0230967071572317e+00
1.9807715975000000e+14 6.3960963277889249e-01 2.0225879926429280e+00
1.9833208530952381e+14 6.3875620941298961e-01 2.0220248372593694e+00
1.9858701086904762e+14 6.3791084295725697e-01 2.0214211348113866e+00
1.9884193642857141e+14 6.3708055462767088e-01 2.0208008703689817e+00
1.9909686198809522e+14 6.3626301931400986e-01 2.0201889902591508e+00
1.9935178754761903e+14 6.3544793654723097e-01 2.0196010069282035e+00
1.9960671310714284e+14 6.3462235900976960e-01 2.0190362383359233e+00
1.9986163866666666e+14 6.3377756072253599e-01 2.0184781033134467e+00
("out 1","mode 1",1,"in",1,"transmission",2.2188620721810382e-13)
(52, 3)
1.8737028625000000e+14 6.6063280000674052e-01 2.0093812539303206e+00
1.8762521180952381e+14 6.6052576946377606e-01 2.0102757475139965e+00
1.8788013736904762e+14 6.6041974871170583e-01 2.0111467771560050e+00
1.8813506292857144e+14 6.6031409534931329e-01 2.0119941142116491e+00
1.8838998848809525e+14 6.6020694086606879e-01 2.0128176335871797e+00
1.8864491404761903e+14 6.6009517212665358e-01 2.0136166567245586e+00
1.8889983960714284e+14 6.5997471115549744e-01 2.0143893865257678e+00
1.8915476516666666e+14 6.5984101381264171e-01 2.0151326410789272e+00
1.8940969072619047e+14 6.5968964615245340e-01 2.0158419866779465e+00
1.8966461628571428e+14 6.5951678590921592e-01 2.0165122364976282e+00
1.8991954184523809e+14 6.5931953553834088e-01 2.0171381671303483e+00
1.9017446740476191e+14 6.5909600498740561e-01 2.0177152486283183e+00
1.9042939296428572e+14 6.5884519910523820e-01 2.0182401994869354e+00
1.9068431852380953e+14 6.5856679895816705e-01 2.0187112542282346e+00
1.9093924408333334e+14 6.5826094129317991e-01 2.0191281353198445e+00
1.9119416964285712e+14 6.5792807485075688e-01 2.0194918131773956e+00
1.9144909520238094e+14 6.5756892026432134e-01 2.0198041858705169e+00
1.9170402076190475e+14 6.5718450481903523e-01 2.0200678010666167e+00
1.9195894632142856e+14 6.5677620686952010e-01 2.0202856866221381e+00
1.9221387188095238e+14 6.5634574067953866e-01 2.0204612805293558e+00
1.9246879744047619e+14 6.5589504052947345e-01 2.0205983889610892e+00
1.9272372300000000e+14 6.5542604985792974e-01 2.0207010787480151e+00
1.9297864855952381e+14 6.5494046654494842e-01 2.0207734361209693e+00
1.9323357411904762e+14 6.5443952008541828e-01 2.0208191851348656e+00
1.9348849967857144e+14 6.5392385016615229e-01 2.0208412301931320e+00
1.9359660086208747e+14 6.5370076811833022e-01 2.0208438789300556e+00
1.9363532405457916e+14 6.5362021367117373e-01 2.0208438789300556e+00
1.9374342523809522e+14 6.5339352167515874e-01 2.0208412371444542e+00
1.9399835079761903e+14 6.5284816253892575e-01 2.0208193747847560e+00
1.9425327635714284e+14 6.5228716771768980e-01 2.0207742988908248e+00
1.9450820191666666e+14 6.5170989252797340e-01 2.0207033887774424e+00
1.9476312747619047e+14 6.5111576920153302e-01 2.0206031695949140e+00
1.9501805303571428e+14 6.5050431768054140e-01 2.0204698019283924e+00
1.9527297859523809e+14 6.4987506982004595e-01 2.0202995135571209e+00
1.9552790415476191e+14 6.4922746557234678e-01 2.0200888883641301e+00
1.9578282971428572e+14 6.4856079394432176e-01 2.0198349974997916e+00
1.9603775527380953e+14 6.4787423421517987e-01 2.0195354290364711e+00
1.9629268083333331e+14 6.4716701048883374e-01 2.0191883149988681e+00
1.9654760639285712e+14 6.4643862188799306e-01 2.0187924505531432e+00
1.9680253195238094e+14 6.4568907216716831e-01 2.0183475497836207e+00
1.9705745751190475e+14 6.4491901253722539e-01 2.0178546052854189e+00
1.9731238307142856e+14 6.4412973550547370e-01 2.0173162458210880e+00
1.9756730863095238e+14 6.4332300770661588e-01 2.0167369481866575e+00
1.9782223419047619e+14 6.4250078767447993e-01 2.0161229743572999e+00
1.9807715975000000e+14 6.4166491836620909e-01 2.0154819710791805e+00
1.9833208530952381e+14 6.4081689696973221e-01 2.0148222647509328e+00
1.9858701086904762e+14 6.3995780056083884e-01 2.0141519762243205e+00
1.9884193642857141e+14 6.3908839367192638e-01 2.0134781352489006e+00
1.9909686198809522e+14 6.3820938161181595e-01 2.0128059728524410e+00
1.9935178754761903e+14 6.3732172390831476e-01 2.0121385126091202e+00
1.9960671310714284e+14 6.3642690328560358e-01 2.0114764893484303e+00
1.9986163866666666e+14 6.3552706355941346e-01 2.0108185297069356e+00
("out 1","mode 1",1,"out 1",1,"transmission",3.6915172828065953e-13)
(52, 3)
1.8737028625000000e+14 9.5957092467307097e-03 -2.5058200168595692e+00
1.8762521180952381e+14 1.1546885384809327e-02 -2.7761605185604390e+00
1.8788013736904762e+14 1.3097967177992715e-02 -2.9717765040201494e+00
1.8813506292857144e+14 1.3893752264321839e-02 -3.1080153898697520e+00
1.8838998848809525e+14 1.3808893649715572e-02 -3.1848983815525775e+00
1.8864491404761903e+14 1.2987741421099061e-02 -3.1885176190510904e+00
1.8889983960714284e+14 1.1897620143666972e-02 -3.0953971674609662e+00
1.8915476516666666e+14 1.1310218459935026e-02 -2.8986109419592760e+00
1.8940969072619047e+14 1.1913993206812299e-02 -2.6581474558062412e+00
1.8966461628571428e+14 1.3665380798263916e-02 -2.4665868172806773e+00
1.8991954184523809e+14 1.5905432155468968e-02 -2.3510474306831286e+00
1.9017446740476191e+14 1.7974262561153087e-02 -2.2875401988532831e+00
1.9042939296428572e+14 1.9460661624040091e-02 -2.2466832114673436e+00
1.9068431852380953e+14 2.0202456018924612e-02 -2.2058298312900546e+00
1.9093924408333334e+14 2.0249073860790948e-02 -2.1476720959207762e+00
1.9119416964285712e+14 1.9829525121321266e-02 -2.0583408013454219e+00
1.9144909520238094e+14 1.9321621941192087e-02 -1.9285027331881084e+00
1.9170402076190475e+14 1.9197865457697531e-02 -1.7589161228691121e+00
1.9195894632142856e+14 1.9902735629045900e-02 -1.5672196732327781e+00
1.9221387188095238e+14 2.1668564963786618e-02 -1.3841200146843053e+00
1.9246879744047619e+14 2.4407752968866422e-02 -1.2357714416667980e+00
1.9272372300000000e+14 2.7773702723650390e-02 -1.1318052520765149e+00
1.9297864855952381e+14 3.1287535433769470e-02 -1.0686540142253800e+00
1.9323357411904762e+14 3.4429724892145873e-02 -1.0371601610028114e+00
1.9348849967857144e+14 3.6702779535118454e-02 -1.0267396757990492e+00
1.9359660086208747e+14 3.7299277401292824e-02 -1.0259960517865419e+00
1.9363532405457916e+14 3.7451793143540066e-02 -1.0259960517865419e+00
1.9374342523809522e+14 3.7696529868054954e-02 -1.0262341419098797e+00
1.9399835079761903e+14 3.7168836870165131e-02 -1.0230005545894929e+00
1.9425327635714284e+14 3.5144236446204430e-02 -1.0009561270000036e+00
1.9450820191666666e+14 3.2035493822058718e-02 -9.3827810302352976e-01
1.9476312747619047e+14 2.8779160783752006e-02 -8.0894462541045020e-01
1.9501805303571428e+14 2.6822904341000986e-02 -6.0263145891409586e-01
1.9527297859523809e+14 2.7442525642887166e-02 -3.6510519838090028e-01
1.9552790415476191e+14 3.0528999431112206e-02 -1.7711345299005093e-01
1.9578282971428572e+14 3.4667374416321207e-02 -7.0523398565012038e-02
1.9603775527380953e+14 3.8305173462894589e-02 -2.7395291210163129e-02
1.9629268083333331e+14 4.0350694279011577e-02 -1.9214844805076906e-02
1.9654760639285712e+14 4.0256964127954160e-02 -2.0380867911290547e-02
1.9680253195238094e+14 3.8028763485632645e-02 -6.2437363149746242e-03
1.9705745751190475e+14 3.4276367437935336e-02 5.1802675761377676e-02
1.9731238307142856e+14 3.0309533282308843e-02 1.8608463431855338e-01
1.9756730863095238e+14 2.8026022958298796e-02 4.0700756749609845e-01
1.9782223419047619e+14 2.8853974264501828e-02 6.5306641597162429e-01
1.9807715975000000e+14 3.2258863068818269e-02 8.3317537276270148e-01
1.9833208530952381e+14 3.6339312092160965e-02 9.2553024004293760e-01
1.9858701086904762e+14 3.9381681454801080e-02 9.5779176541949473e-01
1.9884193642857141e+14 4.0380738955180656e-02 9.6253932797824826e-01
1.9909686198809522e+14 3.9023264704428767e-02 9.6810922551077705e-01
1.9935178754761903e+14 3.5652808670347785e-02 1.0032315502628109e+00
1.9960671310714284e+14 3.1303322716933792e-02 1.1017956539045770e+00
1.9986163866666666e+14 2.7708039892364322e-02 1.2931874923561375e+00
("out 1","mode 1",1,"out 2",1,"transmission",4.1258291097444061e-13)
(52, 3)
1.8737028625000000e+14 3.6216572223526214e-02 -5.4290480533414609e-01
1.8762521180952381e+14 3.6115365914228210e-02 -5.2226016410689868e-01
1.8788013736904762e+14 3.5973958202734933e-02 -5.0186022841457778e-01
1.8813506292857144e+14 3.5794226470834939e-02 -4.8172102245158455e-01
1.8838998848809525e+14 3.5578117719650040e-02 -4.6185282371373898e-01
1.8864491404761903e+14 3.5327744424082326e-02 -4.4226411817922340e-01
1.8889983960714284e+14 3.5045439082929356e-02 -4.2296954623901989e-01
1.8915476516666666e+14 3.4733742387252506e-02 -4.0399899136054268e-01
1.8940969072619047e+14 3.4395299529622003e-02 -3.8540473065046033e-01
1.8966461628571428e+14 3.4032656286318540e-02 -3.6726443162105998e-01
1.8991954184523809e+14 3.3647981023472870e-02 -3.4967924038891418e-01
1.9017446740476191e+14 3.3242776922987272e-02 -3.3276761190603954e-01
1.9042939296428572e+14 3.2817670288984517e-02 -3.1665640578891491e-01
1.9068431852380953e+14 3.2372351177835358e-02 -3.0147099119252774e-01
1.9093924408333334e+14 3.1905702002945777e-02 -2.8732587327708542e-01
1.9119416964285712e+14 3.1416093951996647e-02 -2.7431699937608961e-01
1.9144909520238094e+14 3.0901783309593089e-02 -2.6251664860237967e-01
1.9170402076190475e+14 3.0361318966989247e-02 -2.5197165099381541e-01
1.9195894632142856e+14 2.9793883699421354e-02 -2.4270543781888571e-01
1.9221387188095238e+14 2.9199525052504574e-02 -2.3472390709861773e-01
1.9246879744047619e+14 2.8579268123239250e-02 -2.2802429763039661e-01
1.9272372300000000e+14 2.7935125765960762e-02 -2.2260545452375863e-01
1.9297864855952381e+14 2.7270026584733247e-02 -2.1847743429467806e-01
1.9323357411904762e+14 2.6587674772447282e-02 -2.1566863726025270e-01
1.9348849967857144e+14 2.5892351624332288e-02 -2.1422955655555528e-01
1.9359660086208747e+14 2.5594704356132033e-02 -2.1404996971639068e-01
1.9363532405457916e+14 2.5487786706650042e-02 -2.1404996971639073e-01
1.9374342523809522e+14 2.5188675574434282e-02 -2.1423341917043390e-01
1.9399835079761903e+14 2.4481354321951209e-02 -2.1577489017579796e-01
1.9425327635714284e+14 2.3774977578089482e-02 -2.1896815455256868e-01
1.9450820191666666e+14 2.3073898566361505e-02 -2.2394501064087724e-01
1.9476312747619047e+14 2.2382230354240754e-02 -2.3085250057672815e-01
1.9501805303571428e+14 2.1703945504567362e-02 -2.3984873928769540e-01
1.9527297859523809e+14 2.1043030616113782e-02 -2.5109557144804312e-01
1.9552790415476191e+14 2.0403628961634827e-02 -2.6474763788764460e-01
1.9578282971428572e+14 1.9790114329899997e-02 -2.8093895252109763e-01
1.9603775527380953e+14 1.9207072932894770e-02 -2.9976937087251615e-01
1.9629268083333331e+14 1.8659211025965301e-02 -3.2129360411138874e-01
1.9654760639285712e+14 1.8151233298722726e-02 -3.4551442552320055e-01
1.9680253195238094e+14 1.7687738154400959e-02 -3.7237986299218007e-01
1.9705745751190475e+14 1.7273151836244286e-02 -4.0178243560571403e-01
1.9731238307142856e+14 1.6911687991000610e-02 -4.3355788524470740e-01
1.9756730863095238e+14 1.6607291887341565e-02 -4.6748187897730692e-01
1.9782223419047619e+14 1.6363523924814691e-02 -5.0326546737574629e-01
1.9807715975000000e+14 1.6183358714825687e-02 -5.4055254067108727e-01
1.9833208530952381e+14 1.6068914643356948e-02 -5.7892371201904602e-01
1.9858701086904762e+14 1.6021167270476647e-02 -6.1791003157271718e-01
1.9884193642857141e+14 1.6039721344294357e-02 -6.5701681864654182e-01
1.9909686198809522e+14 1.6122711197363790e-02 -6.9575393386413797e-01
1.9935178754761903e+14 1.6266868553408566e-02 -7.3366580643875934e-01
1.9960671310714284e+14 1.6467749819318048e-02 -7.7035398768397212e-01
1.9986163866666666e+14 1.6720067291906469e-02 -8.0548737673603932e-01
("out 2","mode 1",1,"in",1,"transmission",2.2188006924350452e-13)
(52, 3)
1.8737028625000000e+14 6.6069577791973289e-01 2.0157417001333569e+00
1.8762521180952381e+14 6.6058475645840897e-01 2.0166243501842547e+00
1.8788013736904762e+14 6.6047467025640372e-01 2.0174827358954288e+00
1.8813506292857144e+14 6.6036499074388910e-01 2.0183167774936144e+00
1.8838998848809525e+14 6.6025394186833308e-01 2.0191265396821594e+00
1.8864491404761903e+14 6.6013847644142065e-01 2.0199115635458096e+00
1.8889983960714284e+14 6.6001455291396371e-01 2.0206702887008001e+00
1.8915476516666666e+14 6.5987763330827920e-01 2.0213997735001308e+00
1.8940969072619047e+14 6.5972326106826928e-01 2.0220958147580150e+00
1.8966461628571428e+14 6.5954756608051357e-01 2.0227534342783371e+00
1.8991954184523809e+14 6.5934758296308815e-01 2.0233675852002713e+00
1.9017446740476191e+14 6.5912134034962477e-01 2.0239338744413566e+00
1.9042939296428572e+14 6.5886775555024835e-01 2.0244491130992155e+00
1.9068431852380953e+14 6.5858642329279049e-01 2.0249115826624893e+00
1.9093924408333334e+14 6.5827740222228170e-01 2.0253210087176723e+00
1.9119416964285712e+14 6.5794107734567275e-01 2.0256783256216009e+00
1.9144909520238094e+14 6.5757812472671295e-01 2.0259853632787639e+00
1.9170402076190475e+14 6.5718954938746610e-01 2.0262445779149094e+00
1.9195894632142856e+14 6.5677673103949208e-01 2.0264588925044991e+00
1.9221387188095238e+14 6.5634140838422761e-01 2.0266316367588479e+00
1.9246879744047619e+14 6.5588556095796946e-01 2.0267665146307947e+00
1.9272372300000000e+14 6.5541119455560926e-01 2.0268675049608111e+00
1.9297864855952381e+14 6.5492008171836669e-01 2.0269386265192093e+00
1.9323357411904762e+14 6.5441353348385312e-01 2.0269835604587101e+00
1.9348849967857144e+14 6.5389227239183656e-01 2.0270051943968825e+00
1.9359660086208747e+14 6.5366684211368631e-01 2.0270077919997331e+00
1.9363532405457916e+14 6.5358545152669423e-01 2.0270077919997336e+00
1.9374342523809522e+14 6.5335644224364997e-01 2.0270052026131009e+00
1.9399835079761903e+14 6.5280574143371661e-01 2.0269837844086442e+00
1.9425327635714284e+14 6.5223962352831688e-01 2.0269396431479776e+00
1.9450820191666666e+14 6.5165748850357852e-01 2.0268702164995509e+00
1.9476312747619047e+14 6.5105879867368399e-01 2.0267720917034087e+00
1.9501805303571428e+14 6.5044309030036829e-01 2.0266414880656543e+00
1.9527297859523809e+14 6.4980989991677651e-01 2.0264746821495443e+00
1.9552790415476191e+14 6.4915866368723030e-01 2.0262682911882091e+00
1.9578282971428572e+14 6.4848866225183222e-01 2.0260194002382841e+00
1.9603775527380953e+14 6.4779906614727545e-01 2.0257255895793573e+00
1.9629268083333331e+14 6.4708909446698937e-01 2.0253849613468371e+00
1.9654760639285712e+14 6.4635824867970959e-01 2.0249962601174452e+00
1.9680253195238094e+14 6.4560654505169224e-01 2.0245591316568050e+00
1.9705745751190475e+14 6.4483465921452332e-01 2.0240744867070148e+00
1.9731238307142856e+14 6.4404392052965309e-01 2.0235448636157023e+00
1.9756730863095238e+14 6.4323614417787689e-01 2.0229746454522228e+00
1.9782223419047619e+14 6.4241334698251862e-01 2.0223700021757942e+00
1.9807715975000000e+14 6.4157743693640656e-01 2.0217384945585906e+00
1.9833208530952381e+14 6.4072997920943953e-01 2.0210883723290314e+00
1.9858701086904762e+14 6.3987211751906736e-01 2.0204276909067937e+00
1.9884193642857141e+14 6.3900467728831245e-01 2.0197634263392192e+00
1.9909686198809522e+14 6.3812841480992788e-01 2.0191007667667709e+00
1.9935178754761903e+14 6.3724432714892998e-01 2.0184427015492195e+00
1.9960671310714284e+14 6.3635391850031597e-01 2.0177899369070973e+00
1.9986163866666666e+14 6.3545933660038090e-01 2.0171410728704080e+00
("out 2","mode 1",1,"out 1",1,"transmission",4.1258554578535763e-13)
(52, 3)
1.8737028625000000e+14 3.6216888236219949e-02 -5.4280439619917564e-01
1.8762521180952381e+14 3.6115598109106098e-02 -5.2216666345618834e-01
1.8788013736904762e+14 3.5974093708041083e-02 -5.0177262642949216e-01
1.8813506292857144e+14 3.5794261960476310e-02 -4.8163808572759154e-01
1.8838998848809525e+14 3.5578060651094895e-02 -4.6177326094542342e-01
1.8864491404761903e+14 3.5327613229853762e-02 -4.4218674132824703e-01
1.8889983960714284e+14 3.5045261926273538e-02 -4.2289341301587130e-01
1.8915476516666666e+14 3.4733554490145861e-02 -4.0392351929760822e-01
1.8940969072619047e+14 3.4395139432691894e-02 -3.8532977299883603e-01
1.8966461628571428e+14 3.4032561560550727e-02 -3.6719030447208989e-01
1.8991954184523809e+14 3.3647983932951299e-02 -3.4960669346270973e-01
1.9017446740476191e+14 3.3242900458121248e-02 -3.3269774416609071e-01
1.9042939296428572e+14 3.2817924969139031e-02 -3.1659053869151926e-01
1.9068431852380953e+14 3.2372733075652360e-02 -3.0141052123796863e-01
1.9093924408333334e+14 3.1906192465340315e-02 -2.8727212668783453e-01
1.9119416964285712e+14 3.1416661340665356e-02 -2.7427110460853316e-01
1.9144909520238094e+14 3.0902386694378278e-02 -2.6247943158840392e-01
1.9170402076190475e+14 3.0361913177660946e-02 -2.5194355065112134e-01
1.9195894632142856e+14 2.9794424712171641e-02 -2.4268644057183517e-01
1.9221387188095238e+14 2.9199974603329865e-02 -2.3471350825705747e-01
1.9246879744047619e+14 2.8579596797141289e-02 -2.2802150773999486e-01
1.9272372300000000e+14 2.7935314464758845e-02 -2.2260887106332178e-01
1.9297864855952381e+14 2.7270066897120724e-02 -2.1848538750538427e-01
1.9323357411904762e+14 2.6587569018725197e-02 -2.1567939538975339e-01
1.9348849967857144e+14 2.5892113079560592e-02 -2.1424155043104062e-01
1.9359660086208747e+14 2.5594416249284671e-02 -2.1406209493586861e-01
1.9363532405457916e+14 2.5487482082587266e-02 -2.1406209493586864e-01
1.9374342523809522e+14 2.5188328739545279e-02 -2.1424543234212315e-01
1.9399835079761903e+14 2.4480934494928743e-02 -2.1578616856308289e-01
1.9425327635714284e+14 2.3774528779551361e-02 -2.1897841814666577e-01
1.9450820191666666e+14 2.3073469286416969e-02 -2.2395438764094658e-01
1.9476312747619047e+14 2.2381867468134062e-02 -2.3086143333099446e-01
1.9501805303571428e+14 2.1703687637439385e-02 -2.3985791619008490e-01
1.9527297859523809e+14 2.1042902737934327e-02 -2.5110591521132708e-01
1.9552790415476191e+14 2.0403639758151688e-02 -2.6476033871590560e-01
1.9578282971428572e+14 1.9790256971714847e-02 -2.8095549581446855e-01
1.9603775527380953e+14 1.9207328649850128e-02 -2.9979149509158620e-01
1.9629268083333331e+14 1.8659553945149565e-02 -3.2132314612277635e-01
1.9654760639285712e+14 1.8151634753444845e-02 -3.4555306100818983e-01
1.9680253195238094e+14 1.7688169207187358e-02 -3.7242880552761193e-01
1.9705745751190475e+14 1.7273583797601133e-02 -4.0184219193843806e-01
1.9731238307142856e+14 1.6912091758128921e-02 -4.3362815669544735e-01
1.9756730863095238e+14 1.6607637499616985e-02 -4.6756164911543824e-01
1.9782223419047619e+14 1.6363781595805531e-02 -5.0335324406077675e-01
1.9807715975000000e+14 1.6183501841353705e-02 -5.4064665893599384e-01
1.9833208530952381e+14 1.6068924270238812e-02 -5.7902258309168464e-01
1.9858701086904762e+14 1.6021036660409348e-02 -6.1801225440166685e-01
1.9884193642857141e+14 1.6039459012581574e-02 -6.5712114029222146e-01
1.9909686198809522e+14 1.6122341134311602e-02 -6.9585912153652807e-01
1.9935178754761903e+14 1.6266427245237875e-02 -7.3377054052756752e-01
1.9960671310714284e+14 1.6467280782945674e-02 -7.7045687857234091e-01
1.9986163866666666e+14 1.6719614751776742e-02 -8.0558714927835351e-01
("out 2","mode 1",1,"out 2",1,"transmission",3.7246176438060191e-13)
(52, 3)
1.8737028625000000e+14 8.7746439251267655e-03 -2.4436662651671752e+00
1.8762521180952381e+14 1.0795515894526674e-02 -2.7066468979021372e+00
1.8788013736904762e+14 1.2365035248094859e-02 -2.8963726171174904e+00
1.8813506292857144e+14 1.3141266949692310e-02 -3.0290181418795785e+00
1.8838998848809525e+14 1.3006567941282481e-02 -3.1026360058636335e+00
1.8864491404761903e+14 1.2117951988455599e-02 -3.0991452796296204e+00
1.8889983960714284e+14 1.0986529887654629e-02 -2.9880483561918258e+00
1.8915476516666666e+14 1.0486168905327312e-02 -2.7604762151762738e+00
1.8940969072619047e+14 1.1373278652225068e-02 -2.4974186358425903e+00
1.8966461628571428e+14 1.3501032234509321e-02 -2.3077501953856223e+00
1.8991954184523809e+14 1.6094731385805239e-02 -2.2074265248479672e+00
1.9017446740476191e+14 1.8461901178205765e-02 -2.1622619991176899e+00
1.9042939296428572e+14 2.0184220736934433e-02 -2.1402922231020884e+00
1.9068431852380953e+14 2.1085642120881262e-02 -2.1191734984315600e+00
1.9093924408333334e+14 2.1191140291544005e-02 -2.0823326191854008e+00
1.9119416964285712e+14 2.0699892199053660e-02 -2.0158953116081850e+00
1.9144909520238094e+14 1.9967436336657166e-02 -1.9085053296877148e+00
1.9170402076190475e+14 1.9477681237014596e-02 -1.7558767486952176e+00
1.9195894632142856e+14 1.9748976503914554e-02 -1.5699549782333373e+00
1.9221387188095238e+14 2.1129873044456939e-02 -1.3816574761456877e+00
1.9246879744047619e+14 2.3609048483239317e-02 -1.2240854872133689e+00
1.9272372300000000e+14 2.6836185040184070e-02 -1.1129330068873278e+00
1.9297864855952381e+14 3.0288898690819036e-02 -1.0461665759949832e+00
1.9323357411904762e+14 3.3409741365999175e-02 -1.0136352123058290e+00
1.9348849967857144e+14 3.5685260808967466e-02 -1.0032948916295910e+00
1.9359660086208747e+14 3.6290768884066370e-02 -1.0026107905024488e+00
1.9363532405457916e+14 3.6448030013022326e-02 -1.0026107905024488e+00
1.9374342523809522e+14 3.6711249283256427e-02 -1.0027501016778098e+00
1.9399835079761903e+14 3.6269790934654815e-02 -9.9838980204856353e-01
1.9425327635714284e+14 3.4425104123976071e-02 -9.7347456864056081e-01
1.9450820191666666e+14 3.1640521517146823e-02 -9.0650424189546863e-01
1.9476312747619047e+14 2.8888394463200670e-02 -7.7506503810732807e-01
1.9501805303571428e+14 2.7548236675905172e-02 -5.7788435417816975e-01
1.9527297859523809e+14 2.8651039594129631e-02 -3.6504868511341632e-01
1.9552790415476191e+14 3.1892306530929899e-02 -2.0492514257797317e-01
1.9578282971428572e+14 3.5904910461727786e-02 -1.1898077134195544e-01
1.9603775527380953e+14 3.9260768686629269e-02 -8.9603728658297147e-02
1.9629268083333331e+14 4.0952815928340588e-02 -9.1205265226705051e-02
1.9654760639285712e+14 4.0480809733073782e-02 -1.0009100430559760e-01
1.9680253195238094e+14 3.7875512276957318e-02 -9.2288327656714866e-02
1.9705745751190475e+14 3.3764204369788588e-02 -3.8518180473015064e-02
1.9731238307142856e+14 2.9484601091404699e-02 9.6261750342648222e-02
1.9756730863095238e+14 2.7007744644969408e-02 3.2553662404519451e-01
1.9782223419047619e+14 2.7831158822054305e-02 5.8252261165475439e-01
1.9807715975000000e+14 3.1344369763071797e-02 7.6706759343120856e-01
1.9833208530952381e+14 3.5534823675782992e-02 8.5850337057829984e-01
1.9858701086904762e+14 3.8669688565690245e-02 8.8868771323460094e-01
1.9884193642857141e+14 3.9780976586216453e-02 8.9243577295231902e-01
1.9909686198809522e+14 3.8612573233987306e-02 8.9902463447296688e-01
1.9935178754761903e+14 3.5573559016092243e-02 9.3709257264409884e-01
1.9960671310714284e+14 3.1752180510502263e-02 1.0375264320436997e+00
1.9986163866666666e+14 2.8836772373185854e-02 1.2199071570258520e+00
