1580.59, 1.13569e-09
1580.53, 1.13992e-09
1580.47, 1.14416e-09
1580.4, 1.14841e-09
1580.34, 1.15266e-09
1580.28, 1.15692e-09
1580.22, 1.16119e-09
1580.16, 1.16547e-09
1580.09, 1.16976e-09
1580.03, 1.17405e-09
1579.97, 1.17835e-09
1579.91, 1.18266e-09
1579.84, 1.18698e-09
1579.78, 1.19131e-09
1579.72, 1.19564e-09
1579.66, 1.19998e-09
1579.59, 1.20433e-09
1579.53, 1.20869e-09
1579.47, 1.21305e-09
1579.41, 1.21742e-09
1579.35, 1.2218e-09
1579.28, 1.22619e-09
1579.22, 1.23059e-09
1579.16, 1.23499e-09
1579.1, 1.2394e-09
1579.03, 1.24382e-09
1578.97, 1.24825e-09
1578.91, 1.25269e-09
1578.85, 1.25713e-09
1578.78, 1.26158e-09
1578.72, 1.26604e-09
1578.66, 1.27051e-09
1578.6, 1.27498e-09
1578.54, 1.27946e-09
1578.47, 1.28395e-09
1578.41, 1.28845e-09
1578.35, 1.29296e-09
1578.29, 1.29747e-09
1578.22, 1.30199e-09
1578.16, 1.30652e-09
1578.1, 1.31106e-09
1578.04, 1.31561e-09
1577.98, 1.32016e-09
1577.91, 1.32472e-09
1577.85, 1.32929e-09
1577.79, 1.33387e-09
1577.73, 1.32588e-09
1577.67, 1.31503e-09
1577.6, 1.30423e-09
1577.54, 1.29346e-09
1577.48, 1.28275e-09
1577.42, 1.27208e-09
1577.35, 1.26145e-09
1577.29, 1.25086e-09
1577.23, 1.24033e-09
1577.17, 1.22983e-09
1577.11, 1.21938e-09
1577.04, 1.20898e-09
1576.98, 1.19862e-09
1576.92, 1.1883e-09
1576.86, 1.17803e-09
1576.8, 1.16781e-09
1576.73, 1.15762e-09
1576.67, 1.14749e-09
1576.61, 1.13739e-09
1576.55, 1.12735e-09
1576.48, 1.11734e-09
1576.42, 1.10738e-09
1576.36, 1.09747e-09
1576.3, 1.0876e-09
1576.24, 1.07777e-09
1576.17, 1.06799e-09
1576.11, 1.05826e-09
1576.05, 1.04857e-09
1575.99, 1.03892e-09
1575.93, 1.02932e-09
1575.86, 1.01976e-09
1575.8, 1.01025e-09
1575.74, 1.00078e-09
1575.68, 9.91354e-10
1575.62, 9.81974e-10
1575.55, 9.7264e-10
1575.49, 9.63349e-10
1575.43, 9.54104e-10
1575.37, 9.44903e-10
1575.31, 9.35746e-10
1575.24, 9.26634e-10
1575.18, 9.17567e-10
1575.12, 9.08544e-10
1575.06, 8.99566e-10
1575, 8.90633e-10
1574.93, 8.81744e-10
1574.87, 8.72899e-10
1574.81, 8.641e-10
1574.75, 8.55344e-10
1574.69, 8.46634e-10
1574.63, 8.37968e-10
1574.56, 8.29346e-10
1574.5, 8.20769e-10
1574.44, 8.12237e-10
1574.38, 8.03749e-10
1574.32, 7.95306e-10
1574.25, 7.86908e-10
1574.19, 7.78554e-10
1574.13, 7.70244e-10
1574.07, 7.61979e-10
1574.01, 7.53759e-10
1573.94, 7.45583e-10
1573.88, 7.37452e-10
1573.82, 7.29366e-10
1573.76, 7.21324e-10
1573.7, 7.13326e-10
1573.63, 7.05374e-10
1573.57, 6.97466e-10
1573.51, 6.89602e-10
1573.45, 6.81783e-10
1573.39, 6.74008e-10
1573.33, 6.66279e-10
1573.26, 6.58593e-10
1573.2, 6.50953e-10
1573.14, 6.43357e-10
1573.08, 6.35805e-10
1573.02, 6.28298e-10
1572.95, 6.20836e-10
1572.89, 6.13418e-10
1572.83, 6.06045e-10
1572.77, 5.98716e-10
1572.71, 5.91432e-10
1572.65, 5.84192e-10
1572.58, 5.76998e-10
1572.52, 5.69847e-10
1572.46, 5.62742e-10
1572.4, 5.5568e-10
1572.34, 5.48664e-10
1572.28, 5.41692e-10
1572.21, 5.34764e-10
1572.15, 5.27882e-10
1572.09, 5.21043e-10
1572.03, 5.1425e-10
1571.97, 5.07501e-10
1571.91, 5.00796e-10
1571.84, 4.94136e-10
1571.78, 4.87521e-10
1571.72, 4.8095e-10
1571.66, 4.74424e-10
1571.6, 4.67942e-10
1571.54, 4.61505e-10
1571.47, 4.55113e-10
1571.41, 4.48765e-10
1571.35, 4.42462e-10
1571.29, 4.36203e-10
1571.23, 4.29989e-10
1571.17, 4.23819e-10
1571.1, 4.17694e-10
1571.04, 4.11614e-10
1570.98, 4.05578e-10
1570.92, 3.99587e-10
1570.86, 3.9364e-10
1570.8, 3.87738e-10
1570.73, 3.81881e-10
1570.67, 3.76068e-10
1570.61, 3.703e-10
1570.55, 3.64576e-10
1570.49, 3.58897e-10
1570.43, 3.53262e-10
1570.36, 3.47672e-10
1570.3, 3.42127e-10
1570.24, 3.36626e-10
1570.18, 3.3117e-10
1570.12, 3.25758e-10
1570.06, 3.20391e-10
1569.99, 3.15069e-10
1569.93, 3.09791e-10
1569.87, 3.04558e-10
1569.81, 2.99369e-10
1569.75, 2.94225e-10
1569.69, 2.89125e-10
1569.63, 2.8407e-10
1569.56, 2.7906e-10
1569.5, 2.74094e-10
1569.44, 2.69172e-10
1569.38, 2.64296e-10
1569.32, 2.59464e-10
1569.26, 2.54676e-10
1569.19, 2.49933e-10
1569.13, 2.45235e-10
1569.07, 2.40581e-10
1569.01, 2.35972e-10
1568.95, 2.31407e-10
1568.89, 2.26887e-10
1568.83, 2.22412e-10
1568.76, 2.17981e-10
1568.7, 2.13595e-10
1568.64, 2.09253e-10
1568.58, 2.04956e-10
1568.52, 2.00703e-10
1568.46, 1.96495e-10
1568.4, 1.92332e-10
1568.33, 1.88213e-10
1568.27, 1.84139e-10
1568.21, 1.80109e-10
1568.15, 1.76124e-10
1568.09, 1.72184e-10
1568.03, 1.68288e-10
1567.97, 1.64436e-10
1567.9, 1.6063e-10
1567.84, 1.56868e-10
1567.78, 1.5315e-10
1567.72, 1.49477e-10
1567.66, 1.45849e-10
1567.6, 1.42265e-10
1567.54, 1.38725e-10
1567.47, 1.35231e-10
1567.41, 1.31781e-10
1567.35, 1.28375e-10
1567.29, 1.25014e-10
1567.23, 1.21698e-10
1567.17, 1.18426e-10
1567.11, 1.15199e-10
1567.05, 1.12016e-10
1566.98, 1.08878e-10
1566.92, 1.05785e-10
1566.86, 1.02736e-10
1566.8, 9.97318e-11
1566.74, 9.67721e-11
1566.68, 9.38569e-11
1566.62, 9.55774e-11
1566.55, 9.83268e-11
1566.49, 1.01115e-10
1566.43, 1.03943e-10
1566.37, 1.06809e-10
1566.31, 1.09714e-10
1566.25, 1.12659e-10
1566.19, 1.15642e-10
1566.13, 1.18664e-10
1566.06, 1.21726e-10
1566, 1.24826e-10
1565.94, 1.27965e-10
1565.88, 1.31143e-10
1565.82, 1.34361e-10
1565.76, 1.37617e-10
1565.7, 1.40912e-10
1565.64, 1.44246e-10
1565.57, 1.4762e-10
1565.51, 1.51032e-10
1565.45, 1.54483e-10
1565.39, 1.57973e-10
1565.33, 1.61502e-10
1565.27, 1.6507e-10
1565.21, 1.68677e-10
1565.15, 1.72324e-10
1565.09, 1.76009e-10
1565.02, 1.79733e-10
1564.96, 1.83496e-10
1564.9, 1.87298e-10
1564.84, 1.91139e-10
1564.78, 1.95019e-10
1564.72, 1.98938e-10
1564.66, 2.02896e-10
1564.6, 2.06893e-10
1564.54, 2.10929e-10
1564.47, 2.15004e-10
1564.41, 2.19118e-10
1564.35, 2.23271e-10
1564.29, 2.27463e-10
1564.23, 2.31693e-10
1564.17, 2.35963e-10
1564.11, 2.40272e-10
1564.05, 2.4462e-10
1563.99, 2.49007e-10
1563.92, 2.53433e-10
1563.86, 2.57898e-10
1563.8, 2.62401e-10
1563.74, 2.66944e-10
1563.68, 2.71526e-10
1563.62, 2.76147e-10
1563.56, 2.80806e-10
1563.5, 2.85505e-10
1563.44, 2.90243e-10
1563.37, 2.9502e-10
1563.31, 2.99835e-10
1563.25, 3.0469e-10
1563.19, 3.09584e-10
1563.13, 3.14516e-10
1563.07, 3.19488e-10
1563.01, 3.24499e-10
1562.95, 3.29548e-10
1562.89, 3.34637e-10
1562.83, 3.39764e-10
1562.76, 3.44931e-10
1562.7, 3.50137e-10
1562.64, 3.55381e-10
1562.58, 3.60665e-10
1562.52, 3.65987e-10
1562.46, 3.71349e-10
1562.4, 3.76749e-10
1562.34, 3.82189e-10
1562.28, 3.87667e-10
1562.22, 3.93185e-10
1562.15, 3.98741e-10
1562.09, 4.04336e-10
1562.03, 4.09971e-10
1561.97, 4.15644e-10
1561.91, 4.21357e-10
1561.85, 4.27108e-10
1561.79, 4.32898e-10
1561.73, 4.38728e-10
1561.67, 4.44596e-10
1561.61, 4.50503e-10
1561.55, 4.5645e-10
1561.48, 4.62435e-10
1561.42, 4.68459e-10
1561.36, 4.74523e-10
1561.3, 4.80625e-10
1561.24, 4.86766e-10
1561.18, 4.92946e-10
1561.12, 4.99165e-10
1561.06, 5.05424e-10
1561, 5.11721e-10
1560.94, 5.18057e-10
1560.88, 5.24432e-10
1560.81, 5.30846e-10
1560.75, 5.37299e-10
1560.69, 5.43792e-10
1560.63, 5.50323e-10
1560.57, 5.56893e-10
1560.51, 5.63502e-10
1560.45, 5.7015e-10
1560.39, 5.76837e-10
1560.33, 5.83563e-10
1560.27, 5.90328e-10
1560.21, 5.97132e-10
1560.15, 6.03975e-10
1560.09, 6.10857e-10
1560.02, 6.17778e-10
1559.96, 6.24738e-10
1559.9, 6.31737e-10
1559.84, 6.38775e-10
1559.78, 6.45852e-10
1559.72, 6.52968e-10
1559.66, 6.60122e-10
1559.6, 6.67316e-10
1559.54, 6.74549e-10
1559.48, 6.81821e-10
1559.42, 6.89132e-10
1559.36, 6.96482e-10
1559.3, 7.0387e-10
1559.23, 7.11298e-10
1559.17, 7.18765e-10
1559.11, 7.26271e-10
1559.05, 7.33816e-10
1558.99, 7.41399e-10
1558.93, 7.49022e-10
1558.87, 7.56684e-10
1558.81, 7.64384e-10
1558.75, 7.72124e-10
1558.69, 7.79903e-10
1558.63, 7.8772e-10
1558.57, 7.95577e-10
1558.51, 8.03473e-10
1558.45, 8.11407e-10
1558.39, 8.19381e-10
1558.32, 8.27394e-10
1558.26, 8.35445e-10
1558.2, 8.43536e-10
1558.14, 8.51665e-10
1558.08, 8.59834e-10
1558.02, 8.68041e-10
1557.96, 8.76288e-10
1557.9, 8.84573e-10
1557.84, 8.92898e-10
1557.78, 9.01261e-10
1557.72, 9.09664e-10
1557.66, 9.18105e-10
1557.6, 9.26586e-10
1557.54, 9.35105e-10
1557.48, 9.43663e-10
1557.42, 9.52261e-10
1557.35, 9.60897e-10
1557.29, 9.69572e-10
1557.23, 9.78287e-10
1557.17, 9.8704e-10
1557.11, 9.95832e-10
1557.05, 1.00466e-09
1556.99, 1.01353e-09
1556.93, 1.02244e-09
1556.87, 1.03139e-09
1556.81, 1.04038e-09
1556.75, 1.04941e-09
1556.69, 1.05847e-09
1556.63, 1.06757e-09
1556.57, 1.07672e-09
1556.51, 1.0859e-09
1556.45, 1.09512e-09
1556.39, 1.10438e-09
1556.33, 1.11368e-09
1556.27, 1.12302e-09
1556.2, 1.1324e-09
1556.14, 1.14181e-09
1556.08, 1.15127e-09
1556.02, 1.16076e-09
1555.96, 1.17029e-09
1555.9, 1.17987e-09
1555.84, 1.18948e-09
1555.78, 1.19913e-09
1555.72, 1.20882e-09
1555.66, 1.21854e-09
1555.6, 1.22831e-09
1555.54, 1.24932e-09
1555.48, 1.30261e-09
1555.42, 1.35702e-09
1555.36, 1.41254e-09
1555.3, 1.46917e-09
1555.24, 1.52692e-09
1555.18, 1.58578e-09
1555.12, 1.64575e-09
1555.06, 1.70684e-09
1555, 1.76904e-09
1554.94, 1.83235e-09
1554.88, 1.89677e-09
1554.81, 1.96231e-09
1554.75, 2.02896e-09
1554.69, 2.09673e-09
1554.63, 2.1656e-09
1554.57, 2.23559e-09
1554.51, 2.3067e-09
1554.45, 2.37891e-09
1554.39, 2.45224e-09
1554.33, 2.52669e-09
1554.27, 2.60224e-09
1554.21, 2.67891e-09
1554.15, 2.75669e-09
1554.09, 2.83559e-09
1554.03, 2.9156e-09
1553.97, 2.99672e-09
1553.91, 3.07895e-09
1553.85, 3.1623e-09
1553.79, 3.24676e-09
1553.73, 3.33233e-09
1553.67, 3.41902e-09
1553.61, 3.50682e-09
1553.55, 3.59573e-09
1553.49, 3.68576e-09
1553.43, 3.7769e-09
1553.37, 3.86915e-09
1553.31, 3.96252e-09
1553.25, 4.05699e-09
1553.19, 4.15259e-09
1553.13, 4.24929e-09
1553.07, 4.34711e-09
1553.01, 4.44604e-09
1552.95, 4.54608e-09
1552.89, 4.64724e-09
1552.83, 4.74951e-09
1552.76, 4.85289e-09
1552.7, 4.95739e-09
1552.64, 5.063e-09
1552.58, 5.16972e-09
1552.52, 5.27756e-09
1552.46, 5.38651e-09
1552.4, 5.49657e-09
1552.34, 5.60774e-09
1552.28, 5.72003e-09
1552.22, 5.83343e-09
1552.16, 5.94795e-09
1552.1, 6.06357e-09
1552.04, 6.18031e-09
1551.98, 6.29817e-09
1551.92, 6.41713e-09
1551.86, 6.53721e-09
1551.8, 6.65841e-09
1551.74, 6.78071e-09
1551.68, 6.90413e-09
1551.62, 7.02866e-09
1551.56, 7.15431e-09
1551.5, 7.28107e-09
1551.44, 7.40894e-09
1551.38, 7.53792e-09
1551.32, 7.66802e-09
1551.26, 7.79923e-09
1551.2, 7.93155e-09
1551.14, 8.06499e-09
1551.08, 8.19954e-09
1551.02, 8.3352e-09
1550.96, 8.47198e-09
1550.9, 8.60987e-09
1550.84, 8.74887e-09
1550.78, 8.88899e-09
1550.72, 9.03022e-09
1550.66, 9.17256e-09
1550.6, 9.31601e-09
1550.54, 9.46058e-09
1550.48, 9.60626e-09
1550.42, 9.75306e-09
1550.36, 9.90096e-09
1550.3, 1.005e-08
1550.24, 1.02001e-08
1550.18, 1.03514e-08
1550.12, 1.05037e-08
1550.06, 1.06572e-08
1550, 1.08118e-08
1549.94, 1.09675e-08
1549.88, 1.11243e-08
1549.82, 1.12822e-08
1549.76, 1.14413e-08
1549.7, 1.16014e-08
1549.64, 1.17627e-08
1549.58, 1.1925e-08
1549.52, 1.20885e-08
1549.46, 1.22531e-08
1549.4, 1.24189e-08
1549.34, 1.25857e-08
1549.28, 1.27536e-08
1549.22, 1.29227e-08
1549.16, 1.30929e-08
1549.1, 1.32641e-08
1549.04, 1.34365e-08
1548.98, 1.361e-08
1548.92, 1.37847e-08
1548.86, 1.39604e-08
1548.8, 1.41372e-08
1548.74, 1.43152e-08
1548.68, 1.44943e-08
1548.62, 1.46745e-08
1548.56, 1.48558e-08
1548.5, 1.50382e-08
1548.44, 1.52217e-08
1548.38, 1.54063e-08
1548.32, 1.55921e-08
1548.26, 1.5779e-08
1548.2, 1.59669e-08
1548.14, 1.6156e-08
1548.08, 1.63462e-08
1548.02, 1.65376e-08
1547.96, 1.673e-08
1547.9, 1.69235e-08
1547.84, 1.71182e-08
1547.78, 1.7314e-08
1547.72, 1.75108e-08
1547.66, 1.77088e-08
1547.6, 1.79079e-08
1547.54, 1.81082e-08
1547.48, 1.83095e-08
1547.42, 1.8512e-08
1547.36, 1.87155e-08
1547.3, 1.89202e-08
1547.24, 1.9126e-08
1547.19, 1.93329e-08
1547.13, 1.95409e-08
1547.07, 1.975e-08
1547.01, 1.99603e-08
1546.95, 2.01716e-08
1546.89, 2.03841e-08
1546.83, 2.05977e-08
1546.77, 2.08124e-08
1546.71, 2.10282e-08
1546.65, 2.12451e-08
1546.59, 2.14631e-08
1546.53, 2.16823e-08
1546.47, 2.19025e-08
1546.41, 2.21239e-08
1546.35, 2.23464e-08
1546.29, 2.257e-08
1546.23, 2.27947e-08
1546.17, 2.30205e-08
1546.11, 2.32474e-08
1546.05, 2.34755e-08
1545.99, 2.37047e-08
1545.93, 2.39349e-08
1545.87, 2.41663e-08
1545.81, 2.43988e-08
1545.75, 2.46324e-08
1545.69, 2.48672e-08
1545.63, 2.5103e-08
1545.57, 2.534e-08
1545.51, 2.5578e-08
1545.45, 2.58172e-08
1545.39, 2.60575e-08
1545.33, 2.62989e-08
1545.27, 2.65414e-08
1545.21, 2.67851e-08
1545.16, 2.70298e-08
1545.1, 2.72757e-08
1545.04, 2.75227e-08
1544.98, 2.77707e-08
1544.92, 2.80199e-08
1544.86, 2.82702e-08
1544.8, 2.85217e-08
1544.74, 2.87742e-08
1544.68, 2.90279e-08
1544.62, 2.92826e-08
1544.56, 2.95385e-08
1544.5, 2.97955e-08
1544.44, 3.0018e-08
1544.38, 2.97979e-08
1544.32, 2.95786e-08
1544.26, 2.93601e-08
1544.2, 2.91425e-08
1544.14, 2.89256e-08
1544.08, 2.87096e-08
1544.02, 2.84943e-08
1543.96, 2.82799e-08
1543.9, 2.80663e-08
1543.84, 2.78535e-08
1543.79, 2.76415e-08
1543.73, 2.74303e-08
1543.67, 2.72199e-08
1543.61, 2.70104e-08
1543.55, 2.68016e-08
1543.49, 2.65936e-08
1543.43, 2.63865e-08
1543.37, 2.61802e-08
1543.31, 2.59747e-08
1543.25, 2.577e-08
1543.19, 2.55661e-08
1543.13, 2.5363e-08
1543.07, 2.51607e-08
1543.01, 2.49592e-08
1542.95, 2.47586e-08
1542.89, 2.45587e-08
1542.83, 2.43597e-08
1542.77, 2.41615e-08
1542.71, 2.3964e-08
1542.65, 2.37674e-08
1542.6, 2.35716e-08
1542.54, 2.33766e-08
1542.48, 2.31825e-08
1542.42, 2.29891e-08
1542.36, 2.27965e-08
1542.3, 2.26048e-08
1542.24, 2.24138e-08
1542.18, 2.22237e-08
1542.12, 2.20344e-08
1542.06, 2.18459e-08
1542, 2.16582e-08
1541.94, 2.14713e-08
1541.88, 2.12852e-08
1541.82, 2.10999e-08
1541.76, 2.09155e-08
1541.7, 2.07318e-08
1541.65, 2.0549e-08
1541.59, 2.03669e-08
1541.53, 2.01857e-08
1541.47, 2.00053e-08
1541.41, 1.98257e-08
1541.35, 1.96469e-08
1541.29, 1.94689e-08
1541.23, 1.92918e-08
1541.17, 1.91154e-08
1541.11, 1.89398e-08
1541.05, 1.87651e-08
1540.99, 1.85912e-08
1540.93, 1.8418e-08
1540.87, 1.82457e-08
1540.81, 1.80742e-08
1540.76, 1.79035e-08
1540.7, 1.77337e-08
1540.64, 1.75646e-08
1540.58, 1.73963e-08
1540.52, 1.72289e-08
1540.46, 1.70622e-08
1540.4, 1.68964e-08
1540.34, 1.67314e-08
1540.28, 1.65671e-08
1540.22, 1.64037e-08
1540.16, 1.62411e-08
1540.1, 1.60794e-08
1540.04, 1.59184e-08
1539.99, 1.57582e-08
1539.93, 1.55989e-08
1539.87, 1.54403e-08
1539.81, 1.52826e-08
1539.75, 1.51256e-08
1539.69, 1.49695e-08
1539.63, 1.48142e-08
1539.57, 1.46597e-08
1539.51, 1.4506e-08
1539.45, 1.43532e-08
1539.39, 1.42011e-08
1539.33, 1.40498e-08
1539.27, 1.38994e-08
1539.22, 1.37498e-08
1539.16, 1.36009e-08
1539.1, 1.34529e-08
1539.04, 1.33057e-08
1538.98, 1.31593e-08
1538.92, 1.30137e-08
1538.86, 1.28689e-08
1538.8, 1.2725e-08
1538.74, 1.25818e-08
1538.68, 1.24395e-08
1538.62, 1.22979e-08
1538.56, 1.21572e-08
1538.51, 1.20173e-08
1538.45, 1.18782e-08
1538.39, 1.17399e-08
1538.33, 1.16024e-08
1538.27, 1.14657e-08
1538.21, 1.13298e-08
1538.15, 1.11948e-08
1538.09, 1.10605e-08
1538.03, 1.09271e-08
1537.97, 1.07944e-08
1537.91, 1.06626e-08
1537.86, 1.05316e-08
1537.8, 1.04014e-08
1537.74, 1.0272e-08
1537.68, 1.01434e-08
1537.62, 1.00157e-08
1537.56, 9.88869e-09
1537.5, 9.76254e-09
1537.44, 9.6372e-09
1537.38, 9.51267e-09
1537.32, 9.38894e-09
1537.27, 9.26603e-09
1537.21, 9.14393e-09
1537.15, 9.02263e-09
1537.09, 8.90215e-09
1537.03, 8.78248e-09
1536.97, 8.66361e-09
1536.91, 8.54556e-09
1536.85, 8.42832e-09
1536.79, 8.31188e-09
1536.73, 8.19626e-09
1536.68, 8.08144e-09
1536.62, 7.96744e-09
1536.56, 7.85425e-09
1536.5, 7.74186e-09
1536.44, 7.63029e-09
1536.38, 7.51952e-09
1536.32, 7.40957e-09
1536.26, 7.30042e-09
1536.2, 7.19208e-09
1536.14, 7.08456e-09
1536.09, 6.97784e-09
1536.03, 6.87194e-09
1535.97, 6.76684e-09
1535.91, 6.66255e-09
1535.85, 6.55908e-09
1535.79, 6.45641e-09
1535.73, 6.35456e-09
1535.67, 6.25351e-09
1535.61, 6.15327e-09
1535.56, 6.05384e-09
1535.5, 5.95523e-09
1535.44, 5.85742e-09
1535.38, 5.76042e-09
1535.32, 5.66423e-09
1535.26, 5.56886e-09
1535.2, 5.47429e-09
1535.14, 5.38053e-09
1535.08, 5.28758e-09
1535.03, 5.19544e-09
1534.97, 5.10411e-09
1534.91, 5.0136e-09
1534.85, 4.92389e-09
1534.79, 4.83499e-09
1534.73, 4.7469e-09
1534.67, 4.65962e-09
1534.61, 4.57315e-09
1534.56, 4.48749e-09
1534.5, 4.40264e-09
1534.44, 4.3186e-09
1534.38, 4.23537e-09
1534.32, 4.15295e-09
1534.26, 4.07134e-09
1534.2, 3.99054e-09
1534.14, 3.91055e-09
1534.09, 3.83137e-09
1534.03, 3.753e-09
1533.97, 3.67543e-09
1533.91, 3.59868e-09
1533.85, 3.52274e-09
1533.79, 3.44761e-09
1533.73, 3.37329e-09
1533.67, 3.29978e-09
1533.62, 3.22707e-09
1533.56, 3.15518e-09
1533.5, 3.0841e-09
1533.44, 3.01383e-09
1533.38, 2.94436e-09
1533.32, 2.91403e-09
1533.26, 3.03609e-09
1533.2, 3.16064e-09
1533.15, 3.2877e-09
1533.09, 3.41727e-09
1533.03, 3.54933e-09
1532.97, 3.6839e-09
1532.91, 3.82098e-09
1532.85, 3.96056e-09
1532.79, 4.10264e-09
1532.73, 4.24723e-09
1532.68, 4.39432e-09
1532.62, 4.54391e-09
1532.56, 4.69601e-09
1532.5, 4.85062e-09
1532.44, 5.00772e-09
1532.38, 5.16733e-09
1532.32, 5.32945e-09
1532.27, 5.49406e-09
1532.21, 5.66119e-09
1532.15, 5.83081e-09
1532.09, 6.00294e-09
1532.03, 6.17757e-09
1531.97, 6.35471e-09
1531.91, 6.53435e-09
1531.85, 6.7165e-09
1531.8, 6.90115e-09
1531.74, 7.0883e-09
1531.68, 7.27796e-09
1531.62, 7.47012e-09
1531.56, 7.66478e-09
1531.5, 7.86195e-09
1531.44, 8.06162e-09
1531.39, 8.2638e-09
1531.33, 8.46848e-09
1531.27, 8.67566e-09
1531.21, 8.88535e-09
1531.15, 9.09754e-09
1531.09, 9.31223e-09
1531.03, 9.52943e-09
1530.98, 9.74914e-09
1530.92, 9.97134e-09
1530.86, 1.01961e-08
1530.8, 1.04233e-08
1530.74, 1.0653e-08
1530.68, 1.08852e-08
1530.63, 1.11199e-08
1530.57, 1.13572e-08
1530.51, 1.15969e-08
1530.45, 1.18391e-08
1530.39, 1.20839e-08
1530.33, 1.23311e-08
1530.27, 1.25809e-08
1530.22, 1.28331e-08
1530.16, 1.30879e-08
1530.1, 1.33451e-08
1530.04, 1.36049e-08
1529.98, 1.38672e-08
1529.92, 1.41319e-08
1529.87, 1.43992e-08
1529.81, 1.4669e-08
1529.75, 1.49413e-08
1529.69, 1.52161e-08
1529.63, 1.54934e-08
1529.57, 1.57732e-08
1529.51, 1.60555e-08
1529.46, 1.63403e-08
1529.4, 1.66276e-08
1529.34, 1.69174e-08
1529.28, 1.72097e-08
1529.22, 1.75045e-08
1529.16, 1.78018e-08
1529.11, 1.81017e-08
1529.05, 1.8404e-08
1528.99, 1.87088e-08
1528.93, 1.90162e-08
1528.87, 1.9326e-08
1528.81, 1.96384e-08
1528.76, 1.99532e-08
1528.7, 2.02706e-08
1528.64, 2.05904e-08
1528.58, 2.09128e-08
1528.52, 2.12376e-08
1528.46, 2.1565e-08
1528.41, 2.18949e-08
1528.35, 2.22273e-08
1528.29, 2.25621e-08
1528.23, 2.28995e-08
1528.17, 2.32394e-08
1528.11, 2.35818e-08
1528.06, 2.39267e-08
1528, 2.42741e-08
1527.94, 2.4624e-08
1527.88, 2.49764e-08
1527.82, 2.53313e-08
1527.76, 2.56887e-08
1527.71, 2.60487e-08
1527.65, 2.64111e-08
1527.59, 2.6776e-08
1527.53, 2.71434e-08
1527.47, 2.75134e-08
1527.41, 2.78858e-08
1527.36, 2.82608e-08
1527.3, 2.86382e-08
1527.24, 2.90182e-08
1527.18, 2.94006e-08
1527.12, 2.97856e-08
1527.06, 3.0173e-08
1527.01, 3.0563e-08
1526.95, 3.09555e-08
1526.89, 3.13504e-08
1526.83, 3.17479e-08
1526.77, 3.21479e-08
1526.72, 3.25504e-08
1526.66, 3.29554e-08
1526.6, 3.33629e-08
1526.54, 3.37729e-08
1526.48, 3.41854e-08
1526.42, 3.46004e-08
1526.37, 3.50179e-08
1526.31, 3.54379e-08
1526.25, 3.58604e-08
1526.19, 3.62854e-08
1526.13, 3.6713e-08
1526.08, 3.7143e-08
1526.02, 3.75755e-08
1525.96, 3.80105e-08
1525.9, 3.84481e-08
1525.84, 3.88881e-08
1525.78, 3.93307e-08
1525.73, 3.97757e-08
1525.67, 4.02233e-08
1525.61, 4.06733e-08
1525.55, 4.11259e-08
1525.49, 4.1581e-08
1525.44, 4.20385e-08
1525.38, 4.24986e-08
1525.32, 4.29612e-08
1525.26, 4.34263e-08
1525.2, 4.38939e-08
1525.15, 4.43639e-08
1525.09, 4.48365e-08
1525.03, 4.53116e-08
1524.97, 4.57892e-08
1524.91, 4.62693e-08
1524.85, 4.6752e-08
1524.8, 4.72371e-08
1524.74, 4.77247e-08
1524.68, 4.82148e-08
1524.62, 4.87074e-08
1524.56, 4.92026e-08
1524.51, 4.97002e-08
1524.45, 5.02003e-08
1524.39, 5.0703e-08
1524.33, 5.12081e-08
1524.27, 5.17158e-08
1524.22, 5.22259e-08
1524.16, 5.27386e-08
1524.1, 5.32537e-08
1524.04, 5.37714e-08
1523.98, 5.42915e-08
1523.93, 5.48142e-08
1523.87, 5.53394e-08
1523.81, 5.58671e-08
1523.75, 5.63973e-08
1523.69, 5.69299e-08
1523.64, 5.74651e-08
1523.58, 5.80028e-08
1523.52, 5.8543e-08
1523.46, 5.90857e-08
1523.4, 5.96309e-08
1523.35, 6.01786e-08
1523.29, 6.07289e-08
1523.23, 6.12816e-08
1523.17, 6.18368e-08
1523.11, 6.23945e-08
1523.06, 6.29547e-08
1523, 6.35175e-08
1522.94, 6.40827e-08
1522.88, 6.46505e-08
1522.82, 6.52207e-08
1522.77, 6.57934e-08
1522.71, 6.63687e-08
1522.65, 6.69465e-08
1522.59, 6.75267e-08
1522.54, 6.81095e-08
1522.48, 6.86947e-08
1522.42, 6.92825e-08
1522.36, 6.98728e-08
1522.3, 7.04656e-08
1522.25, 7.10609e-08
1522.19, 7.22123e-08
1522.13, 7.3764e-08
1522.07, 7.53323e-08
1522.01, 7.6917e-08
1521.96, 7.85182e-08
1521.9, 8.01359e-08
1521.84, 8.17702e-08
1521.78, 8.34209e-08
1521.73, 8.50881e-08
1521.67, 8.67718e-08
1521.61, 8.8472e-08
1521.55, 9.01887e-08
1521.49, 9.19218e-08
1521.44, 9.36715e-08
1521.38, 9.54377e-08
1521.32, 9.72204e-08
1521.26, 9.90195e-08
1521.21, 1.00835e-07
1521.15, 1.02667e-07
1521.09, 1.04516e-07
1521.03, 1.06381e-07
1520.97, 1.08263e-07
1520.92, 1.10161e-07
1520.86, 1.12076e-07
1520.8, 1.14007e-07
1520.74, 1.15954e-07
1520.69, 1.17918e-07
1520.63, 1.19899e-07


