1580.59, 0.347108
1580.53, 0.346456
1580.47, 0.345806
1580.4, 0.345156
1580.34, 0.344506
1580.28, 0.343857
1580.22, 0.343209
1580.16, 0.342561
1580.09, 0.341914
1580.03, 0.341268
1579.97, 0.340622
1579.91, 0.339977
1579.84, 0.339332
1579.78, 0.338688
1579.72, 0.338045
1579.66, 0.337402
1579.59, 0.33676
1579.53, 0.336119
1579.47, 0.335478
1579.41, 0.334837
1579.35, 0.334198
1579.28, 0.333559
1579.22, 0.33292
1579.16, 0.332282
1579.1, 0.331645
1579.03, 0.331008
1578.97, 0.330372
1578.91, 0.329737
1578.85, 0.329102
1578.78, 0.328468
1578.72, 0.327834
1578.66, 0.327201
1578.6, 0.326569
1578.54, 0.325937
1578.47, 0.325306
1578.41, 0.324676
1578.35, 0.324046
1578.29, 0.323416
1578.22, 0.322788
1578.16, 0.32216
1578.1, 0.321532
1578.04, 0.320905
1577.98, 0.320279
1577.91, 0.319654
1577.85, 0.319029
1577.79, 0.318404
1577.73, 0.318951
1577.67, 0.319769
1577.6, 0.320588
1577.54, 0.321409
1577.48, 0.32223
1577.42, 0.323053
1577.35, 0.323876
1577.29, 0.324701
1577.23, 0.325526
1577.17, 0.326353
1577.11, 0.327181
1577.04, 0.32801
1576.98, 0.328839
1576.92, 0.32967
1576.86, 0.330502
1576.8, 0.331335
1576.73, 0.332169
1576.67, 0.333004
1576.61, 0.33384
1576.55, 0.334677
1576.48, 0.335516
1576.42, 0.336355
1576.36, 0.337195
1576.3, 0.338037
1576.24, 0.338879
1576.17, 0.339722
1576.11, 0.340567
1576.05, 0.341412
1575.99, 0.342259
1575.93, 0.343107
1575.86, 0.343955
1575.8, 0.344805
1575.74, 0.345656
1575.68, 0.346508
1575.62, 0.347361
1575.55, 0.348215
1575.49, 0.34907
1575.43, 0.349926
1575.37, 0.350783
1575.31, 0.351641
1575.24, 0.3525
1575.18, 0.35336
1575.12, 0.354221
1575.06, 0.355084
1575, 0.355947
1574.93, 0.356811
1574.87, 0.357677
1574.81, 0.358543
1574.75, 0.359411
1574.69, 0.36028
1574.63, 0.361149
1574.56, 0.36202
1574.5, 0.362892
1574.44, 0.363765
1574.38, 0.364638
1574.32, 0.365513
1574.25, 0.366389
1574.19, 0.367266
1574.13, 0.368144
1574.07, 0.369023
1574.01, 0.369903
1573.94, 0.370785
1573.88, 0.371667
1573.82, 0.37255
1573.76, 0.373435
1573.7, 0.37432
1573.63, 0.375206
1573.57, 0.376094
1573.51, 0.376982
1573.45, 0.377872
1573.39, 0.378763
1573.33, 0.379654
1573.26, 0.380547
1573.2, 0.381441
1573.14, 0.382335
1573.08, 0.383231
1573.02, 0.384128
1572.95, 0.385026
1572.89, 0.385925
1572.83, 0.386825
1572.77, 0.387726
1572.71, 0.388629
1572.65, 0.389532
1572.58, 0.390436
1572.52, 0.391341
1572.46, 0.392248
1572.4, 0.393155
1572.34, 0.394063
1572.28, 0.394973
1572.21, 0.395883
1572.15, 0.396795
1572.09, 0.397708
1572.03, 0.398621
1571.97, 0.399536
1571.91, 0.400452
1571.84, 0.401369
1571.78, 0.402287
1571.72, 0.403206
1571.66, 0.404126
1571.6, 0.405047
1571.54, 0.405969
1571.47, 0.406892
1571.41, 0.407816
1571.35, 0.408741
1571.29, 0.409667
1571.23, 0.410595
1571.17, 0.411523
1571.1, 0.412452
1571.04, 0.413383
1570.98, 0.414314
1570.92, 0.415247
1570.86, 0.416181
1570.8, 0.417115
1570.73, 0.418051
1570.67, 0.418988
1570.61, 0.419925
1570.55, 0.420864
1570.49, 0.421804
1570.43, 0.422745
1570.36, 0.423687
1570.3, 0.42463
1570.24, 0.425574
1570.18, 0.426519
1570.12, 0.427466
1570.06, 0.428413
1569.99, 0.429361
1569.93, 0.43031
1569.87, 0.431261
1569.81, 0.432212
1569.75, 0.433165
1569.69, 0.434118
1569.63, 0.435073
1569.56, 0.436028
1569.5, 0.436985
1569.44, 0.437943
1569.38, 0.438902
1569.32, 0.439861
1569.26, 0.440822
1569.19, 0.441784
1569.13, 0.442747
1569.07, 0.443711
1569.01, 0.444676
1568.95, 0.445642
1568.89, 0.446609
1568.83, 0.447578
1568.76, 0.448547
1568.7, 0.449517
1568.64, 0.450488
1568.58, 0.451461
1568.52, 0.452434
1568.46, 0.453409
1568.4, 0.454384
1568.33, 0.455361
1568.27, 0.456339
1568.21, 0.457317
1568.15, 0.458297
1568.09, 0.459278
1568.03, 0.46026
1567.97, 0.461242
1567.9, 0.462226
1567.84, 0.463211
1567.78, 0.464197
1567.72, 0.465184
1567.66, 0.466173
1567.6, 0.467162
1567.54, 0.468152
1567.47, 0.469143
1567.41, 0.470135
1567.35, 0.471129
1567.29, 0.472123
1567.23, 0.473119
1567.17, 0.474115
1567.11, 0.475113
1567.05, 0.476111
1566.98, 0.477111
1566.92, 0.478112
1566.86, 0.479113
1566.8, 0.480116
1566.74, 0.48112
1566.68, 0.482125
1566.62, 0.482273
1566.55, 0.482236
1566.49, 0.4822
1566.43, 0.482163
1566.37, 0.482127
1566.31, 0.48209
1566.25, 0.482053
1566.19, 0.482017
1566.13, 0.48198
1566.06, 0.481943
1566, 0.481907
1565.94, 0.48187
1565.88, 0.481833
1565.82, 0.481797
1565.76, 0.48176
1565.7, 0.481724
1565.64, 0.481687
1565.57, 0.48165
1565.51, 0.481614
1565.45, 0.481577
1565.39, 0.48154
1565.33, 0.481504
1565.27, 0.481467
1565.21, 0.481431
1565.15, 0.481394
1565.09, 0.481357
1565.02, 0.481321
1564.96, 0.481284
1564.9, 0.481248
1564.84, 0.481211
1564.78, 0.481174
1564.72, 0.481138
1564.66, 0.481101
1564.6, 0.481065
1564.54, 0.481028
1564.47, 0.480991
1564.41, 0.480955
1564.35, 0.480918
1564.29, 0.480882
1564.23, 0.480845
1564.17, 0.480808
1564.11, 0.480772
1564.05, 0.480735
1563.99, 0.480699
1563.92, 0.480662
1563.86, 0.480625
1563.8, 0.480589
1563.74, 0.480552
1563.68, 0.480516
1563.62, 0.480479
1563.56, 0.480443
1563.5, 0.480406
1563.44, 0.480369
1563.37, 0.480333
1563.31, 0.480296
1563.25, 0.48026
1563.19, 0.480223
1563.13, 0.480187
1563.07, 0.48015
1563.01, 0.480113
1562.95, 0.480077
1562.89, 0.48004
1562.83, 0.480004
1562.76, 0.479967
1562.7, 0.479931
1562.64, 0.479894
1562.58, 0.479857
1562.52, 0.479821
1562.46, 0.479784
1562.4, 0.479748
1562.34, 0.479711
1562.28, 0.479675
1562.22, 0.479638
1562.15, 0.479602
1562.09, 0.479565
1562.03, 0.479529
1561.97, 0.479492
1561.91, 0.479455
1561.85, 0.479419
1561.79, 0.479382
1561.73, 0.479346
1561.67, 0.479309
1561.61, 0.479273
1561.55, 0.479236
1561.48, 0.4792
1561.42, 0.479163
1561.36, 0.479127
1561.3, 0.47909
1561.24, 0.479054
1561.18, 0.479017
1561.12, 0.478981
1561.06, 0.478944
1561, 0.478908
1560.94, 0.478871
1560.88, 0.478835
1560.81, 0.478798
1560.75, 0.478761
1560.69, 0.478725
1560.63, 0.478688
1560.57, 0.478652
1560.51, 0.478615
1560.45, 0.478579
1560.39, 0.478542
1560.33, 0.478506
1560.27, 0.478469
1560.21, 0.478433
1560.15, 0.478396
1560.09, 0.47836
1560.02, 0.478323
1559.96, 0.478287
1559.9, 0.47825
1559.84, 0.478214
1559.78, 0.478177
1559.72, 0.478141
1559.66, 0.478104
1559.6, 0.478068
1559.54, 0.478032
1559.48, 0.477995
1559.42, 0.477959
1559.36, 0.477922
1559.3, 0.477886
1559.23, 0.477849
1559.17, 0.477813
1559.11, 0.477776
1559.05, 0.47774
1558.99, 0.477703
1558.93, 0.477667
1558.87, 0.47763
1558.81, 0.477594
1558.75, 0.477557
1558.69, 0.477521
1558.63, 0.477484
1558.57, 0.477448
1558.51, 0.477411
1558.45, 0.477375
1558.39, 0.477339
1558.32, 0.477302
1558.26, 0.477266
1558.2, 0.477229
1558.14, 0.477193
1558.08, 0.477156
1558.02, 0.47712
1557.96, 0.477083
1557.9, 0.477047
1557.84, 0.47701
1557.78, 0.476974
1557.72, 0.476938
1557.66, 0.476901
1557.6, 0.476865
1557.54, 0.476828
1557.48, 0.476792
1557.42, 0.476755
1557.35, 0.476719
1557.29, 0.476683
1557.23, 0.476646
1557.17, 0.47661
1557.11, 0.476573
1557.05, 0.476537
1556.99, 0.4765
1556.93, 0.476464
1556.87, 0.476428
1556.81, 0.476391
1556.75, 0.476355
1556.69, 0.476318
1556.63, 0.476282
1556.57, 0.476245
1556.51, 0.476209
1556.45, 0.476173
1556.39, 0.476136
1556.33, 0.4761
1556.27, 0.476063
1556.2, 0.476027
1556.14, 0.475991
1556.08, 0.475954
1556.02, 0.475918
1555.96, 0.475881
1555.9, 0.475845
1555.84, 0.475809
1555.78, 0.475772
1555.72, 0.475736
1555.66, 0.475699
1555.6, 0.475663
1555.54, 0.475611
1555.48, 0.475514
1555.42, 0.475417
1555.36, 0.47532
1555.3, 0.475223
1555.24, 0.475126
1555.18, 0.47503
1555.12, 0.474933
1555.06, 0.474836
1555, 0.474739
1554.94, 0.474642
1554.88, 0.474545
1554.81, 0.474449
1554.75, 0.474352
1554.69, 0.474255
1554.63, 0.474158
1554.57, 0.474062
1554.51, 0.473965
1554.45, 0.473868
1554.39, 0.473772
1554.33, 0.473675
1554.27, 0.473578
1554.21, 0.473481
1554.15, 0.473385
1554.09, 0.473288
1554.03, 0.473191
1553.97, 0.473095
1553.91, 0.472998
1553.85, 0.472902
1553.79, 0.472805
1553.73, 0.472708
1553.67, 0.472612
1553.61, 0.472515
1553.55, 0.472419
1553.49, 0.472322
1553.43, 0.472226
1553.37, 0.472129
1553.31, 0.472032
1553.25, 0.471936
1553.19, 0.471839
1553.13, 0.471743
1553.07, 0.471646
1553.01, 0.47155
1552.95, 0.471453
1552.89, 0.471357
1552.83, 0.471261
1552.76, 0.471164
1552.7, 0.471068
1552.64, 0.470971
1552.58, 0.470875
1552.52, 0.470778
1552.46, 0.470682
1552.4, 0.470586
1552.34, 0.470489
1552.28, 0.470393
1552.22, 0.470297
1552.16, 0.4702
1552.1, 0.470104
1552.04, 0.470008
1551.98, 0.469911
1551.92, 0.469815
1551.86, 0.469719
1551.8, 0.469622
1551.74, 0.469526
1551.68, 0.46943
1551.62, 0.469334
1551.56, 0.469237
1551.5, 0.469141
1551.44, 0.469045
1551.38, 0.468949
1551.32, 0.468852
1551.26, 0.468756
1551.2, 0.46866
1551.14, 0.468564
1551.08, 0.468468
1551.02, 0.468372
1550.96, 0.468275
1550.9, 0.468179
1550.84, 0.468083
1550.78, 0.467987
1550.72, 0.467891
1550.66, 0.467795
1550.6, 0.467699
1550.54, 0.467603
1550.48, 0.467507
1550.42, 0.46741
1550.36, 0.467314
1550.3, 0.467218
1550.24, 0.467122
1550.18, 0.467026
1550.12, 0.46693
1550.06, 0.466834
1550, 0.466738
1549.94, 0.466642
1549.88, 0.466546
1549.82, 0.46645
1549.76, 0.466355
1549.7, 0.466259
1549.64, 0.466163
1549.58, 0.466067
1549.52, 0.465971
1549.46, 0.465875
1549.4, 0.465779
1549.34, 0.465683
1549.28, 0.465587
1549.22, 0.465491
1549.16, 0.465396
1549.1, 0.4653
1549.04, 0.465204
1548.98, 0.465108
1548.92, 0.465012
1548.86, 0.464916
1548.8, 0.464821
1548.74, 0.464725
1548.68, 0.464629
1548.62, 0.464533
1548.56, 0.464438
1548.5, 0.464342
1548.44, 0.464246
1548.38, 0.46415
1548.32, 0.464055
1548.26, 0.463959
1548.2, 0.463863
1548.14, 0.463768
1548.08, 0.463672
1548.02, 0.463576
1547.96, 0.463481
1547.9, 0.463385
1547.84, 0.463289
1547.78, 0.463194
1547.72, 0.463098
1547.66, 0.463002
1547.6, 0.462907
1547.54, 0.462811
1547.48, 0.462716
1547.42, 0.46262
1547.36, 0.462525
1547.3, 0.462429
1547.24, 0.462334
1547.19, 0.462238
1547.13, 0.462142
1547.07, 0.462047
1547.01, 0.461951
1546.95, 0.461856
1546.89, 0.461761
1546.83, 0.461665
1546.77, 0.46157
1546.71, 0.461474
1546.65, 0.461379
1546.59, 0.461283
1546.53, 0.461188
1546.47, 0.461092
1546.41, 0.460997
1546.35, 0.460902
1546.29, 0.460806
1546.23, 0.460711
1546.17, 0.460616
1546.11, 0.46052
1546.05, 0.460425
1545.99, 0.46033
1545.93, 0.460234
1545.87, 0.460139
1545.81, 0.460044
1545.75, 0.459948
1545.69, 0.459853
1545.63, 0.459758
1545.57, 0.459663
1545.51, 0.459567
1545.45, 0.459472
1545.39, 0.459377
1545.33, 0.459282
1545.27, 0.459186
1545.21, 0.459091
1545.16, 0.458996
1545.1, 0.458901
1545.04, 0.458806
1544.98, 0.45871
1544.92, 0.458615
1544.86, 0.45852
1544.8, 0.458425
1544.74, 0.45833
1544.68, 0.458235
1544.62, 0.45814
1544.56, 0.458045
1544.5, 0.45795
1544.44, 0.457825
1544.38, 0.45733
1544.32, 0.456835
1544.26, 0.45634
1544.2, 0.455846
1544.14, 0.455352
1544.08, 0.454858
1544.02, 0.454364
1543.96, 0.453871
1543.9, 0.453378
1543.84, 0.452885
1543.79, 0.452393
1543.73, 0.451901
1543.67, 0.451409
1543.61, 0.450917
1543.55, 0.450426
1543.49, 0.449935
1543.43, 0.449444
1543.37, 0.448953
1543.31, 0.448463
1543.25, 0.447973
1543.19, 0.447483
1543.13, 0.446993
1543.07, 0.446504
1543.01, 0.446015
1542.95, 0.445526
1542.89, 0.445038
1542.83, 0.44455
1542.77, 0.444062
1542.71, 0.443574
1542.65, 0.443087
1542.6, 0.4426
1542.54, 0.442113
1542.48, 0.441626
1542.42, 0.44114
1542.36, 0.440654
1542.3, 0.440168
1542.24, 0.439683
1542.18, 0.439197
1542.12, 0.438712
1542.06, 0.438228
1542, 0.437743
1541.94, 0.437259
1541.88, 0.436775
1541.82, 0.436292
1541.76, 0.435808
1541.7, 0.435325
1541.65, 0.434842
1541.59, 0.43436
1541.53, 0.433878
1541.47, 0.433396
1541.41, 0.432914
1541.35, 0.432432
1541.29, 0.431951
1541.23, 0.43147
1541.17, 0.430989
1541.11, 0.430509
1541.05, 0.430029
1540.99, 0.429549
1540.93, 0.429069
1540.87, 0.42859
1540.81, 0.428111
1540.76, 0.427632
1540.7, 0.427154
1540.64, 0.426675
1540.58, 0.426197
1540.52, 0.42572
1540.46, 0.425242
1540.4, 0.424765
1540.34, 0.424288
1540.28, 0.423811
1540.22, 0.423335
1540.16, 0.422859
1540.1, 0.422383
1540.04, 0.421907
1539.99, 0.421432
1539.93, 0.420957
1539.87, 0.420482
1539.81, 0.420008
1539.75, 0.419534
1539.69, 0.41906
1539.63, 0.418586
1539.57, 0.418112
1539.51, 0.417639
1539.45, 0.417166
1539.39, 0.416694
1539.33, 0.416221
1539.27, 0.415749
1539.22, 0.415277
1539.16, 0.414806
1539.1, 0.414334
1539.04, 0.413863
1538.98, 0.413393
1538.92, 0.412922
1538.86, 0.412452
1538.8, 0.411982
1538.74, 0.411512
1538.68, 0.411043
1538.62, 0.410574
1538.56, 0.410105
1538.51, 0.409636
1538.45, 0.409168
1538.39, 0.4087
1538.33, 0.408232
1538.27, 0.407764
1538.21, 0.407297
1538.15, 0.40683
1538.09, 0.406363
1538.03, 0.405897
1537.97, 0.405431
1537.91, 0.404965
1537.86, 0.404499
1537.8, 0.404034
1537.74, 0.403568
1537.68, 0.403104
1537.62, 0.402639
1537.56, 0.402175
1537.5, 0.401711
1537.44, 0.401247
1537.38, 0.400783
1537.32, 0.40032
1537.27, 0.399857
1537.21, 0.399394
1537.15, 0.398932
1537.09, 0.39847
1537.03, 0.398008
1536.97, 0.397546
1536.91, 0.397085
1536.85, 0.396623
1536.79, 0.396163
1536.73, 0.395702
1536.68, 0.395242
1536.62, 0.394782
1536.56, 0.394322
1536.5, 0.393862
1536.44, 0.393403
1536.38, 0.392944
1536.32, 0.392485
1536.26, 0.392027
1536.2, 0.391569
1536.14, 0.391111
1536.09, 0.390653
1536.03, 0.390196
1535.97, 0.389739
1535.91, 0.389282
1535.85, 0.388825
1535.79, 0.388369
1535.73, 0.387913
1535.67, 0.387457
1535.61, 0.387002
1535.56, 0.386546
1535.5, 0.386092
1535.44, 0.385637
1535.38, 0.385182
1535.32, 0.384728
1535.26, 0.384274
1535.2, 0.383821
1535.14, 0.383367
1535.08, 0.382914
1535.03, 0.382461
1534.97, 0.382009
1534.91, 0.381557
1534.85, 0.381105
1534.79, 0.380653
1534.73, 0.380201
1534.67, 0.37975
1534.61, 0.379299
1534.56, 0.378849
1534.5, 0.378398
1534.44, 0.377948
1534.38, 0.377498
1534.32, 0.377049
1534.26, 0.376599
1534.2, 0.37615
1534.14, 0.375701
1534.09, 0.375253
1534.03, 0.374805
1533.97, 0.374357
1533.91, 0.373909
1533.85, 0.373461
1533.79, 0.373014
1533.73, 0.372567
1533.67, 0.372121
1533.62, 0.371674
1533.56, 0.371228
1533.5, 0.370782
1533.44, 0.370337
1533.38, 0.369891
1533.32, 0.369515
1533.26, 0.369411
1533.2, 0.369306
1533.15, 0.369202
1533.09, 0.369097
1533.03, 0.368993
1532.97, 0.368889
1532.91, 0.368784
1532.85, 0.36868
1532.79, 0.368575
1532.73, 0.368471
1532.68, 0.368367
1532.62, 0.368262
1532.56, 0.368158
1532.5, 0.368054
1532.44, 0.367949
1532.38, 0.367845
1532.32, 0.367741
1532.27, 0.367637
1532.21, 0.367532
1532.15, 0.367428
1532.09, 0.367324
1532.03, 0.36722
1531.97, 0.367115
1531.91, 0.367011
1531.85, 0.366907
1531.8, 0.366803
1531.74, 0.366699
1531.68, 0.366595
1531.62, 0.366491
1531.56, 0.366387
1531.5, 0.366283
1531.44, 0.366179
1531.39, 0.366074
1531.33, 0.36597
1531.27, 0.365866
1531.21, 0.365762
1531.15, 0.365659
1531.09, 0.365555
1531.03, 0.365451
1530.98, 0.365347
1530.92, 0.365243
1530.86, 0.365139
1530.8, 0.365035
1530.74, 0.364931
1530.68, 0.364827
1530.63, 0.364723
1530.57, 0.36462
1530.51, 0.364516
1530.45, 0.364412
1530.39, 0.364308
1530.33, 0.364204
1530.27, 0.364101
1530.22, 0.363997
1530.16, 0.363893
1530.1, 0.36379
1530.04, 0.363686
1529.98, 0.363582
1529.92, 0.363479
1529.87, 0.363375
1529.81, 0.363271
1529.75, 0.363168
1529.69, 0.363064
1529.63, 0.36296
1529.57, 0.362857
1529.51, 0.362753
1529.46, 0.36265
1529.4, 0.362546
1529.34, 0.362443
1529.28, 0.362339
1529.22, 0.362236
1529.16, 0.362132
1529.11, 0.362029
1529.05, 0.361925
1528.99, 0.361822
1528.93, 0.361719
1528.87, 0.361615
1528.81, 0.361512
1528.76, 0.361408
1528.7, 0.361305
1528.64, 0.361202
1528.58, 0.361098
1528.52, 0.360995
1528.46, 0.360892
1528.41, 0.360788
1528.35, 0.360685
1528.29, 0.360582
1528.23, 0.360479
1528.17, 0.360376
1528.11, 0.360272
1528.06, 0.360169
1528, 0.360066
1527.94, 0.359963
1527.88, 0.35986
1527.82, 0.359757
1527.76, 0.359653
1527.71, 0.35955
1527.65, 0.359447
1527.59, 0.359344
1527.53, 0.359241
1527.47, 0.359138
1527.41, 0.359035
1527.36, 0.358932
1527.3, 0.358829
1527.24, 0.358726
1527.18, 0.358623
1527.12, 0.35852
1527.06, 0.358417
1527.01, 0.358314
1526.95, 0.358211
1526.89, 0.358108
1526.83, 0.358006
1526.77, 0.357903
1526.72, 0.3578
1526.66, 0.357697
1526.6, 0.357594
1526.54, 0.357491
1526.48, 0.357389
1526.42, 0.357286
1526.37, 0.357183
1526.31, 0.35708
1526.25, 0.356978
1526.19, 0.356875
1526.13, 0.356772
1526.08, 0.35667
1526.02, 0.356567
1525.96, 0.356464
1525.9, 0.356362
1525.84, 0.356259
1525.78, 0.356156
1525.73, 0.356054
1525.67, 0.355951
1525.61, 0.355849
1525.55, 0.355746
1525.49, 0.355643
1525.44, 0.355541
1525.38, 0.355438
1525.32, 0.355336
1525.26, 0.355233
1525.2, 0.355131
1525.15, 0.355029
1525.09, 0.354926
1525.03, 0.354824
1524.97, 0.354721
1524.91, 0.354619
1524.85, 0.354517
1524.8, 0.354414
1524.74, 0.354312
1524.68, 0.354209
1524.62, 0.354107
1524.56, 0.354005
1524.51, 0.353903
1524.45, 0.3538
1524.39, 0.353698
1524.33, 0.353596
1524.27, 0.353494
1524.22, 0.353391
1524.16, 0.353289
1524.1, 0.353187
1524.04, 0.353085
1523.98, 0.352983
1523.93, 0.352881
1523.87, 0.352778
1523.81, 0.352676
1523.75, 0.352574
1523.69, 0.352472
1523.64, 0.35237
1523.58, 0.352268
1523.52, 0.352166
1523.46, 0.352064
1523.4, 0.351962
1523.35, 0.35186
1523.29, 0.351758
1523.23, 0.351656
1523.17, 0.351554
1523.11, 0.351452
1523.06, 0.35135
1523, 0.351248
1522.94, 0.351146
1522.88, 0.351045
1522.82, 0.350943
1522.77, 0.350841
1522.71, 0.350739
1522.65, 0.350637
1522.59, 0.350535
1522.54, 0.350434
1522.48, 0.350332
1522.42, 0.35023
1522.36, 0.350128
1522.3, 0.350027
1522.25, 0.349925
1522.19, 0.349922
1522.13, 0.349988
1522.07, 0.350054
1522.01, 0.35012
1521.96, 0.350186
1521.9, 0.350252
1521.84, 0.350319
1521.78, 0.350385
1521.73, 0.350451
1521.67, 0.350517
1521.61, 0.350583
1521.55, 0.350649
1521.49, 0.350715
1521.44, 0.350782
1521.38, 0.350848
1521.32, 0.350914
1521.26, 0.35098
1521.21, 0.351046
1521.15, 0.351113
1521.09, 0.351179
1521.03, 0.351245
1520.97, 0.351311
1520.92, 0.351377
1520.86, 0.351444
1520.8, 0.35151
1520.74, 0.351576
1520.69, 0.351642
1520.63, 0.351709
