("port 1","TE",1,"port 1",1,"modulation")
(1,1)
0.00229
(500,3)
2.000000e+14	1.764965e-02	-1.746616e+00
1.999733e+14	1.216019e-02	-1.979868e+00
1.999466e+14	8.323161e-03	-2.209400e+00
1.999199e+14	5.965074e-03	-2.425023e+00
1.998932e+14	4.815596e-03	-2.615961e+00
1.998665e+14	4.525578e-03	-2.787871e+00
1.998398e+14	4.679902e-03	-2.958278e+00
1.998131e+14	4.822129e-03	-3.131085e+00
1.997865e+14	4.492865e-03	2.993400e+00
1.997598e+14	3.285229e-03	2.913295e+00
1.997332e+14	1.349402e-03	-2.706128e+00
1.997065e+14	4.089221e-03	-1.360831e+00
1.996799e+14	1.014020e-02	-1.379529e+00
1.996532e+14	1.829215e-02	-1.537174e+00
1.996266e+14	2.846848e-02	-1.728402e+00
1.996000e+14	4.051601e-02	-1.932701e+00
1.995734e+14	5.415831e-02	-2.143351e+00
1.995468e+14	6.899771e-02	-2.357467e+00
1.995202e+14	8.453048e-02	-2.573565e+00
1.994936e+14	1.001707e-01	-2.790777e+00
1.994670e+14	1.152800e-01	-3.008548e+00
1.994404e+14	1.292006e-01	3.056673e+00
1.994139e+14	1.412880e-01	2.838747e+00
1.993873e+14	1.509398e-01	2.620981e+00
1.993608e+14	1.576210e-01	2.403402e+00
1.993342e+14	1.608819e-01	2.185955e+00
1.993077e+14	1.603729e-01	1.968525e+00
1.992812e+14	1.558565e-01	1.750954e+00
1.992546e+14	1.472175e-01	1.533080e+00
1.992281e+14	1.344756e-01	1.314767e+00
1.992016e+14	1.177959e-01	1.095957e+00
1.991751e+14	9.749957e-02	8.767424e-01
1.991486e+14	7.406772e-02	6.575435e-01
1.991221e+14	4.813613e-02	4.398241e-01
1.990956e+14	2.047762e-02	2.327218e-01
1.990691e+14	8.068466e-03	3.059648e+00
1.990427e+14	3.651117e-02	2.888974e+00
1.990162e+14	6.397942e-02	2.673279e+00
1.989898e+14	8.959738e-02	2.454240e+00
1.989633e+14	1.126029e-01	2.234744e+00
1.989369e+14	1.323711e-01	2.015523e+00
1.989104e+14	1.484314e-01	1.796788e+00
1.988840e+14	1.604728e-01	1.578533e+00
1.988576e+14	1.683393e-01	1.360625e+00
1.988312e+14	1.720207e-01	1.142862e+00
1.988048e+14	1.716422e-01	9.250102e-01
1.987784e+14	1.674549e-01	7.068371e-01
1.987520e+14	1.598264e-01	4.881337e-01
1.987256e+14	1.492301e-01	2.687319e-01
1.986992e+14	1.362320e-01	4.850916e-02
1.986729e+14	1.214705e-01	-1.726175e-01
1.986465e+14	1.056302e-01	-3.947093e-01
1.986201e+14	8.940954e-02	-6.178348e-01
1.985938e+14	7.348366e-02	-8.421089e-01
1.985674e+14	5.846720e-02	-1.067738e+00
1.985411e+14	4.487995e-02	-1.295067e+00
1.985148e+14	3.311899e-02	-1.524593e+00
1.984885e+14	2.343915e-02	-1.756857e+00
1.984622e+14	1.594250e-02	-1.991842e+00
1.984358e+14	1.057664e-02	-2.226942e+00
1.984095e+14	7.142057e-03	-2.452390e+00
1.983832e+14	5.312003e-03	-2.649894e+00
1.983570e+14	4.661651e-03	-2.812979e+00
1.983307e+14	4.683609e-03	-2.963374e+00
1.983044e+14	4.804743e-03	-3.115547e+00
1.982781e+14	4.436455e-03	3.032593e+00
1.982519e+14	3.067877e-03	3.015560e+00
1.982256e+14	1.544598e-03	-2.100309e+00
1.981994e+14	5.855041e-03	-1.278825e+00
1.981732e+14	1.338840e-02	-1.340982e+00
1.981469e+14	2.361304e-02	-1.503416e+00
1.981207e+14	3.651509e-02	-1.694184e+00
1.980945e+14	5.195101e-02	-1.896787e+00
1.980683e+14	6.960978e-02	-2.105375e+00
1.980421e+14	8.901433e-02	-2.317282e+00
1.980159e+14	1.095395e-01	-2.531057e+00
1.979897e+14	1.304431e-01	-2.745787e+00
1.979635e+14	1.509065e-01	-2.960850e+00
1.979373e+14	1.700806e-01	3.107378e+00
1.979112e+14	1.871302e-01	2.892815e+00
1.978850e+14	2.012728e-01	2.678795e+00
1.978588e+14	2.118059e-01	2.465333e+00
1.978327e+14	2.181254e-01	2.252316e+00
1.978066e+14	2.197350e-01	2.039526e+00
1.977804e+14	2.162524e-01	1.826663e+00
1.977543e+14	2.074175e-01	1.613383e+00
1.977282e+14	1.931059e-01	1.399350e+00
1.977021e+14	1.733519e-01	1.184287e+00
1.976760e+14	1.483771e-01	9.680480e-01
1.976499e+14	1.186210e-01	7.507170e-01
1.976238e+14	8.476369e-02	5.328563e-01
1.975977e+14	4.772787e-02	3.168066e-01
1.975716e+14	8.659720e-03	1.435657e-01
1.975455e+14	3.119661e-02	2.988227e+00
1.975195e+14	7.044110e-02	2.775944e+00
1.974934e+14	1.077919e-01	2.557883e+00
1.974674e+14	1.420779e-01	2.339675e+00
1.974413e+14	1.723320e-01	2.122424e+00
1.974153e+14	1.978231e-01	1.906457e+00
1.973892e+14	2.180575e-01	1.691771e+00
1.973632e+14	2.327592e-01	1.478152e+00
1.973372e+14	2.418396e-01	1.265250e+00
1.973112e+14	2.453699e-01	1.052637e+00
1.972852e+14	2.435602e-01	8.398630e-01
1.972592e+14	2.367491e-01	6.265020e-01
1.972332e+14	2.254011e-01	4.121899e-01
1.972072e+14	2.101072e-01	1.966506e-01
1.971812e+14	1.915818e-01	-2.029386e-02
1.971553e+14	1.706507e-01	-2.387312e-01
1.971293e+14	1.482238e-01	-4.586857e-01
1.971034e+14	1.252536e-01	-6.801657e-01
1.970774e+14	1.026809e-01	-9.032282e-01
1.970515e+14	8.137628e-02	-1.128061e+00
1.970255e+14	6.208369e-02	-1.355081e+00
1.969996e+14	4.537493e-02	-1.585035e+00
1.969737e+14	3.161797e-02	-1.819041e+00
1.969478e+14	2.096068e-02	-2.058248e+00
1.969219e+14	1.332771e-02	-2.301877e+00
1.968960e+14	8.429121e-03	-2.540438e+00
1.968701e+14	5.786961e-03	-2.745683e+00
1.968442e+14	4.790378e-03	-2.892452e+00
1.968183e+14	4.724751e-03	-3.008730e+00
1.967924e+14	4.767039e-03	-3.123013e+00
1.967666e+14	4.074435e-03	3.092481e+00
1.967407e+14	2.189273e-03	-2.830449e+00
1.967148e+14	4.158059e-03	-1.326308e+00
1.966890e+14	1.195216e-02	-1.219605e+00
1.966632e+14	2.363730e-02	-1.346665e+00
1.966373e+14	3.935813e-02	-1.523808e+00
1.966115e+14	5.916537e-02	-1.719636e+00
1.965857e+14	8.286102e-02	-1.924460e+00
1.965599e+14	1.099692e-01	-2.134195e+00
1.965341e+14	1.397403e-01	-2.346668e+00
1.965083e+14	1.711855e-01	-2.560478e+00
1.964825e+14	2.031388e-01	-2.774587e+00
1.964567e+14	2.343419e-01	-2.988172e+00
1.964309e+14	2.635335e-01	3.082576e+00
1.964051e+14	2.895283e-01	2.871707e+00
1.963794e+14	3.112700e-01	2.662589e+00
1.963536e+14	3.278512e-01	2.455155e+00
1.963279e+14	3.385047e-01	2.249093e+00
1.963021e+14	3.425747e-01	2.043867e+00
1.962764e+14	3.394843e-01	1.838758e+00
1.962507e+14	3.287120e-01	1.632922e+00
1.962249e+14	3.097931e-01	1.425461e+00
1.961992e+14	2.823580e-01	1.215521e+00
1.961735e+14	2.462167e-01	1.002406e+00
1.961478e+14	2.014896e-01	7.857365e-01
1.961221e+14	1.487643e-01	5.656661e-01
1.960964e+14	8.923720e-02	3.435120e-01
1.960707e+14	2.477239e-02	1.309091e-01
1.960450e+14	4.220724e-02	3.013202e+00
1.960194e+14	1.089227e-01	2.792692e+00
1.959937e+14	1.726635e-01	2.568715e+00
1.959681e+14	2.310908e-01	2.347039e+00
1.959424e+14	2.824729e-01	2.129089e+00
1.959168e+14	3.257391e-01	1.915325e+00
1.958911e+14	3.603926e-01	1.705595e+00
1.958655e+14	3.863535e-01	1.499305e+00
1.958399e+14	4.037941e-01	1.295555e+00
1.958143e+14	4.130094e-01	1.093266e+00
1.957886e+14	4.143376e-01	8.912928e-01
1.957630e+14	4.081310e-01	6.885132e-01
1.957374e+14	3.947711e-01	4.839061e-01
1.957119e+14	3.747175e-01	2.766216e-01
1.956863e+14	3.485774e-01	6.603687e-02
1.956607e+14	3.171787e-01	-1.482060e-01
1.956351e+14	2.816228e-01	-3.661942e-01
1.956096e+14	2.432927e-01	-5.877844e-01
1.955840e+14	2.037986e-01	-8.126998e-01
1.955585e+14	1.648614e-01	-1.040685e+00
1.955329e+14	1.281541e-01	-1.271720e+00
1.955074e+14	9.513745e-02	-1.506284e+00
1.954818e+14	6.692554e-02	-1.745708e+00
1.954563e+14	4.420049e-02	-1.992601e+00
1.954308e+14	2.717714e-02	-2.251022e+00
1.954053e+14	1.560188e-02	-2.523732e+00
1.953798e+14	8.766341e-03	-2.794474e+00
1.953543e+14	5.571067e-03	-2.986988e+00
1.953288e+14	4.738796e-03	-3.042292e+00
1.953033e+14	4.795172e-03	-3.056271e+00
1.952779e+14	4.041504e-03	-2.978302e+00
1.952524e+14	2.927005e-03	-1.912316e+00
1.952269e+14	1.040626e-02	-1.142870e+00
1.952015e+14	2.591587e-02	-1.175747e+00
1.951760e+14	4.982960e-02	-1.332052e+00
1.951506e+14	8.313851e-02	-1.526656e+00
1.951251e+14	1.263026e-01	-1.739042e+00
1.950997e+14	1.789506e-01	-1.961589e+00
1.950743e+14	2.396796e-01	-2.190202e+00
1.950489e+14	3.060220e-01	-2.421697e+00
1.950234e+14	3.746850e-01	-2.653010e+00
1.949980e+14	4.420677e-01	-2.881125e+00
1.949726e+14	5.048964e-01	-3.103356e+00
1.949473e+14	5.607243e-01	2.965507e+00
1.949219e+14	6.081194e-01	2.760226e+00
1.948965e+14	6.465386e-01	2.564190e+00
1.948711e+14	6.760189e-01	2.376767e+00
1.948458e+14	6.968260e-01	2.196642e+00
1.948204e+14	7.091387e-01	2.021932e+00
1.947951e+14	7.127723e-01	1.850225e+00
1.947697e+14	7.068965e-01	1.678506e+00
1.947444e+14	6.896663e-01	1.502949e+00
1.947190e+14	6.576575e-01	1.318547e+00
1.946937e+14	6.049945e-01	1.118592e+00
1.946684e+14	5.222246e-01	8.941850e-01
1.946431e+14	3.959078e-01	6.346306e-01
1.946178e+14	2.127204e-01	3.313919e-01
1.945925e+14	2.534897e-02	3.105189e+00
1.945672e+14	2.824419e-01	2.759416e+00
1.945419e+14	5.049320e-01	2.418563e+00
1.945166e+14	6.654982e-01	2.124327e+00
1.944914e+14	7.703606e-01	1.880068e+00
1.944661e+14	8.367514e-01	1.677086e+00
1.944408e+14	8.790798e-01	1.504916e+00
1.944156e+14	9.066692e-01	1.355010e+00
1.943903e+14	9.250997e-01	1.221118e+00
1.943651e+14	9.376673e-01	1.098780e+00
1.943399e+14	9.463408e-01	9.847840e-01
1.943146e+14	9.523167e-01	8.767480e-01
1.942894e+14	9.563306e-01	7.728333e-01
1.942642e+14	9.588320e-01	6.715487e-01
1.942390e+14	9.600824e-01	5.716128e-01
1.942138e+14	9.602078e-01	4.718513e-01
1.941886e+14	9.592235e-01	3.711134e-01
1.941634e+14	9.570384e-01	2.681951e-01
1.941382e+14	9.534398e-01	1.617588e-01
1.941131e+14	9.480572e-01	5.024022e-02
1.940879e+14	9.402940e-01	-6.826762e-02
1.940627e+14	9.292142e-01	-1.961650e-01
1.940376e+14	9.133585e-01	-3.365395e-01
1.940124e+14	8.904618e-01	-4.933996e-01
1.939873e+14	8.570650e-01	-6.719058e-01
1.939622e+14	8.081340e-01	-8.784509e-01
1.939370e+14	7.371727e-01	-1.120258e+00
1.939119e+14	6.380687e-01	-1.404089e+00
1.938868e+14	5.101774e-01	-1.734676e+00
1.938617e+14	3.650163e-01	-2.117601e+00
1.938366e+14	2.270028e-01	-2.579378e+00
1.938115e+14	1.253538e-01	3.062089e+00
1.937864e+14	8.296042e-02	2.177028e+00
1.937613e+14	7.923779e-02	1.597638e+00
1.937362e+14	8.368144e-02	1.627806e+00
1.937112e+14	1.288131e-01	1.914885e+00
1.936861e+14	2.325097e-01	1.925144e+00
1.936611e+14	3.710609e-01	1.746668e+00
1.936360e+14	5.154446e-01	1.502887e+00
1.936110e+14	6.418790e-01	1.250395e+00
1.935859e+14	7.395452e-01	1.014896e+00
1.935609e+14	8.094268e-01	8.050908e-01
1.935359e+14	8.576547e-01	6.207893e-01
1.935109e+14	8.906262e-01	4.583411e-01
1.934858e+14	9.132753e-01	3.134449e-01
1.934608e+14	9.289899e-01	1.822306e-01
1.934358e+14	9.399908e-01	6.151821e-02
1.934109e+14	9.477112e-01	-5.122875e-02
1.933859e+14	9.530722e-01	-1.580329e-01
1.933609e+14	9.566619e-01	-2.605348e-01
1.933359e+14	9.588469e-01	-3.601045e-01
1.933110e+14	9.598384e-01	-4.579340e-01
1.932860e+14	9.597285e-01	-5.551133e-01
1.932610e+14	9.585053e-01	-6.526992e-01
1.932361e+14	9.560500e-01	-7.517827e-01
1.932112e+14	9.521136e-01	-8.535648e-01
1.931862e+14	9.462687e-01	-9.594494e-01
1.931613e+14	9.378197e-01	-1.071169e+00
1.931364e+14	9.256425e-01	-1.190965e+00
1.931115e+14	9.079037e-01	-1.321845e+00
1.930865e+14	8.815625e-01	-1.467963e+00
1.930616e+14	8.415207e-01	-1.635114e+00
1.930368e+14	7.793149e-01	-1.831214e+00
1.930119e+14	6.818034e-01	-2.066108e+00
1.929870e+14	5.325688e-01	-2.348741e+00
1.929621e+14	3.229059e-01	-2.678844e+00
1.929372e+14	7.292368e-02	-3.039104e+00
1.929124e+14	1.681004e-01	-2.358842e-01
1.928875e+14	3.602558e-01	-5.457925e-01
1.928627e+14	4.960167e-01	-8.110464e-01
1.928378e+14	5.864576e-01	-1.039671e+00
1.928130e+14	6.449353e-01	-1.242134e+00
1.927882e+14	6.814248e-01	-1.427493e+00
1.927633e+14	7.023299e-01	-1.602678e+00
1.927385e+14	7.114894e-01	-1.772874e+00
1.927137e+14	7.110644e-01	-1.942031e+00
1.926889e+14	7.021320e-01	-2.113254e+00
1.926641e+14	6.850690e-01	-2.289046e+00
1.926393e+14	6.598251e-01	-2.471423e+00
1.926145e+14	6.261669e-01	-2.661925e+00
1.925897e+14	5.839409e-01	-2.861551e+00
1.925650e+14	5.333758e-01	-3.070647e+00
1.925402e+14	4.753839e-01	2.994372e+00
1.925154e+14	4.117651e-01	2.768268e+00
1.924907e+14	3.451881e-01	2.535919e+00
1.924659e+14	2.788838e-01	2.299201e+00
1.924412e+14	2.161255e-01	2.059684e+00
1.924165e+14	1.596899e-01	1.818079e+00
1.923917e+14	1.114943e-01	1.573626e+00
1.923670e+14	7.248538e-02	1.323027e+00
1.923423e+14	4.273311e-02	1.057485e+00
1.923176e+14	2.163348e-02	7.509606e-01
1.922929e+14	8.208403e-03	2.865543e-01
1.922682e+14	2.676020e-03	-1.203878e+00
1.922435e+14	4.208904e-03	-2.432559e+00
1.922188e+14	4.781937e-03	-2.914654e+00
1.921941e+14	4.760316e-03	2.948372e+00
1.921694e+14	5.691686e-03	2.579820e+00
1.921448e+14	8.875512e-03	2.346987e+00
1.921201e+14	1.546445e-02	2.185352e+00
1.920955e+14	2.645689e-02	2.023887e+00
1.920708e+14	4.250239e-02	1.847279e+00
1.920462e+14	6.385151e-02	1.658155e+00
1.920215e+14	9.034776e-02	1.460670e+00
1.919969e+14	1.214289e-01	1.257894e+00
1.919723e+14	1.561534e-01	1.051982e+00
1.919477e+14	1.932652e-01	8.445566e-01
1.919231e+14	2.312994e-01	6.369321e-01
1.918985e+14	2.687156e-01	4.301937e-01
1.918739e+14	3.040344e-01	2.251948e-01
1.918493e+14	3.359472e-01	2.252394e-02
1.918247e+14	3.633796e-01	-1.775260e-01
1.918001e+14	3.855022e-01	-3.749663e-01
1.917756e+14	4.017004e-01	-5.700958e-01
1.917510e+14	4.115180e-01	-7.634632e-01
1.917264e+14	4.145969e-01	-9.558158e-01
1.917019e+14	4.106253e-01	-1.148041e+00
1.916773e+14	3.993081e-01	-1.341101e+00
1.916528e+14	3.803663e-01	-1.535966e+00
1.916283e+14	3.535733e-01	-1.733537e+00
1.916037e+14	3.188293e-01	-1.934554e+00
1.915792e+14	2.762737e-01	-2.139511e+00
1.915547e+14	2.264175e-01	-2.348573e+00
1.915302e+14	1.702633e-01	-2.561563e+00
1.915057e+14	1.093627e-01	-2.778174e+00
1.914812e+14	4.576410e-02	-3.000208e+00
1.914567e+14	1.817725e-02	-4.672199e-02
1.914322e+14	8.004300e-02	-2.797240e-01
1.914077e+14	1.376882e-01	-4.962962e-01
1.913833e+14	1.894135e-01	-7.086542e-01
1.913588e+14	2.340717e-01	-9.172366e-01
1.913344e+14	2.710390e-01	-1.122235e+00
1.913099e+14	3.001136e-01	-1.324054e+00
1.912855e+14	3.213895e-01	-1.523311e+00
1.912610e+14	3.351439e-01	-1.720765e+00
1.912366e+14	3.417551e-01	-1.917234e+00
1.912122e+14	3.416568e-01	-2.113525e+00
1.911877e+14	3.353236e-01	-2.310377e+00
1.911633e+14	3.232789e-01	-2.508415e+00
1.911389e+14	3.061176e-01	-2.708119e+00
1.911145e+14	2.845308e-01	-2.909805e+00
1.910901e+14	2.593239e-01	-3.113626e+00
1.910657e+14	2.314187e-01	2.963594e+00
1.910413e+14	2.018331e-01	2.755579e+00
1.910170e+14	1.716378e-01	2.545643e+00
1.909926e+14	1.418953e-01	2.333863e+00
1.909682e+14	1.135923e-01	2.120137e+00
1.909439e+14	8.757589e-02	1.904007e+00
1.909195e+14	6.450562e-02	1.684339e+00
1.908952e+14	4.482526e-02	1.458626e+00
1.908708e+14	2.875599e-02	1.221058e+00
1.908465e+14	1.631040e-02	9.556365e-01
1.908222e+14	7.345872e-03	5.985465e-01
1.907979e+14	2.066624e-03	-4.092105e-01
1.907735e+14	3.006309e-03	-2.150152e+00
1.907492e+14	4.414073e-03	-2.628073e+00
1.907249e+14	4.776377e-03	-2.950373e+00
1.907006e+14	4.700595e-03	3.028526e+00
1.906763e+14	4.894804e-03	2.729656e+00
1.906521e+14	6.017597e-03	2.470329e+00
1.906278e+14	8.639315e-03	2.265564e+00
1.906035e+14	1.325764e-02	2.087675e+00
1.905792e+14	2.026550e-02	1.912214e+00
1.905550e+14	2.990789e-02	1.731249e+00
1.905307e+14	4.226379e-02	1.544332e+00
1.905065e+14	5.724083e-02	1.352772e+00
1.904822e+14	7.457711e-02	1.157910e+00
1.904580e+14	9.385126e-02	9.608120e-01
1.904338e+14	1.145024e-01	7.622954e-01
1.904096e+14	1.358595e-01	5.630000e-01
1.903853e+14	1.571797e-01	3.634337e-01
1.903611e+14	1.776893e-01	1.639948e-01
1.903369e+14	1.966255e-01	-3.502421e-02
1.903127e+14	2.132711e-01	-2.334395e-01
1.902885e+14	2.269811e-01	-4.311803e-01
1.902644e+14	2.371989e-01	-6.282873e-01
1.902402e+14	2.434624e-01	-8.249050e-01
1.902160e+14	2.454059e-01	-1.021265e+00
1.901918e+14	2.427584e-01	-1.217665e+00
1.901677e+14	2.353451e-01	-1.414438e+00
1.901435e+14	2.230931e-01	-1.611921e+00
1.901194e+14	2.060437e-01	-1.810423e+00
1.900952e+14	1.843703e-01	-2.010193e+00
1.900711e+14	1.583986e-01	-2.211403e+00
1.900470e+14	1.286238e-01	-2.414148e+00
1.900228e+14	9.571636e-02	-2.618535e+00
1.899987e+14	6.051242e-02	-2.825103e+00
1.899746e+14	2.398180e-02	-3.039170e+00
1.899505e+14	1.283687e-02	-5.949363e-02
1.899264e+14	4.885907e-02	-2.851564e-01
1.899023e+14	8.309097e-02	-4.924652e-01
1.898782e+14	1.146361e-01	-6.969763e-01
1.898542e+14	1.427572e-01	-8.997702e-01
1.898301e+14	1.668945e-01	-1.101101e+00
1.898060e+14	1.866656e-01	-1.301144e+00
1.897819e+14	2.018521e-01	-1.500119e+00
1.897579e+14	2.123795e-01	-1.698300e+00
1.897338e+14	2.182958e-01	-1.896002e+00
1.897098e+14	2.197539e-01	-2.093554e+00
1.896858e+14	2.169985e-01	-2.291277e+00
1.896617e+14	2.103586e-01	-2.489457e+00
1.896377e+14	2.002425e-01	-2.688333e+00
1.896137e+14	1.871332e-01	-2.888083e+00
1.895897e+14	1.715813e-01	-3.088833e+00
1.895657e+14	1.541929e-01	2.992525e+00
1.895417e+14	1.356116e-01	2.789567e+00
1.895177e+14	1.164938e-01	2.585408e+00
1.894937e+14	9.748056e-02	2.379915e+00
1.894697e+14	7.916788e-02	2.172804e+00
1.894457e+14	6.207882e-02	1.963505e+00
1.894217e+14	4.664071e-02	1.750890e+00
1.893978e+14	3.316936e-02	1.532656e+00
1.893738e+14	2.186136e-02	1.303600e+00
1.893499e+14	1.279660e-02	1.049415e+00
1.893259e+14	5.966533e-03	7.125444e-01
1.893020e+14	1.645381e-03	-2.544013e-01
1.892780e+14	2.595799e-03	-2.084189e+00
1.892541e+14	4.121916e-03	-2.534979e+00
1.892302e+14	4.725962e-03	-2.828105e+00
1.892063e+14	4.749731e-03	-3.094928e+00
1.891824e+14	4.631610e-03	2.922449e+00
1.891585e+14	4.815166e-03	2.660815e+00
1.891346e+14	5.709764e-03	2.423846e+00
1.891107e+14	7.673024e-03	2.220382e+00
1.890868e+14	1.100921e-02	2.036744e+00
1.890629e+14	1.595315e-02	1.857679e+00
1.890390e+14	2.264937e-02	1.676349e+00
1.890152e+14	3.114108e-02	1.491272e+00
1.889913e+14	4.136648e-02	1.302836e+00
1.889674e+14	5.315993e-02	1.111807e+00
1.889436e+14	6.625771e-02	9.188965e-01
1.889197e+14	8.030852e-02	7.246797e-01
1.888959e+14	9.488891e-02	5.296073e-01
1.888721e+14	1.095225e-01	3.340321e-01
1.888482e+14	1.237023e-01	1.382279e-01
1.888244e+14	1.369132e-01	-5.760069e-02
1.888006e+14	1.486541e-01	-2.533145e-01
1.887768e+14	1.584573e-01	-4.488378e-01
1.887530e+14	1.659038e-01	-6.441560e-01
1.887292e+14	1.706354e-01	-8.393115e-01
1.887054e+14	1.723631e-01	-1.034396e+00
1.886816e+14	1.708730e-01	-1.229539e+00
1.886578e+14	1.660322e-01	-1.424893e+00
1.886341e+14	1.577934e-01	-1.620622e+00
1.886103e+14	1.462005e-01	-1.816879e+00
1.885865e+14	1.313944e-01	-2.013802e+00
1.885628e+14	1.136174e-01	-2.211507e+00
1.885390e+14	9.321536e-02	-2.410107e+00
1.885153e+14	7.063380e-02	-2.609811e+00
1.884916e+14	4.640847e-02	-2.811337e+00
1.884678e+14	2.114769e-02	-3.019375e+00
1.884441e+14	4.512112e-03	1.342218e-02
1.884204e+14	2.985787e-02	-2.494924e-01
1.883967e+14	5.427155e-02	-4.537500e-01
1.883730e+14	7.713700e-02	-6.543529e-01
1.883493e+14	9.791942e-02	-8.535111e-01
1.883256e+14	1.161746e-01	-1.051696e+00
1.883019e+14	1.315588e-01	-1.249098e+00
1.882782e+14	1.438314e-01	-1.445859e+00
1.882545e+14	1.528526e-01	-1.642132e+00
1.882309e+14	1.585776e-01	-1.838086e+00
1.882072e+14	1.610501e-01	-2.033901e+00
1.881835e+14	1.603949e-01	-2.229758e+00
1.881599e+14	1.568113e-01	-2.425832e+00
1.881362e+14	1.505664e-01	-2.622274e+00
1.881126e+14	1.419884e-01	-2.819217e+00
1.880890e+14	1.314580e-01	-3.016768e+00
1.880653e+14	1.193972e-01	3.068167e+00
1.880417e+14	1.062565e-01	2.869129e+00
1.880181e+14	9.249896e-02	2.669196e+00
1.879945e+14	7.858204e-02	2.468200e+00
1.879709e+14	6.493966e-02	2.265860e+00
1.879473e+14	5.196444e-02	2.061672e+00
1.879237e+14	3.999235e-02	1.854711e+00
1.879001e+14	2.929069e-02	1.643165e+00
1.878765e+14	2.005039e-02	1.423113e+00
1.878529e+14	1.238402e-02	1.184391e+00
1.878294e+14	6.337116e-03	8.904457e-01
1.878058e+14	2.021956e-03	2.650920e-01
1.877822e+14	1.869290e-03	-1.836746e+00
1.877587e+14	3.604574e-03	-2.388140e+00
1.877351e+14	4.528760e-03	-2.681868e+00
1.877116e+14	4.794038e-03	-2.933873e+00
1.876881e+14	4.693313e-03	3.105038e+00
1.876645e+14	4.544292e-03	2.859258e+00
1.876410e+14	4.661883e-03	2.616233e+00
1.876175e+14	5.336977e-03	2.389920e+00
1.875940e+14	6.824184e-03	2.187779e+00
1.875705e+14	9.337629e-03	2.002377e+00
1.875470e+14	1.304130e-02	1.822666e+00
1.875235e+14	1.803641e-02	1.642401e+00
1.875000e+14	2.435355e-02	1.459576e+00
("port 1","TE",1,"port 2",1,"modulation")
(1,1)
0.00229
(500,3)
2.000000e+14	1.764965e-02	-1.746616e+00
1.999733e+14	1.216019e-02	-1.979868e+00
1.999466e+14	8.323161e-03	-2.209400e+00
1.999199e+14	5.965074e-03	-2.425023e+00
1.998932e+14	4.815596e-03	-2.615961e+00
1.998665e+14	4.525578e-03	-2.787871e+00
1.998398e+14	4.679902e-03	-2.958278e+00
1.998131e+14	4.822129e-03	-3.131085e+00
1.997865e+14	4.492865e-03	2.993400e+00
1.997598e+14	3.285229e-03	2.913295e+00
1.997332e+14	1.349402e-03	-2.706128e+00
1.997065e+14	4.089221e-03	-1.360831e+00
1.996799e+14	1.014020e-02	-1.379529e+00
1.996532e+14	1.829215e-02	-1.537174e+00
1.996266e+14	2.846848e-02	-1.728402e+00
1.996000e+14	4.051601e-02	-1.932701e+00
1.995734e+14	5.415831e-02	-2.143351e+00
1.995468e+14	6.899771e-02	-2.357467e+00
1.995202e+14	8.453048e-02	-2.573565e+00
1.994936e+14	1.001707e-01	-2.790777e+00
1.994670e+14	1.152800e-01	-3.008548e+00
1.994404e+14	1.292006e-01	3.056673e+00
1.994139e+14	1.412880e-01	2.838747e+00
1.993873e+14	1.509398e-01	2.620981e+00
1.993608e+14	1.576210e-01	2.403402e+00
1.993342e+14	1.608819e-01	2.185955e+00
1.993077e+14	1.603729e-01	1.968525e+00
1.992812e+14	1.558565e-01	1.750954e+00
1.992546e+14	1.472175e-01	1.533080e+00
1.992281e+14	1.344756e-01	1.314767e+00
1.992016e+14	1.177959e-01	1.095957e+00
1.991751e+14	9.749957e-02	8.767424e-01
1.991486e+14	7.406772e-02	6.575435e-01
1.991221e+14	4.813613e-02	4.398241e-01
1.990956e+14	2.047762e-02	2.327218e-01
1.990691e+14	8.068466e-03	3.059648e+00
1.990427e+14	3.651117e-02	2.888974e+00
1.990162e+14	6.397942e-02	2.673279e+00
1.989898e+14	8.959738e-02	2.454240e+00
1.989633e+14	1.126029e-01	2.234744e+00
1.989369e+14	1.323711e-01	2.015523e+00
1.989104e+14	1.484314e-01	1.796788e+00
1.988840e+14	1.604728e-01	1.578533e+00
1.988576e+14	1.683393e-01	1.360625e+00
1.988312e+14	1.720207e-01	1.142862e+00
1.988048e+14	1.716422e-01	9.250102e-01
1.987784e+14	1.674549e-01	7.068371e-01
1.987520e+14	1.598264e-01	4.881337e-01
1.987256e+14	1.492301e-01	2.687319e-01
1.986992e+14	1.362320e-01	4.850916e-02
1.986729e+14	1.214705e-01	-1.726175e-01
1.986465e+14	1.056302e-01	-3.947093e-01
1.986201e+14	8.940954e-02	-6.178348e-01
1.985938e+14	7.348366e-02	-8.421089e-01
1.985674e+14	5.846720e-02	-1.067738e+00
1.985411e+14	4.487995e-02	-1.295067e+00
1.985148e+14	3.311899e-02	-1.524593e+00
1.984885e+14	2.343915e-02	-1.756857e+00
1.984622e+14	1.594250e-02	-1.991842e+00
1.984358e+14	1.057664e-02	-2.226942e+00
1.984095e+14	7.142057e-03	-2.452390e+00
1.983832e+14	5.312003e-03	-2.649894e+00
1.983570e+14	4.661651e-03	-2.812979e+00
1.983307e+14	4.683609e-03	-2.963374e+00
1.983044e+14	4.804743e-03	-3.115547e+00
1.982781e+14	4.436455e-03	3.032593e+00
1.982519e+14	3.067877e-03	3.015560e+00
1.982256e+14	1.544598e-03	-2.100309e+00
1.981994e+14	5.855041e-03	-1.278825e+00
1.981732e+14	1.338840e-02	-1.340982e+00
1.981469e+14	2.361304e-02	-1.503416e+00
1.981207e+14	3.651509e-02	-1.694184e+00
1.980945e+14	5.195101e-02	-1.896787e+00
1.980683e+14	6.960978e-02	-2.105375e+00
1.980421e+14	8.901433e-02	-2.317282e+00
1.980159e+14	1.095395e-01	-2.531057e+00
1.979897e+14	1.304431e-01	-2.745787e+00
1.979635e+14	1.509065e-01	-2.960850e+00
1.979373e+14	1.700806e-01	3.107378e+00
1.979112e+14	1.871302e-01	2.892815e+00
1.978850e+14	2.012728e-01	2.678795e+00
1.978588e+14	2.118059e-01	2.465333e+00
1.978327e+14	2.181254e-01	2.252316e+00
1.978066e+14	2.197350e-01	2.039526e+00
1.977804e+14	2.162524e-01	1.826663e+00
1.977543e+14	2.074175e-01	1.613383e+00
1.977282e+14	1.931059e-01	1.399350e+00
1.977021e+14	1.733519e-01	1.184287e+00
1.976760e+14	1.483771e-01	9.680480e-01
1.976499e+14	1.186210e-01	7.507170e-01
1.976238e+14	8.476369e-02	5.328563e-01
1.975977e+14	4.772787e-02	3.168066e-01
1.975716e+14	8.659720e-03	1.435657e-01
1.975455e+14	3.119661e-02	2.988227e+00
1.975195e+14	7.044110e-02	2.775944e+00
1.974934e+14	1.077919e-01	2.557883e+00
1.974674e+14	1.420779e-01	2.339675e+00
1.974413e+14	1.723320e-01	2.122424e+00
1.974153e+14	1.978231e-01	1.906457e+00
1.973892e+14	2.180575e-01	1.691771e+00
1.973632e+14	2.327592e-01	1.478152e+00
1.973372e+14	2.418396e-01	1.265250e+00
1.973112e+14	2.453699e-01	1.052637e+00
1.972852e+14	2.435602e-01	8.398630e-01
1.972592e+14	2.367491e-01	6.265020e-01
1.972332e+14	2.254011e-01	4.121899e-01
1.972072e+14	2.101072e-01	1.966506e-01
1.971812e+14	1.915818e-01	-2.029386e-02
1.971553e+14	1.706507e-01	-2.387312e-01
1.971293e+14	1.482238e-01	-4.586857e-01
1.971034e+14	1.252536e-01	-6.801657e-01
1.970774e+14	1.026809e-01	-9.032282e-01
1.970515e+14	8.137628e-02	-1.128061e+00
1.970255e+14	6.208369e-02	-1.355081e+00
1.969996e+14	4.537493e-02	-1.585035e+00
1.969737e+14	3.161797e-02	-1.819041e+00
1.969478e+14	2.096068e-02	-2.058248e+00
1.969219e+14	1.332771e-02	-2.301877e+00
1.968960e+14	8.429121e-03	-2.540438e+00
1.968701e+14	5.786961e-03	-2.745683e+00
1.968442e+14	4.790378e-03	-2.892452e+00
1.968183e+14	4.724751e-03	-3.008730e+00
1.967924e+14	4.767039e-03	-3.123013e+00
1.967666e+14	4.074435e-03	3.092481e+00
1.967407e+14	2.189273e-03	-2.830449e+00
1.967148e+14	4.158059e-03	-1.326308e+00
1.966890e+14	1.195216e-02	-1.219605e+00
1.966632e+14	2.363730e-02	-1.346665e+00
1.966373e+14	3.935813e-02	-1.523808e+00
1.966115e+14	5.916537e-02	-1.719636e+00
1.965857e+14	8.286102e-02	-1.924460e+00
1.965599e+14	1.099692e-01	-2.134195e+00
1.965341e+14	1.397403e-01	-2.346668e+00
1.965083e+14	1.711855e-01	-2.560478e+00
1.964825e+14	2.031388e-01	-2.774587e+00
1.964567e+14	2.343419e-01	-2.988172e+00
1.964309e+14	2.635335e-01	3.082576e+00
1.964051e+14	2.895283e-01	2.871707e+00
1.963794e+14	3.112700e-01	2.662589e+00
1.963536e+14	3.278512e-01	2.455155e+00
1.963279e+14	3.385047e-01	2.249093e+00
1.963021e+14	3.425747e-01	2.043867e+00
1.962764e+14	3.394843e-01	1.838758e+00
1.962507e+14	3.287120e-01	1.632922e+00
1.962249e+14	3.097931e-01	1.425461e+00
1.961992e+14	2.823580e-01	1.215521e+00
1.961735e+14	2.462167e-01	1.002406e+00
1.961478e+14	2.014896e-01	7.857365e-01
1.961221e+14	1.487643e-01	5.656661e-01
1.960964e+14	8.923720e-02	3.435120e-01
1.960707e+14	2.477239e-02	1.309091e-01
1.960450e+14	4.220724e-02	3.013202e+00
1.960194e+14	1.089227e-01	2.792692e+00
1.959937e+14	1.726635e-01	2.568715e+00
1.959681e+14	2.310908e-01	2.347039e+00
1.959424e+14	2.824729e-01	2.129089e+00
1.959168e+14	3.257391e-01	1.915325e+00
1.958911e+14	3.603926e-01	1.705595e+00
1.958655e+14	3.863535e-01	1.499305e+00
1.958399e+14	4.037941e-01	1.295555e+00
1.958143e+14	4.130094e-01	1.093266e+00
1.957886e+14	4.143376e-01	8.912928e-01
1.957630e+14	4.081310e-01	6.885132e-01
1.957374e+14	3.947711e-01	4.839061e-01
1.957119e+14	3.747175e-01	2.766216e-01
1.956863e+14	3.485774e-01	6.603687e-02
1.956607e+14	3.171787e-01	-1.482060e-01
1.956351e+14	2.816228e-01	-3.661942e-01
1.956096e+14	2.432927e-01	-5.877844e-01
1.955840e+14	2.037986e-01	-8.126998e-01
1.955585e+14	1.648614e-01	-1.040685e+00
1.955329e+14	1.281541e-01	-1.271720e+00
1.955074e+14	9.513745e-02	-1.506284e+00
1.954818e+14	6.692554e-02	-1.745708e+00
1.954563e+14	4.420049e-02	-1.992601e+00
1.954308e+14	2.717714e-02	-2.251022e+00
1.954053e+14	1.560188e-02	-2.523732e+00
1.953798e+14	8.766341e-03	-2.794474e+00
1.953543e+14	5.571067e-03	-2.986988e+00
1.953288e+14	4.738796e-03	-3.042292e+00
1.953033e+14	4.795172e-03	-3.056271e+00
1.952779e+14	4.041504e-03	-2.978302e+00
1.952524e+14	2.927005e-03	-1.912316e+00
1.952269e+14	1.040626e-02	-1.142870e+00
1.952015e+14	2.591587e-02	-1.175747e+00
1.951760e+14	4.982960e-02	-1.332052e+00
1.951506e+14	8.313851e-02	-1.526656e+00
1.951251e+14	1.263026e-01	-1.739042e+00
1.950997e+14	1.789506e-01	-1.961589e+00
1.950743e+14	2.396796e-01	-2.190202e+00
1.950489e+14	3.060220e-01	-2.421697e+00
1.950234e+14	3.746850e-01	-2.653010e+00
1.949980e+14	4.420677e-01	-2.881125e+00
1.949726e+14	5.048964e-01	-3.103356e+00
1.949473e+14	5.607243e-01	2.965507e+00
1.949219e+14	6.081194e-01	2.760226e+00
1.948965e+14	6.465386e-01	2.564190e+00
1.948711e+14	6.760189e-01	2.376767e+00
1.948458e+14	6.968260e-01	2.196642e+00
1.948204e+14	7.091387e-01	2.021932e+00
1.947951e+14	7.127723e-01	1.850225e+00
1.947697e+14	7.068965e-01	1.678506e+00
1.947444e+14	6.896663e-01	1.502949e+00
1.947190e+14	6.576575e-01	1.318547e+00
1.946937e+14	6.049945e-01	1.118592e+00
1.946684e+14	5.222246e-01	8.941850e-01
1.946431e+14	3.959078e-01	6.346306e-01
1.946178e+14	2.127204e-01	3.313919e-01
1.945925e+14	2.534897e-02	3.105189e+00
1.945672e+14	2.824419e-01	2.759416e+00
1.945419e+14	5.049320e-01	2.418563e+00
1.945166e+14	6.654982e-01	2.124327e+00
1.944914e+14	7.703606e-01	1.880068e+00
1.944661e+14	8.367514e-01	1.677086e+00
1.944408e+14	8.790798e-01	1.504916e+00
1.944156e+14	9.066692e-01	1.355010e+00
1.943903e+14	9.250997e-01	1.221118e+00
1.943651e+14	9.376673e-01	1.098780e+00
1.943399e+14	9.463408e-01	9.847840e-01
1.943146e+14	9.523167e-01	8.767480e-01
1.942894e+14	9.563306e-01	7.728333e-01
1.942642e+14	9.588320e-01	6.715487e-01
1.942390e+14	9.600824e-01	5.716128e-01
1.942138e+14	9.602078e-01	4.718513e-01
1.941886e+14	9.592235e-01	3.711134e-01
1.941634e+14	9.570384e-01	2.681951e-01
1.941382e+14	9.534398e-01	1.617588e-01
1.941131e+14	9.480572e-01	5.024022e-02
1.940879e+14	9.402940e-01	-6.826762e-02
1.940627e+14	9.292142e-01	-1.961650e-01
1.940376e+14	9.133585e-01	-3.365395e-01
1.940124e+14	8.904618e-01	-4.933996e-01
1.939873e+14	8.570650e-01	-6.719058e-01
1.939622e+14	8.081340e-01	-8.784509e-01
1.939370e+14	7.371727e-01	-1.120258e+00
1.939119e+14	6.380687e-01	-1.404089e+00
1.938868e+14	5.101774e-01	-1.734676e+00
1.938617e+14	3.650163e-01	-2.117601e+00
1.938366e+14	2.270028e-01	-2.579378e+00
1.938115e+14	1.253538e-01	3.062089e+00
1.937864e+14	8.296042e-02	2.177028e+00
1.937613e+14	7.923779e-02	1.597638e+00
1.937362e+14	8.368144e-02	1.627806e+00
1.937112e+14	1.288131e-01	1.914885e+00
1.936861e+14	2.325097e-01	1.925144e+00
1.936611e+14	3.710609e-01	1.746668e+00
1.936360e+14	5.154446e-01	1.502887e+00
1.936110e+14	6.418790e-01	1.250395e+00
1.935859e+14	7.395452e-01	1.014896e+00
1.935609e+14	8.094268e-01	8.050908e-01
1.935359e+14	8.576547e-01	6.207893e-01
1.935109e+14	8.906262e-01	4.583411e-01
1.934858e+14	9.132753e-01	3.134449e-01
1.934608e+14	9.289899e-01	1.822306e-01
1.934358e+14	9.399908e-01	6.151821e-02
1.934109e+14	9.477112e-01	-5.122875e-02
1.933859e+14	9.530722e-01	-1.580329e-01
1.933609e+14	9.566619e-01	-2.605348e-01
1.933359e+14	9.588469e-01	-3.601045e-01
1.933110e+14	9.598384e-01	-4.579340e-01
1.932860e+14	9.597285e-01	-5.551133e-01
1.932610e+14	9.585053e-01	-6.526992e-01
1.932361e+14	9.560500e-01	-7.517827e-01
1.932112e+14	9.521136e-01	-8.535648e-01
1.931862e+14	9.462687e-01	-9.594494e-01
1.931613e+14	9.378197e-01	-1.071169e+00
1.931364e+14	9.256425e-01	-1.190965e+00
1.931115e+14	9.079037e-01	-1.321845e+00
1.930865e+14	8.815625e-01	-1.467963e+00
1.930616e+14	8.415207e-01	-1.635114e+00
1.930368e+14	7.793149e-01	-1.831214e+00
1.930119e+14	6.818034e-01	-2.066108e+00
1.929870e+14	5.325688e-01	-2.348741e+00
1.929621e+14	3.229059e-01	-2.678844e+00
1.929372e+14	7.292368e-02	-3.039104e+00
1.929124e+14	1.681004e-01	-2.358842e-01
1.928875e+14	3.602558e-01	-5.457925e-01
1.928627e+14	4.960167e-01	-8.110464e-01
1.928378e+14	5.864576e-01	-1.039671e+00
1.928130e+14	6.449353e-01	-1.242134e+00
1.927882e+14	6.814248e-01	-1.427493e+00
1.927633e+14	7.023299e-01	-1.602678e+00
1.927385e+14	7.114894e-01	-1.772874e+00
1.927137e+14	7.110644e-01	-1.942031e+00
1.926889e+14	7.021320e-01	-2.113254e+00
1.926641e+14	6.850690e-01	-2.289046e+00
1.926393e+14	6.598251e-01	-2.471423e+00
1.926145e+14	6.261669e-01	-2.661925e+00
1.925897e+14	5.839409e-01	-2.861551e+00
1.925650e+14	5.333758e-01	-3.070647e+00
1.925402e+14	4.753839e-01	2.994372e+00
1.925154e+14	4.117651e-01	2.768268e+00
1.924907e+14	3.451881e-01	2.535919e+00
1.924659e+14	2.788838e-01	2.299201e+00
1.924412e+14	2.161255e-01	2.059684e+00
1.924165e+14	1.596899e-01	1.818079e+00
1.923917e+14	1.114943e-01	1.573626e+00
1.923670e+14	7.248538e-02	1.323027e+00
1.923423e+14	4.273311e-02	1.057485e+00
1.923176e+14	2.163348e-02	7.509606e-01
1.922929e+14	8.208403e-03	2.865543e-01
1.922682e+14	2.676020e-03	-1.203878e+00
1.922435e+14	4.208904e-03	-2.432559e+00
1.922188e+14	4.781937e-03	-2.914654e+00
1.921941e+14	4.760316e-03	2.948372e+00
1.921694e+14	5.691686e-03	2.579820e+00
1.921448e+14	8.875512e-03	2.346987e+00
1.921201e+14	1.546445e-02	2.185352e+00
1.920955e+14	2.645689e-02	2.023887e+00
1.920708e+14	4.250239e-02	1.847279e+00
1.920462e+14	6.385151e-02	1.658155e+00
1.920215e+14	9.034776e-02	1.460670e+00
1.919969e+14	1.214289e-01	1.257894e+00
1.919723e+14	1.561534e-01	1.051982e+00
1.919477e+14	1.932652e-01	8.445566e-01
1.919231e+14	2.312994e-01	6.369321e-01
1.918985e+14	2.687156e-01	4.301937e-01
1.918739e+14	3.040344e-01	2.251948e-01
1.918493e+14	3.359472e-01	2.252394e-02
1.918247e+14	3.633796e-01	-1.775260e-01
1.918001e+14	3.855022e-01	-3.749663e-01
1.917756e+14	4.017004e-01	-5.700958e-01
1.917510e+14	4.115180e-01	-7.634632e-01
1.917264e+14	4.145969e-01	-9.558158e-01
1.917019e+14	4.106253e-01	-1.148041e+00
1.916773e+14	3.993081e-01	-1.341101e+00
1.916528e+14	3.803663e-01	-1.535966e+00
1.916283e+14	3.535733e-01	-1.733537e+00
1.916037e+14	3.188293e-01	-1.934554e+00
1.915792e+14	2.762737e-01	-2.139511e+00
1.915547e+14	2.264175e-01	-2.348573e+00
1.915302e+14	1.702633e-01	-2.561563e+00
1.915057e+14	1.093627e-01	-2.778174e+00
1.914812e+14	4.576410e-02	-3.000208e+00
1.914567e+14	1.817725e-02	-4.672199e-02
1.914322e+14	8.004300e-02	-2.797240e-01
1.914077e+14	1.376882e-01	-4.962962e-01
1.913833e+14	1.894135e-01	-7.086542e-01
1.913588e+14	2.340717e-01	-9.172366e-01
1.913344e+14	2.710390e-01	-1.122235e+00
1.913099e+14	3.001136e-01	-1.324054e+00
1.912855e+14	3.213895e-01	-1.523311e+00
1.912610e+14	3.351439e-01	-1.720765e+00
1.912366e+14	3.417551e-01	-1.917234e+00
1.912122e+14	3.416568e-01	-2.113525e+00
1.911877e+14	3.353236e-01	-2.310377e+00
1.911633e+14	3.232789e-01	-2.508415e+00
1.911389e+14	3.061176e-01	-2.708119e+00
1.911145e+14	2.845308e-01	-2.909805e+00
1.910901e+14	2.593239e-01	-3.113626e+00
1.910657e+14	2.314187e-01	2.963594e+00
1.910413e+14	2.018331e-01	2.755579e+00
1.910170e+14	1.716378e-01	2.545643e+00
1.909926e+14	1.418953e-01	2.333863e+00
1.909682e+14	1.135923e-01	2.120137e+00
1.909439e+14	8.757589e-02	1.904007e+00
1.909195e+14	6.450562e-02	1.684339e+00
1.908952e+14	4.482526e-02	1.458626e+00
1.908708e+14	2.875599e-02	1.221058e+00
1.908465e+14	1.631040e-02	9.556365e-01
1.908222e+14	7.345872e-03	5.985465e-01
1.907979e+14	2.066624e-03	-4.092105e-01
1.907735e+14	3.006309e-03	-2.150152e+00
1.907492e+14	4.414073e-03	-2.628073e+00
1.907249e+14	4.776377e-03	-2.950373e+00
1.907006e+14	4.700595e-03	3.028526e+00
1.906763e+14	4.894804e-03	2.729656e+00
1.906521e+14	6.017597e-03	2.470329e+00
1.906278e+14	8.639315e-03	2.265564e+00
1.906035e+14	1.325764e-02	2.087675e+00
1.905792e+14	2.026550e-02	1.912214e+00
1.905550e+14	2.990789e-02	1.731249e+00
1.905307e+14	4.226379e-02	1.544332e+00
1.905065e+14	5.724083e-02	1.352772e+00
1.904822e+14	7.457711e-02	1.157910e+00
1.904580e+14	9.385126e-02	9.608120e-01
1.904338e+14	1.145024e-01	7.622954e-01
1.904096e+14	1.358595e-01	5.630000e-01
1.903853e+14	1.571797e-01	3.634337e-01
1.903611e+14	1.776893e-01	1.639948e-01
1.903369e+14	1.966255e-01	-3.502421e-02
1.903127e+14	2.132711e-01	-2.334395e-01
1.902885e+14	2.269811e-01	-4.311803e-01
1.902644e+14	2.371989e-01	-6.282873e-01
1.902402e+14	2.434624e-01	-8.249050e-01
1.902160e+14	2.454059e-01	-1.021265e+00
1.901918e+14	2.427584e-01	-1.217665e+00
1.901677e+14	2.353451e-01	-1.414438e+00
1.901435e+14	2.230931e-01	-1.611921e+00
1.901194e+14	2.060437e-01	-1.810423e+00
1.900952e+14	1.843703e-01	-2.010193e+00
1.900711e+14	1.583986e-01	-2.211403e+00
1.900470e+14	1.286238e-01	-2.414148e+00
1.900228e+14	9.571636e-02	-2.618535e+00
1.899987e+14	6.051242e-02	-2.825103e+00
1.899746e+14	2.398180e-02	-3.039170e+00
1.899505e+14	1.283687e-02	-5.949363e-02
1.899264e+14	4.885907e-02	-2.851564e-01
1.899023e+14	8.309097e-02	-4.924652e-01
1.898782e+14	1.146361e-01	-6.969763e-01
1.898542e+14	1.427572e-01	-8.997702e-01
1.898301e+14	1.668945e-01	-1.101101e+00
1.898060e+14	1.866656e-01	-1.301144e+00
1.897819e+14	2.018521e-01	-1.500119e+00
1.897579e+14	2.123795e-01	-1.698300e+00
1.897338e+14	2.182958e-01	-1.896002e+00
1.897098e+14	2.197539e-01	-2.093554e+00
1.896858e+14	2.169985e-01	-2.291277e+00
1.896617e+14	2.103586e-01	-2.489457e+00
1.896377e+14	2.002425e-01	-2.688333e+00
1.896137e+14	1.871332e-01	-2.888083e+00
1.895897e+14	1.715813e-01	-3.088833e+00
1.895657e+14	1.541929e-01	2.992525e+00
1.895417e+14	1.356116e-01	2.789567e+00
1.895177e+14	1.164938e-01	2.585408e+00
1.894937e+14	9.748056e-02	2.379915e+00
1.894697e+14	7.916788e-02	2.172804e+00
1.894457e+14	6.207882e-02	1.963505e+00
1.894217e+14	4.664071e-02	1.750890e+00
1.893978e+14	3.316936e-02	1.532656e+00
1.893738e+14	2.186136e-02	1.303600e+00
1.893499e+14	1.279660e-02	1.049415e+00
1.893259e+14	5.966533e-03	7.125444e-01
1.893020e+14	1.645381e-03	-2.544013e-01
1.892780e+14	2.595799e-03	-2.084189e+00
1.892541e+14	4.121916e-03	-2.534979e+00
1.892302e+14	4.725962e-03	-2.828105e+00
1.892063e+14	4.749731e-03	-3.094928e+00
1.891824e+14	4.631610e-03	2.922449e+00
1.891585e+14	4.815166e-03	2.660815e+00
1.891346e+14	5.709764e-03	2.423846e+00
1.891107e+14	7.673024e-03	2.220382e+00
1.890868e+14	1.100921e-02	2.036744e+00
1.890629e+14	1.595315e-02	1.857679e+00
1.890390e+14	2.264937e-02	1.676349e+00
1.890152e+14	3.114108e-02	1.491272e+00
1.889913e+14	4.136648e-02	1.302836e+00
1.889674e+14	5.315993e-02	1.111807e+00
1.889436e+14	6.625771e-02	9.188965e-01
1.889197e+14	8.030852e-02	7.246797e-01
1.888959e+14	9.488891e-02	5.296073e-01
1.888721e+14	1.095225e-01	3.340321e-01
1.888482e+14	1.237023e-01	1.382279e-01
1.888244e+14	1.369132e-01	-5.760069e-02
1.888006e+14	1.486541e-01	-2.533145e-01
1.887768e+14	1.584573e-01	-4.488378e-01
1.887530e+14	1.659038e-01	-6.441560e-01
1.887292e+14	1.706354e-01	-8.393115e-01
1.887054e+14	1.723631e-01	-1.034396e+00
1.886816e+14	1.708730e-01	-1.229539e+00
1.886578e+14	1.660322e-01	-1.424893e+00
1.886341e+14	1.577934e-01	-1.620622e+00
1.886103e+14	1.462005e-01	-1.816879e+00
1.885865e+14	1.313944e-01	-2.013802e+00
1.885628e+14	1.136174e-01	-2.211507e+00
1.885390e+14	9.321536e-02	-2.410107e+00
1.885153e+14	7.063380e-02	-2.609811e+00
1.884916e+14	4.640847e-02	-2.811337e+00
1.884678e+14	2.114769e-02	-3.019375e+00
1.884441e+14	4.512112e-03	1.342218e-02
1.884204e+14	2.985787e-02	-2.494924e-01
1.883967e+14	5.427155e-02	-4.537500e-01
1.883730e+14	7.713700e-02	-6.543529e-01
1.883493e+14	9.791942e-02	-8.535111e-01
1.883256e+14	1.161746e-01	-1.051696e+00
1.883019e+14	1.315588e-01	-1.249098e+00
1.882782e+14	1.438314e-01	-1.445859e+00
1.882545e+14	1.528526e-01	-1.642132e+00
1.882309e+14	1.585776e-01	-1.838086e+00
1.882072e+14	1.610501e-01	-2.033901e+00
1.881835e+14	1.603949e-01	-2.229758e+00
1.881599e+14	1.568113e-01	-2.425832e+00
1.881362e+14	1.505664e-01	-2.622274e+00
1.881126e+14	1.419884e-01	-2.819217e+00
1.880890e+14	1.314580e-01	-3.016768e+00
1.880653e+14	1.193972e-01	3.068167e+00
1.880417e+14	1.062565e-01	2.869129e+00
1.880181e+14	9.249896e-02	2.669196e+00
1.879945e+14	7.858204e-02	2.468200e+00
1.879709e+14	6.493966e-02	2.265860e+00
1.879473e+14	5.196444e-02	2.061672e+00
1.879237e+14	3.999235e-02	1.854711e+00
1.879001e+14	2.929069e-02	1.643165e+00
1.878765e+14	2.005039e-02	1.423113e+00
1.878529e+14	1.238402e-02	1.184391e+00
1.878294e+14	6.337116e-03	8.904457e-01
1.878058e+14	2.021956e-03	2.650920e-01
1.877822e+14	1.869290e-03	-1.836746e+00
1.877587e+14	3.604574e-03	-2.388140e+00
1.877351e+14	4.528760e-03	-2.681868e+00
1.877116e+14	4.794038e-03	-2.933873e+00
1.876881e+14	4.693313e-03	3.105038e+00
1.876645e+14	4.544292e-03	2.859258e+00
1.876410e+14	4.661883e-03	2.616233e+00
1.876175e+14	5.336977e-03	2.389920e+00
1.875940e+14	6.824184e-03	2.187779e+00
1.875705e+14	9.337629e-03	2.002377e+00
1.875470e+14	1.304130e-02	1.822666e+00
1.875235e+14	1.803641e-02	1.642401e+00
1.875000e+14	2.435355e-02	1.459576e+00
("port 2","TE",1,"port 1",1,"modulation")
(1,1)
0.00229
(500,3)
2.000000e+14	9.998516e-01	1.434737e+00
1.999733e+14	9.999334e-01	1.212142e+00
1.999466e+14	9.999727e-01	9.896521e-01
1.999199e+14	9.999896e-01	7.672579e-01
1.998932e+14	9.999958e-01	5.449467e-01
1.998665e+14	9.999972e-01	3.227070e-01
1.998398e+14	9.999965e-01	1.005294e-01
1.998131e+14	9.999958e-01	-1.215943e-01
1.997865e+14	9.999974e-01	-3.436735e-01
1.997598e+14	1.000002e+00	-5.657210e-01
1.997332e+14	1.000007e+00	-7.877540e-01
1.997065e+14	9.999991e-01	-1.009793e+00
1.996799e+14	9.999561e-01	-1.231859e+00
1.996532e+14	9.998402e-01	-1.453964e+00
1.996266e+14	9.996022e-01	-1.676107e+00
1.996000e+14	9.991864e-01	-1.898268e+00
1.995734e+14	9.985399e-01	-2.120397e+00
1.995468e+14	9.976244e-01	-2.342420e+00
1.995202e+14	9.964285e-01	-2.564242e+00
1.994936e+14	9.949779e-01	-2.785754e+00
1.994670e+14	9.933406e-01	-3.006854e+00
1.994404e+14	9.916261e-01	3.055726e+00
1.994139e+14	9.899762e-01	2.835658e+00
1.993873e+14	9.885506e-01	2.616121e+00
1.993608e+14	9.875073e-01	2.397047e+00
1.993342e+14	9.869813e-01	2.178312e+00
1.993077e+14	9.870641e-01	1.959741e+00
1.992812e+14	9.877874e-01	1.741129e+00
1.992546e+14	9.891118e-01	1.522260e+00
1.992281e+14	9.909246e-01	1.302937e+00
1.992016e+14	9.930455e-01	1.083006e+00
1.991751e+14	9.952433e-01	8.623817e-01
1.991486e+14	9.972610e-01	6.410656e-01
1.991221e+14	9.988486e-01	4.191506e-01
1.990956e+14	9.997981e-01	1.968149e-01
1.990691e+14	9.999753e-01	-2.569778e-02
1.990427e+14	9.993411e-01	-2.481097e-01
1.990162e+14	9.979591e-01	-4.701464e-01
1.989898e+14	9.959859e-01	-6.915734e-01
1.989633e+14	9.936479e-01	-9.122269e-01
1.989369e+14	9.912081e-01	-1.132032e+00
1.989104e+14	9.889306e-01	-1.351010e+00
1.988840e+14	9.870481e-01	-1.569266e+00
1.988576e+14	9.857370e-01	-1.786976e+00
1.988312e+14	9.851012e-01	-2.004357e+00
1.988048e+14	9.851672e-01	-2.221641e+00
1.987784e+14	9.858876e-01	-2.439045e+00
1.987520e+14	9.871530e-01	-2.656750e+00
1.987256e+14	9.888104e-01	-2.874882e+00
1.986992e+14	9.906849e-01	-3.093502e+00
1.986729e+14	9.926030e-01	2.970576e+00
1.986465e+14	9.944135e-01	2.751038e+00
1.986201e+14	9.960030e-01	2.531165e+00
1.985938e+14	9.973045e-01	2.311073e+00
1.985674e+14	9.982974e-01	2.090878e+00
1.985411e+14	9.990005e-01	1.870682e+00
1.985148e+14	9.994595e-01	1.650562e+00
1.984885e+14	9.997334e-01	1.430561e+00
1.984622e+14	9.998810e-01	1.210699e+00
1.984358e+14	9.999522e-01	9.909720e-01
1.984095e+14	9.999826e-01	7.713629e-01
1.983832e+14	9.999940e-01	5.518505e-01
1.983570e+14	9.999973e-01	3.324143e-01
1.983307e+14	9.999972e-01	1.130372e-01
1.983044e+14	9.999966e-01	-1.062960e-01
1.982781e+14	9.999984e-01	-3.256011e-01
1.982519e+14	1.000004e+00	-5.448992e-01
1.982256e+14	1.000007e+00	-7.642185e-01
1.981994e+14	9.999911e-01	-9.835936e-01
1.981732e+14	9.999186e-01	-1.203060e+00
1.981469e+14	9.997295e-01	-1.422643e+00
1.981207e+14	9.993414e-01	-1.642350e+00
1.980945e+14	9.986580e-01	-1.862151e+00
1.980683e+14	9.975826e-01	-2.081975e+00
1.980421e+14	9.960387e-01	-2.301701e+00
1.980159e+14	9.939908e-01	-2.521169e+00
1.979897e+14	9.914642e-01	-2.740191e+00
1.979635e+14	9.885564e-01	-2.958580e+00
1.979373e+14	9.854385e-01	3.107014e+00
1.979112e+14	9.823435e-01	2.890322e+00
1.978850e+14	9.795436e-01	2.674553e+00
1.978588e+14	9.773201e-01	2.459630e+00
1.978327e+14	9.759291e-01	2.245373e+00
1.978066e+14	9.755679e-01	2.031511e+00
1.977804e+14	9.763458e-01	1.817700e+00
1.977543e+14	9.782609e-01	1.603558e+00
1.977282e+14	9.811863e-01	1.388703e+00
1.977021e+14	9.848684e-01	1.172805e+00
1.976760e+14	9.889393e-01	9.556276e-01
1.976499e+14	9.929481e-01	7.370715e-01
1.976238e+14	9.964097e-01	5.172032e-01
1.975977e+14	9.988690e-01	2.962620e-01
1.975716e+14	9.999711e-01	7.464183e-02
1.975455e+14	9.995219e-01	-1.471552e-01
1.975195e+14	9.975246e-01	-3.685853e-01
1.974934e+14	9.941822e-01	-5.891389e-01
1.974674e+14	9.898641e-01	-8.084108e-01
1.974413e+14	9.850476e-01	-1.026151e+00
1.974153e+14	9.802464e-01	-1.242287e+00
1.973892e+14	9.759445e-01	-1.456925e+00
1.973632e+14	9.725430e-01	-1.670320e+00
1.973372e+14	9.703248e-01	-1.882835e+00
1.973112e+14	9.694381e-01	-2.094897e+00
1.972852e+14	9.698944e-01	-2.306942e+00
1.972592e+14	9.715794e-01	-2.519373e+00
1.972332e+14	9.742747e-01	-2.732516e+00
1.972072e+14	9.776870e-01	-2.946596e+00
1.971812e+14	9.814854e-01	3.121466e+00
1.971553e+14	9.853403e-01	2.905313e+00
1.971293e+14	9.889626e-01	2.688245e+00
1.971034e+14	9.921336e-01	2.470452e+00
1.970774e+14	9.947232e-01	2.252166e+00
1.970515e+14	9.966923e-01	2.033617e+00
1.970255e+14	9.980798e-01	1.815007e+00
1.969996e+14	9.989789e-01	1.596484e+00
1.969737e+14	9.995089e-01	1.378138e+00
1.969478e+14	9.997892e-01	1.160000e+00
1.969219e+14	9.999201e-01	9.420598e-01
1.968960e+14	9.999734e-01	7.242806e-01
1.968701e+14	9.999922e-01	5.066156e-01
1.968442e+14	9.999975e-01	2.890200e-01
1.968183e+14	9.999979e-01	7.145523e-02
1.967924e+14	9.999977e-01	-1.461132e-01
1.967666e+14	1.000001e+00	-3.637228e-01
1.967407e+14	1.000007e+00	-5.814228e-01
1.967148e+14	1.000000e+00	-7.992786e-01
1.966890e+14	9.999377e-01	-1.017370e+00
1.966632e+14	9.997298e-01	-1.235778e+00
1.966373e+14	9.992344e-01	-1.454566e+00
1.966115e+14	9.982574e-01	-1.673747e+00
1.965857e+14	9.965704e-01	-1.893256e+00
1.965599e+14	9.939443e-01	-2.112925e+00
1.965341e+14	9.901975e-01	-2.332471e+00
1.965083e+14	9.852481e-01	-2.551514e+00
1.964825e+14	9.791592e-01	-2.769609e+00
1.964567e+14	9.721635e-01	-2.986306e+00
1.964309e+14	9.646595e-01	3.081967e+00
1.964051e+14	9.571787e-01	2.869095e+00
1.963794e+14	9.503307e-01	2.658334e+00
1.963536e+14	9.447385e-01	2.449535e+00
1.963279e+14	9.409739e-01	2.242325e+00
1.963021e+14	9.394997e-01	2.036121e+00
1.962764e+14	9.406208e-01	1.830168e+00
1.962507e+14	9.444393e-01	1.623589e+00
1.962249e+14	9.508132e-01	1.415455e+00
1.961992e+14	9.593184e-01	1.204876e+00
1.961735e+14	9.692241e-01	9.911074e-01
1.961478e+14	9.795001e-01	7.736723e-01
1.961221e+14	9.888822e-01	5.524857e-01
1.960964e+14	9.960201e-01	3.279473e-01
1.960707e+14	9.997029e-01	1.009660e-01
1.960450e+14	9.991187e-01	-1.271211e-01
1.960194e+14	9.940600e-01	-3.547380e-01
1.959937e+14	9.849907e-01	-5.803299e-01
1.959681e+14	9.729419e-01	-8.026189e-01
1.959424e+14	9.592849e-01	-1.020786e+00
1.959168e+14	9.454693e-01	-1.234542e+00
1.958911e+14	9.328102e-01	-1.444099e+00
1.958655e+14	9.223603e-01	-1.650076e+00
1.958399e+14	9.148593e-01	-1.853377e+00
1.958143e+14	9.107361e-01	-2.055072e+00
1.957886e+14	9.101326e-01	-2.256291e+00
1.957630e+14	9.129328e-01	-2.458131e+00
1.957374e+14	9.187889e-01	-2.661575e+00
1.957119e+14	9.271485e-01	-2.867423e+00
1.956863e+14	9.372896e-01	-3.076227e+00
1.956607e+14	9.483754e-01	2.994936e+00
1.956351e+14	9.595349e-01	2.779746e+00
1.956096e+14	9.699627e-01	2.561727e+00
1.955840e+14	9.790227e-01	2.341445e+00
1.955585e+14	9.863267e-01	2.119588e+00
1.955329e+14	9.917642e-01	1.896852e+00
1.955074e+14	9.954742e-01	1.673829e+00
1.954818e+14	9.977680e-01	1.450935e+00
1.954563e+14	9.990327e-01	1.228388e+00
1.954308e+14	9.996407e-01	1.006221e+00
1.954053e+14	9.998884e-01	7.843360e-01
1.953798e+14	9.999717e-01	5.625638e-01
1.953543e+14	9.999947e-01	3.407148e-01
1.953288e+14	9.999990e-01	1.186097e-01
1.953033e+14	9.999988e-01	-1.039189e-01
1.952779e+14	1.000002e+00	-3.270504e-01
1.952524e+14	1.000006e+00	-5.510153e-01
1.952269e+14	9.999563e-01	-7.761303e-01
1.952015e+14	9.996747e-01	-1.002808e+00
1.951760e+14	9.987684e-01	-1.231520e+00
1.951506e+14	9.965488e-01	-1.462698e+00
1.951251e+14	9.920027e-01	-1.696568e+00
1.950997e+14	9.838691e-01	-1.932944e+00
1.950743e+14	9.708633e-01	-2.171029e+00
1.950489e+14	9.520358e-01	-2.409312e+00
1.950234e+14	9.271635e-01	-2.645661e+00
1.949980e+14	8.969930e-01	-2.877617e+00
1.949726e+14	8.631912e-01	-3.102843e+00
1.949473e+14	8.280137e-01	2.963642e+00
1.949219e+14	7.938566e-01	2.756443e+00
1.948965e+14	7.628921e-01	2.558840e+00
1.948711e+14	7.368949e-01	2.370123e+00
1.948458e+14	7.172506e-01	2.188919e+00
1.948204e+14	7.050792e-01	2.013302e+00
1.947951e+14	7.014056e-01	1.840826e+00
1.947697e+14	7.073271e-01	1.668450e+00
1.947444e+14	7.241376e-01	1.492324e+00
1.947190e+14	7.533276e-01	1.307419e+00
1.946937e+14	7.962407e-01	1.107002e+00
1.946684e+14	8.528198e-01	8.821293e-01
1.946431e+14	9.183032e-01	6.219890e-01
1.946178e+14	9.771274e-01	3.174452e-01
1.945925e+14	9.996942e-01	-2.903864e-02
1.945672e+14	9.593005e-01	-3.924751e-01
1.945419e+14	8.631750e-01	-7.342044e-01
1.945166e+14	7.464148e-01	-1.028736e+00
1.944914e+14	6.376230e-01	-1.273102e+00
1.944661e+14	5.475969e-01	-1.476089e+00
1.944408e+14	4.766880e-01	-1.648185e+00
1.944156e+14	4.218552e-01	-1.797949e+00
1.943903e+14	3.797369e-01	-1.931635e+00
1.943651e+14	3.475466e-01	-2.053698e+00
1.943399e+14	3.231824e-01	-2.167346e+00
1.943146e+14	3.051231e-01	-2.274953e+00
1.942894e+14	2.922989e-01	-2.378346e+00
1.942642e+14	2.839853e-01	-2.479000e+00
1.942390e+14	2.797284e-01	-2.578178e+00
1.942138e+14	2.792975e-01	-2.677026e+00
1.941886e+14	2.826593e-01	-2.776662e+00
1.941634e+14	2.899718e-01	-2.878242e+00
1.941382e+14	3.015935e-01	-2.983042e+00
1.941131e+14	3.181099e-01	-3.092541e+00
1.940879e+14	3.403733e-01	3.074662e+00
1.940627e+14	3.695514e-01	2.949966e+00
1.940376e+14	4.071662e-01	2.813727e+00
1.940124e+14	4.550681e-01	2.662324e+00
1.939873e+14	5.152187e-01	2.491214e+00
1.939622e+14	5.890096e-01	2.295028e+00
1.939370e+14	6.757158e-01	2.068342e+00
1.939119e+14	7.699915e-01	1.807790e+00
1.938868e+14	8.600817e-01	1.515649e+00
1.938617e+14	9.310139e-01	1.202555e+00
1.938366e+14	9.739068e-01	8.846837e-01
1.938115e+14	9.921245e-01	5.753840e-01
1.937864e+14	9.965651e-01	2.789271e-01
1.937613e+14	9.968679e-01	-8.981481e-03
1.937362e+14	9.965050e-01	-2.970146e-01
1.937112e+14	9.916817e-01	-5.937228e-01
1.936861e+14	9.726075e-01	-9.030497e-01
1.936611e+14	9.286225e-01	-1.220284e+00
1.936360e+14	8.569371e-01	-1.531882e+00
1.936110e+14	7.668202e-01	-1.821925e+00
1.935859e+14	6.731208e-01	-2.080258e+00
1.935609e+14	5.872345e-01	-2.304945e+00
1.935359e+14	5.142394e-01	-2.499470e+00
1.935109e+14	4.547491e-01	-2.669234e+00
1.934858e+14	4.073556e-01	-2.819540e+00
1.934608e+14	3.701176e-01	-2.954861e+00
1.934358e+14	3.412120e-01	-3.078759e+00
1.934109e+14	3.191411e-01	3.089164e+00
1.933859e+14	3.027548e-01	2.980343e+00
1.933609e+14	2.912124e-01	2.876206e+00
1.933359e+14	2.839347e-01	2.775296e+00
1.933110e+14	2.805643e-01	2.676360e+00
1.932860e+14	2.809397e-01	2.578262e+00
1.932610e+14	2.850846e-01	2.479911e+00
1.932361e+14	2.932136e-01	2.380189e+00
1.932112e+14	3.057541e-01	2.277876e+00
1.931862e+14	3.233905e-01	2.171553e+00
1.931613e+14	3.471318e-01	2.059475e+00
1.931364e+14	3.784079e-01	1.939392e+00
1.931115e+14	4.191877e-01	1.808291e+00
1.930865e+14	4.720762e-01	1.662014e+00
1.930616e+14	5.402341e-01	1.494768e+00
1.930368e+14	6.266423e-01	1.298641e+00
1.930119e+14	7.315460e-01	1.063808e+00
1.929870e+14	8.463982e-01	7.813767e-01
1.929621e+14	9.464434e-01	4.518470e-01
1.929372e+14	9.973503e-01	9.593651e-02
1.929124e+14	9.857823e-01	-2.500613e-01
1.928875e+14	9.328653e-01	-5.584914e-01
1.928627e+14	8.683240e-01	-8.231821e-01
1.928378e+14	8.099903e-01	-1.051373e+00
1.928130e+14	7.642471e-01	-1.253409e+00
1.927882e+14	7.318977e-01	-1.438302e+00
1.927633e+14	7.118610e-01	-1.612960e+00
1.927385e+14	7.027061e-01	-1.782547e+00
1.927137e+14	7.031361e-01	-1.950995e+00
1.926889e+14	7.120560e-01	-2.121384e+00
1.926641e+14	7.284875e-01	-2.296189e+00
1.926393e+14	7.514286e-01	-2.477390e+00
1.926145e+14	7.796987e-01	-2.666481e+00
1.925897e+14	8.118060e-01	-2.864395e+00
1.925650e+14	8.458884e-01	-3.071393e+00
1.925402e+14	8.797886e-01	2.996231e+00
1.925154e+14	9.113003e-01	2.773413e+00
1.924907e+14	9.385439e-01	2.545284e+00
1.924659e+14	9.603353e-01	2.314113e+00
1.924412e+14	9.763761e-01	2.082093e+00
1.924165e+14	9.871777e-01	1.850989e+00
1.923917e+14	9.937755e-01	1.621951e+00
1.923670e+14	9.973799e-01	1.395504e+00
1.923423e+14	9.990969e-01	1.171679e+00
1.923176e+14	9.997764e-01	9.501929e-01
1.922929e+14	9.999767e-01	7.306285e-01
1.922682e+14	1.000007e+00	5.125584e-01
1.922435e+14	1.000002e+00	2.956202e-01
1.922188e+14	9.999990e-01	7.953817e-02
1.921941e+14	9.999991e-01	-1.358899e-01
1.921694e+14	9.999942e-01	-3.508250e-01
1.921448e+14	9.999711e-01	-5.654192e-01
1.921201e+14	9.998909e-01	-7.798352e-01
1.920955e+14	9.996605e-01	-9.942444e-01
1.920708e+14	9.991069e-01	-1.208801e+00
1.920462e+14	9.979700e-01	-1.423600e+00
1.920215e+14	9.959209e-01	-1.638625e+00
1.919969e+14	9.926108e-01	-1.853708e+00
1.919723e+14	9.877435e-01	-2.068504e+00
1.919477e+14	9.811573e-01	-2.282514e+00
1.919231e+14	9.728934e-01	-2.495133e+00
1.918985e+14	9.632303e-01	-2.705734e+00
1.918739e+14	9.526717e-01	-2.913770e+00
1.918493e+14	9.418914e-01	-3.118862e+00
1.918247e+14	9.316517e-01	2.962322e+00
1.918001e+14	9.227174e-01	2.763296e+00
1.917756e+14	9.157816e-01	2.566871e+00
1.917510e+14	9.114120e-01	2.372442e+00
1.917264e+14	9.100155e-01	2.179221e+00
1.917019e+14	9.118145e-01	1.986292e+00
1.916773e+14	9.168272e-01	1.792668e+00
1.916528e+14	9.248463e-01	1.597367e+00
1.916283e+14	9.354173e-01	1.399481e+00
1.916037e+14	9.478227e-01	1.198271e+00
1.915792e+14	9.610897e-01	9.932613e-01
1.915547e+14	9.740412e-01	7.843322e-01
1.915302e+14	9.854095e-01	5.717897e-01
1.915057e+14	9.940129e-01	3.563796e-01
1.914812e+14	9.989634e-01	1.392235e-01
1.914567e+14	9.998459e-01	-7.832890e-02
1.914322e+14	9.968025e-01	-2.949023e-01
1.914077e+14	9.904867e-01	-5.093035e-01
1.913833e+14	9.819084e-01	-7.206793e-01
1.913588e+14	9.722303e-01	-9.285928e-01
1.913344e+14	9.625792e-01	-1.133018e+00
1.913099e+14	9.539143e-01	-1.334277e+00
1.912855e+14	9.469579e-01	-1.532943e+00
1.912610e+14	9.421777e-01	-1.729745e+00
1.912366e+14	9.397998e-01	-1.925478e+00
1.912122e+14	9.398355e-01	-2.120922e+00
1.911877e+14	9.421138e-01	-2.316791e+00
1.911633e+14	9.463145e-01	-2.513674e+00
1.911389e+14	9.520045e-01	-2.712010e+00
1.911145e+14	9.586778e-01	-2.912060e+00
1.910901e+14	9.658013e-01	-3.113903e+00
1.910657e+14	9.728652e-01	2.965738e+00
1.910413e+14	9.794309e-01	2.760728e+00
1.910170e+14	9.851712e-01	2.554587e+00
1.909926e+14	9.898927e-01	2.347698e+00
1.909682e+14	9.935385e-01	2.140438e+00
1.909439e+14	9.961690e-01	1.933137e+00
1.909195e+14	9.979285e-01	1.726043e+00
1.908952e+14	9.990060e-01	1.519319e+00
1.908708e+14	9.995976e-01	1.313040e+00
1.908465e+14	9.998781e-01	1.107211e+00
1.908222e+14	9.999842e-01	9.017932e-01
1.907979e+14	1.000009e+00	6.967216e-01
1.907735e+14	1.000007e+00	4.919268e-01
1.907492e+14	1.000001e+00	2.873467e-01
1.907249e+14	9.999998e-01	8.293213e-02
1.907006e+14	1.000000e+00	-1.213540e-01
1.906763e+14	9.999992e-01	-3.255415e-01
1.906521e+14	9.999931e-01	-5.296591e-01
1.906278e+14	9.999739e-01	-7.337393e-01
1.906035e+14	9.999234e-01	-9.378194e-01
1.905792e+14	9.998059e-01	-1.141938e+00
1.905550e+14	9.995640e-01	-1.346126e+00
1.905307e+14	9.991178e-01	-1.550395e+00
1.905065e+14	9.983718e-01	-1.754726e+00
1.904822e+14	9.972266e-01	-1.959058e+00
1.904580e+14	9.955976e-01	-2.163285e+00
1.904338e+14	9.934344e-01	-2.367257e+00
1.904096e+14	9.907395e-01	-2.570794e+00
1.903853e+14	9.875814e-01	-2.773705e+00
1.903611e+14	9.840980e-01	-2.975813e+00
1.903369e+14	9.804901e-01	3.106202e+00
1.903127e+14	9.770045e-01	2.906039e+00
1.902885e+14	9.739105e-01	2.706872e+00
1.902644e+14	9.714725e-01	2.508598e+00
1.902402e+14	9.699217e-01	2.311029e+00
1.902160e+14	9.694318e-01	2.113897e+00
1.901918e+14	9.700981e-01	1.916883e+00
1.901677e+14	9.719232e-01	1.719637e+00
1.901435e+14	9.748085e-01	1.521813e+00
1.901194e+14	9.785542e-01	1.323103e+00
1.900952e+14	9.828683e-01	1.123271e+00
1.900711e+14	9.873868e-01	9.221828e-01
1.900470e+14	9.917050e-01	7.198262e-01
1.900228e+14	9.954203e-01	5.163242e-01
1.899987e+14	9.981791e-01	3.119260e-01
1.899746e+14	9.997241e-01	1.069839e-01
1.899505e+14	9.999293e-01	-9.808632e-02
1.899264e+14	9.988174e-01	-3.028550e-01
1.899023e+14	9.965537e-01	-5.069299e-01
1.898782e+14	9.934193e-01	-7.100004e-01
1.898542e+14	9.897694e-01	-9.118682e-01
1.898301e+14	9.859864e-01	-1.112461e+00
1.898060e+14	9.824352e-01	-1.311828e+00
1.897819e+14	9.794276e-01	-1.510127e+00
1.897579e+14	9.771989e-01	-1.707593e+00
1.897338e+14	9.758943e-01	-1.904510e+00
1.897098e+14	9.755670e-01	-2.101183e+00
1.896858e+14	9.761836e-01	-2.297901e+00
1.896617e+14	9.776359e-01	-2.494918e+00
1.896377e+14	9.797580e-01	-2.692431e+00
1.896137e+14	9.823463e-01	-2.890569e+00
1.895897e+14	9.851817e-01	-3.089387e+00
1.895657e+14	9.880525e-01	2.994316e+00
1.895417e+14	9.907739e-01	2.794244e+00
1.895177e+14	9.932032e-01	2.593702e+00
1.894937e+14	9.952493e-01	2.392831e+00
1.894697e+14	9.968731e-01	2.191780e+00
1.894457e+14	9.980831e-01	1.990684e+00
1.894217e+14	9.989236e-01	1.789653e+00
1.893978e+14	9.994616e-01	1.588764e+00
1.893738e+14	9.997729e-01	1.388062e+00
1.893499e+14	9.999300e-01	1.187564e+00
1.893259e+14	9.999941e-01	9.872613e-01
1.893020e+14	1.000011e+00	7.871344e-01
1.892780e+14	1.000009e+00	5.871559e-01
1.892541e+14	1.000003e+00	3.872990e-01
1.892302e+14	1.000001e+00	1.875410e-01
1.892063e+14	1.000001e+00	-1.213579e-02
1.891824e+14	1.000001e+00	-2.117447e-01
1.891585e+14	1.000000e+00	-4.112969e-01
1.891346e+14	9.999957e-01	-6.108043e-01
1.891107e+14	9.999826e-01	-8.102804e-01
1.890868e+14	9.999514e-01	-1.009741e+00
1.890629e+14	9.998848e-01	-1.209202e+00
1.890390e+14	9.997555e-01	-1.408676e+00
1.890152e+14	9.995271e-01	-1.608166e+00
1.889913e+14	9.991561e-01	-1.807661e+00
1.889674e+14	9.985981e-01	-2.007133e+00
1.889436e+14	9.978147e-01	-2.206533e+00
1.889197e+14	9.967822e-01	-2.405792e+00
1.888959e+14	9.955000e-01	-2.604829e+00
1.888721e+14	9.939965e-01	-2.803556e+00
1.888482e+14	9.923315e-01	-3.001891e+00
1.888244e+14	9.905952e-01	3.083419e+00
1.888006e+14	9.889014e-01	2.886039e+00
1.887768e+14	9.873780e-01	2.689157e+00
1.887530e+14	9.861541e-01	2.492729e+00
1.887292e+14	9.853464e-01	2.296674e+00
1.887054e+14	9.850456e-01	2.100867e+00
1.886816e+14	9.853052e-01	1.905160e+00
1.886578e+14	9.861325e-01	1.709384e+00
1.886341e+14	9.874843e-01	1.513372e+00
1.886103e+14	9.892672e-01	1.316973e+00
1.885865e+14	9.913424e-01	1.120070e+00
1.885628e+14	9.935368e-01	9.225899e-01
1.885390e+14	9.956583e-01	7.245210e-01
1.885153e+14	9.975146e-01	5.259109e-01
1.884916e+14	9.989349e-01	3.268670e-01
1.884678e+14	9.997887e-01	1.275463e-01
1.884441e+14	1.000002e+00	-7.186125e-02
1.884204e+14	9.995666e-01	-2.711526e-01
1.883967e+14	9.985386e-01	-4.701340e-01
1.883730e+14	9.970329e-01	-6.686420e-01
1.883493e+14	9.952067e-01	-8.665591e-01
1.883256e+14	9.932412e-01	-1.063824e+00
1.883019e+14	9.913208e-01	-1.260435e+00
1.882782e+14	9.896146e-01	-1.456446e+00
1.882545e+14	9.882614e-01	-1.651956e+00
1.882309e+14	9.873589e-01	-1.847098e+00
1.882072e+14	9.869586e-01	-2.042024e+00
1.881835e+14	9.870653e-01	-2.236885e+00
1.881599e+14	9.876410e-01	-2.431822e+00
1.881362e+14	9.886123e-01	-2.626951e+00
1.881126e+14	9.898808e-01	-2.822357e+00
1.880890e+14	9.913342e-01	-3.018086e+00
1.880653e+14	9.928591e-01	3.069038e+00
1.880417e+14	9.943513e-01	2.872667e+00
1.880181e+14	9.957253e-01	2.676038e+00
1.879945e+14	9.969202e-01	2.479218e+00
1.879709e+14	9.979018e-01	2.282283e+00
1.879473e+14	9.986615e-01	2.085308e+00
1.879237e+14	9.992126e-01	1.888355e+00
1.879001e+14	9.995835e-01	1.691477e+00
1.878765e+14	9.998116e-01	1.494705e+00
1.878529e+14	9.999359e-01	1.298059e+00
1.878294e+14	9.999925e-01	1.101541e+00
1.878058e+14	1.000011e+00	9.051440e-01
1.877822e+14	1.000011e+00	7.088564e-01
1.877587e+14	1.000006e+00	5.126632e-01
1.877351e+14	1.000002e+00	3.165506e-01
1.877116e+14	1.000001e+00	1.205074e-01
1.876881e+14	1.000002e+00	-7.547530e-02
1.876645e+14	1.000002e+00	-2.714039e-01
1.876410e+14	1.000002e+00	-4.672840e-01
1.876175e+14	9.999985e-01	-6.631217e-01
1.875940e+14	9.999894e-01	-8.589243e-01
1.875705e+14	9.999691e-01	-1.054700e+00
1.875470e+14	9.999277e-01	-1.250457e+00
1.875235e+14	9.998501e-01	-1.446203e+00
1.875000e+14	9.997162e-01	-1.641937e+00
("port 2","TE",1,"port 2",1,"modulation")
(1,1)
0.00229
(500,3)
2.000000e+14	1.764965e-02	-1.746616e+00
1.999733e+14	1.216019e-02	-1.979868e+00
1.999466e+14	8.323161e-03	-2.209400e+00
1.999199e+14	5.965074e-03	-2.425023e+00
1.998932e+14	4.815596e-03	-2.615961e+00
1.998665e+14	4.525578e-03	-2.787871e+00
1.998398e+14	4.679902e-03	-2.958278e+00
1.998131e+14	4.822129e-03	-3.131085e+00
1.997865e+14	4.492865e-03	2.993400e+00
1.997598e+14	3.285229e-03	2.913295e+00
1.997332e+14	1.349402e-03	-2.706128e+00
1.997065e+14	4.089221e-03	-1.360831e+00
1.996799e+14	1.014020e-02	-1.379529e+00
1.996532e+14	1.829215e-02	-1.537174e+00
1.996266e+14	2.846848e-02	-1.728402e+00
1.996000e+14	4.051601e-02	-1.932701e+00
1.995734e+14	5.415831e-02	-2.143351e+00
1.995468e+14	6.899771e-02	-2.357467e+00
1.995202e+14	8.453048e-02	-2.573565e+00
1.994936e+14	1.001707e-01	-2.790777e+00
1.994670e+14	1.152800e-01	-3.008548e+00
1.994404e+14	1.292006e-01	3.056673e+00
1.994139e+14	1.412880e-01	2.838747e+00
1.993873e+14	1.509398e-01	2.620981e+00
1.993608e+14	1.576210e-01	2.403402e+00
1.993342e+14	1.608819e-01	2.185955e+00
1.993077e+14	1.603729e-01	1.968525e+00
1.992812e+14	1.558565e-01	1.750954e+00
1.992546e+14	1.472175e-01	1.533080e+00
1.992281e+14	1.344756e-01	1.314767e+00
1.992016e+14	1.177959e-01	1.095957e+00
1.991751e+14	9.749957e-02	8.767424e-01
1.991486e+14	7.406772e-02	6.575435e-01
1.991221e+14	4.813613e-02	4.398241e-01
1.990956e+14	2.047762e-02	2.327218e-01
1.990691e+14	8.068466e-03	3.059648e+00
1.990427e+14	3.651117e-02	2.888974e+00
1.990162e+14	6.397942e-02	2.673279e+00
1.989898e+14	8.959738e-02	2.454240e+00
1.989633e+14	1.126029e-01	2.234744e+00
1.989369e+14	1.323711e-01	2.015523e+00
1.989104e+14	1.484314e-01	1.796788e+00
1.988840e+14	1.604728e-01	1.578533e+00
1.988576e+14	1.683393e-01	1.360625e+00
1.988312e+14	1.720207e-01	1.142862e+00
1.988048e+14	1.716422e-01	9.250102e-01
1.987784e+14	1.674549e-01	7.068371e-01
1.987520e+14	1.598264e-01	4.881337e-01
1.987256e+14	1.492301e-01	2.687319e-01
1.986992e+14	1.362320e-01	4.850916e-02
1.986729e+14	1.214705e-01	-1.726175e-01
1.986465e+14	1.056302e-01	-3.947093e-01
1.986201e+14	8.940954e-02	-6.178348e-01
1.985938e+14	7.348366e-02	-8.421089e-01
1.985674e+14	5.846720e-02	-1.067738e+00
1.985411e+14	4.487995e-02	-1.295067e+00
1.985148e+14	3.311899e-02	-1.524593e+00
1.984885e+14	2.343915e-02	-1.756857e+00
1.984622e+14	1.594250e-02	-1.991842e+00
1.984358e+14	1.057664e-02	-2.226942e+00
1.984095e+14	7.142057e-03	-2.452390e+00
1.983832e+14	5.312003e-03	-2.649894e+00
1.983570e+14	4.661651e-03	-2.812979e+00
1.983307e+14	4.683609e-03	-2.963374e+00
1.983044e+14	4.804743e-03	-3.115547e+00
1.982781e+14	4.436455e-03	3.032593e+00
1.982519e+14	3.067877e-03	3.015560e+00
1.982256e+14	1.544598e-03	-2.100309e+00
1.981994e+14	5.855041e-03	-1.278825e+00
1.981732e+14	1.338840e-02	-1.340982e+00
1.981469e+14	2.361304e-02	-1.503416e+00
1.981207e+14	3.651509e-02	-1.694184e+00
1.980945e+14	5.195101e-02	-1.896787e+00
1.980683e+14	6.960978e-02	-2.105375e+00
1.980421e+14	8.901433e-02	-2.317282e+00
1.980159e+14	1.095395e-01	-2.531057e+00
1.979897e+14	1.304431e-01	-2.745787e+00
1.979635e+14	1.509065e-01	-2.960850e+00
1.979373e+14	1.700806e-01	3.107378e+00
1.979112e+14	1.871302e-01	2.892815e+00
1.978850e+14	2.012728e-01	2.678795e+00
1.978588e+14	2.118059e-01	2.465333e+00
1.978327e+14	2.181254e-01	2.252316e+00
1.978066e+14	2.197350e-01	2.039526e+00
1.977804e+14	2.162524e-01	1.826663e+00
1.977543e+14	2.074175e-01	1.613383e+00
1.977282e+14	1.931059e-01	1.399350e+00
1.977021e+14	1.733519e-01	1.184287e+00
1.976760e+14	1.483771e-01	9.680480e-01
1.976499e+14	1.186210e-01	7.507170e-01
1.976238e+14	8.476369e-02	5.328563e-01
1.975977e+14	4.772787e-02	3.168066e-01
1.975716e+14	8.659720e-03	1.435657e-01
1.975455e+14	3.119661e-02	2.988227e+00
1.975195e+14	7.044110e-02	2.775944e+00
1.974934e+14	1.077919e-01	2.557883e+00
1.974674e+14	1.420779e-01	2.339675e+00
1.974413e+14	1.723320e-01	2.122424e+00
1.974153e+14	1.978231e-01	1.906457e+00
1.973892e+14	2.180575e-01	1.691771e+00
1.973632e+14	2.327592e-01	1.478152e+00
1.973372e+14	2.418396e-01	1.265250e+00
1.973112e+14	2.453699e-01	1.052637e+00
1.972852e+14	2.435602e-01	8.398630e-01
1.972592e+14	2.367491e-01	6.265020e-01
1.972332e+14	2.254011e-01	4.121899e-01
1.972072e+14	2.101072e-01	1.966506e-01
1.971812e+14	1.915818e-01	-2.029386e-02
1.971553e+14	1.706507e-01	-2.387312e-01
1.971293e+14	1.482238e-01	-4.586857e-01
1.971034e+14	1.252536e-01	-6.801657e-01
1.970774e+14	1.026809e-01	-9.032282e-01
1.970515e+14	8.137628e-02	-1.128061e+00
1.970255e+14	6.208369e-02	-1.355081e+00
1.969996e+14	4.537493e-02	-1.585035e+00
1.969737e+14	3.161797e-02	-1.819041e+00
1.969478e+14	2.096068e-02	-2.058248e+00
1.969219e+14	1.332771e-02	-2.301877e+00
1.968960e+14	8.429121e-03	-2.540438e+00
1.968701e+14	5.786961e-03	-2.745683e+00
1.968442e+14	4.790378e-03	-2.892452e+00
1.968183e+14	4.724751e-03	-3.008730e+00
1.967924e+14	4.767039e-03	-3.123013e+00
1.967666e+14	4.074435e-03	3.092481e+00
1.967407e+14	2.189273e-03	-2.830449e+00
1.967148e+14	4.158059e-03	-1.326308e+00
1.966890e+14	1.195216e-02	-1.219605e+00
1.966632e+14	2.363730e-02	-1.346665e+00
1.966373e+14	3.935813e-02	-1.523808e+00
1.966115e+14	5.916537e-02	-1.719636e+00
1.965857e+14	8.286102e-02	-1.924460e+00
1.965599e+14	1.099692e-01	-2.134195e+00
1.965341e+14	1.397403e-01	-2.346668e+00
1.965083e+14	1.711855e-01	-2.560478e+00
1.964825e+14	2.031388e-01	-2.774587e+00
1.964567e+14	2.343419e-01	-2.988172e+00
1.964309e+14	2.635335e-01	3.082576e+00
1.964051e+14	2.895283e-01	2.871707e+00
1.963794e+14	3.112700e-01	2.662589e+00
1.963536e+14	3.278512e-01	2.455155e+00
1.963279e+14	3.385047e-01	2.249093e+00
1.963021e+14	3.425747e-01	2.043867e+00
1.962764e+14	3.394843e-01	1.838758e+00
1.962507e+14	3.287120e-01	1.632922e+00
1.962249e+14	3.097931e-01	1.425461e+00
1.961992e+14	2.823580e-01	1.215521e+00
1.961735e+14	2.462167e-01	1.002406e+00
1.961478e+14	2.014896e-01	7.857365e-01
1.961221e+14	1.487643e-01	5.656661e-01
1.960964e+14	8.923720e-02	3.435120e-01
1.960707e+14	2.477239e-02	1.309091e-01
1.960450e+14	4.220724e-02	3.013202e+00
1.960194e+14	1.089227e-01	2.792692e+00
1.959937e+14	1.726635e-01	2.568715e+00
1.959681e+14	2.310908e-01	2.347039e+00
1.959424e+14	2.824729e-01	2.129089e+00
1.959168e+14	3.257391e-01	1.915325e+00
1.958911e+14	3.603926e-01	1.705595e+00
1.958655e+14	3.863535e-01	1.499305e+00
1.958399e+14	4.037941e-01	1.295555e+00
1.958143e+14	4.130094e-01	1.093266e+00
1.957886e+14	4.143376e-01	8.912928e-01
1.957630e+14	4.081310e-01	6.885132e-01
1.957374e+14	3.947711e-01	4.839061e-01
1.957119e+14	3.747175e-01	2.766216e-01
1.956863e+14	3.485774e-01	6.603687e-02
1.956607e+14	3.171787e-01	-1.482060e-01
1.956351e+14	2.816228e-01	-3.661942e-01
1.956096e+14	2.432927e-01	-5.877844e-01
1.955840e+14	2.037986e-01	-8.126998e-01
1.955585e+14	1.648614e-01	-1.040685e+00
1.955329e+14	1.281541e-01	-1.271720e+00
1.955074e+14	9.513745e-02	-1.506284e+00
1.954818e+14	6.692554e-02	-1.745708e+00
1.954563e+14	4.420049e-02	-1.992601e+00
1.954308e+14	2.717714e-02	-2.251022e+00
1.954053e+14	1.560188e-02	-2.523732e+00
1.953798e+14	8.766341e-03	-2.794474e+00
1.953543e+14	5.571067e-03	-2.986988e+00
1.953288e+14	4.738796e-03	-3.042292e+00
1.953033e+14	4.795172e-03	-3.056271e+00
1.952779e+14	4.041504e-03	-2.978302e+00
1.952524e+14	2.927005e-03	-1.912316e+00
1.952269e+14	1.040626e-02	-1.142870e+00
1.952015e+14	2.591587e-02	-1.175747e+00
1.951760e+14	4.982960e-02	-1.332052e+00
1.951506e+14	8.313851e-02	-1.526656e+00
1.951251e+14	1.263026e-01	-1.739042e+00
1.950997e+14	1.789506e-01	-1.961589e+00
1.950743e+14	2.396796e-01	-2.190202e+00
1.950489e+14	3.060220e-01	-2.421697e+00
1.950234e+14	3.746850e-01	-2.653010e+00
1.949980e+14	4.420677e-01	-2.881125e+00
1.949726e+14	5.048964e-01	-3.103356e+00
1.949473e+14	5.607243e-01	2.965507e+00
1.949219e+14	6.081194e-01	2.760226e+00
1.948965e+14	6.465386e-01	2.564190e+00
1.948711e+14	6.760189e-01	2.376767e+00
1.948458e+14	6.968260e-01	2.196642e+00
1.948204e+14	7.091387e-01	2.021932e+00
1.947951e+14	7.127723e-01	1.850225e+00
1.947697e+14	7.068965e-01	1.678506e+00
1.947444e+14	6.896663e-01	1.502949e+00
1.947190e+14	6.576575e-01	1.318547e+00
1.946937e+14	6.049945e-01	1.118592e+00
1.946684e+14	5.222246e-01	8.941850e-01
1.946431e+14	3.959078e-01	6.346306e-01
1.946178e+14	2.127204e-01	3.313919e-01
1.945925e+14	2.534897e-02	3.105189e+00
1.945672e+14	2.824419e-01	2.759416e+00
1.945419e+14	5.049320e-01	2.418563e+00
1.945166e+14	6.654982e-01	2.124327e+00
1.944914e+14	7.703606e-01	1.880068e+00
1.944661e+14	8.367514e-01	1.677086e+00
1.944408e+14	8.790798e-01	1.504916e+00
1.944156e+14	9.066692e-01	1.355010e+00
1.943903e+14	9.250997e-01	1.221118e+00
1.943651e+14	9.376673e-01	1.098780e+00
1.943399e+14	9.463408e-01	9.847840e-01
1.943146e+14	9.523167e-01	8.767480e-01
1.942894e+14	9.563306e-01	7.728333e-01
1.942642e+14	9.588320e-01	6.715487e-01
1.942390e+14	9.600824e-01	5.716128e-01
1.942138e+14	9.602078e-01	4.718513e-01
1.941886e+14	9.592235e-01	3.711134e-01
1.941634e+14	9.570384e-01	2.681951e-01
1.941382e+14	9.534398e-01	1.617588e-01
1.941131e+14	9.480572e-01	5.024022e-02
1.940879e+14	9.402940e-01	-6.826762e-02
1.940627e+14	9.292142e-01	-1.961650e-01
1.940376e+14	9.133585e-01	-3.365395e-01
1.940124e+14	8.904618e-01	-4.933996e-01
1.939873e+14	8.570650e-01	-6.719058e-01
1.939622e+14	8.081340e-01	-8.784509e-01
1.939370e+14	7.371727e-01	-1.120258e+00
1.939119e+14	6.380687e-01	-1.404089e+00
1.938868e+14	5.101774e-01	-1.734676e+00
1.938617e+14	3.650163e-01	-2.117601e+00
1.938366e+14	2.270028e-01	-2.579378e+00
1.938115e+14	1.253538e-01	3.062089e+00
1.937864e+14	8.296042e-02	2.177028e+00
1.937613e+14	7.923779e-02	1.597638e+00
1.937362e+14	8.368144e-02	1.627806e+00
1.937112e+14	1.288131e-01	1.914885e+00
1.936861e+14	2.325097e-01	1.925144e+00
1.936611e+14	3.710609e-01	1.746668e+00
1.936360e+14	5.154446e-01	1.502887e+00
1.936110e+14	6.418790e-01	1.250395e+00
1.935859e+14	7.395452e-01	1.014896e+00
1.935609e+14	8.094268e-01	8.050908e-01
1.935359e+14	8.576547e-01	6.207893e-01
1.935109e+14	8.906262e-01	4.583411e-01
1.934858e+14	9.132753e-01	3.134449e-01
1.934608e+14	9.289899e-01	1.822306e-01
1.934358e+14	9.399908e-01	6.151821e-02
1.934109e+14	9.477112e-01	-5.122875e-02
1.933859e+14	9.530722e-01	-1.580329e-01
1.933609e+14	9.566619e-01	-2.605348e-01
1.933359e+14	9.588469e-01	-3.601045e-01
1.933110e+14	9.598384e-01	-4.579340e-01
1.932860e+14	9.597285e-01	-5.551133e-01
1.932610e+14	9.585053e-01	-6.526992e-01
1.932361e+14	9.560500e-01	-7.517827e-01
1.932112e+14	9.521136e-01	-8.535648e-01
1.931862e+14	9.462687e-01	-9.594494e-01
1.931613e+14	9.378197e-01	-1.071169e+00
1.931364e+14	9.256425e-01	-1.190965e+00
1.931115e+14	9.079037e-01	-1.321845e+00
1.930865e+14	8.815625e-01	-1.467963e+00
1.930616e+14	8.415207e-01	-1.635114e+00
1.930368e+14	7.793149e-01	-1.831214e+00
1.930119e+14	6.818034e-01	-2.066108e+00
1.929870e+14	5.325688e-01	-2.348741e+00
1.929621e+14	3.229059e-01	-2.678844e+00
1.929372e+14	7.292368e-02	-3.039104e+00
1.929124e+14	1.681004e-01	-2.358842e-01
1.928875e+14	3.602558e-01	-5.457925e-01
1.928627e+14	4.960167e-01	-8.110464e-01
1.928378e+14	5.864576e-01	-1.039671e+00
1.928130e+14	6.449353e-01	-1.242134e+00
1.927882e+14	6.814248e-01	-1.427493e+00
1.927633e+14	7.023299e-01	-1.602678e+00
1.927385e+14	7.114894e-01	-1.772874e+00
1.927137e+14	7.110644e-01	-1.942031e+00
1.926889e+14	7.021320e-01	-2.113254e+00
1.926641e+14	6.850690e-01	-2.289046e+00
1.926393e+14	6.598251e-01	-2.471423e+00
1.926145e+14	6.261669e-01	-2.661925e+00
1.925897e+14	5.839409e-01	-2.861551e+00
1.925650e+14	5.333758e-01	-3.070647e+00
1.925402e+14	4.753839e-01	2.994372e+00
1.925154e+14	4.117651e-01	2.768268e+00
1.924907e+14	3.451881e-01	2.535919e+00
1.924659e+14	2.788838e-01	2.299201e+00
1.924412e+14	2.161255e-01	2.059684e+00
1.924165e+14	1.596899e-01	1.818079e+00
1.923917e+14	1.114943e-01	1.573626e+00
1.923670e+14	7.248538e-02	1.323027e+00
1.923423e+14	4.273311e-02	1.057485e+00
1.923176e+14	2.163348e-02	7.509606e-01
1.922929e+14	8.208403e-03	2.865543e-01
1.922682e+14	2.676020e-03	-1.203878e+00
1.922435e+14	4.208904e-03	-2.432559e+00
1.922188e+14	4.781937e-03	-2.914654e+00
1.921941e+14	4.760316e-03	2.948372e+00
1.921694e+14	5.691686e-03	2.579820e+00
1.921448e+14	8.875512e-03	2.346987e+00
1.921201e+14	1.546445e-02	2.185352e+00
1.920955e+14	2.645689e-02	2.023887e+00
1.920708e+14	4.250239e-02	1.847279e+00
1.920462e+14	6.385151e-02	1.658155e+00
1.920215e+14	9.034776e-02	1.460670e+00
1.919969e+14	1.214289e-01	1.257894e+00
1.919723e+14	1.561534e-01	1.051982e+00
1.919477e+14	1.932652e-01	8.445566e-01
1.919231e+14	2.312994e-01	6.369321e-01
1.918985e+14	2.687156e-01	4.301937e-01
1.918739e+14	3.040344e-01	2.251948e-01
1.918493e+14	3.359472e-01	2.252394e-02
1.918247e+14	3.633796e-01	-1.775260e-01
1.918001e+14	3.855022e-01	-3.749663e-01
1.917756e+14	4.017004e-01	-5.700958e-01
1.917510e+14	4.115180e-01	-7.634632e-01
1.917264e+14	4.145969e-01	-9.558158e-01
1.917019e+14	4.106253e-01	-1.148041e+00
1.916773e+14	3.993081e-01	-1.341101e+00
1.916528e+14	3.803663e-01	-1.535966e+00
1.916283e+14	3.535733e-01	-1.733537e+00
1.916037e+14	3.188293e-01	-1.934554e+00
1.915792e+14	2.762737e-01	-2.139511e+00
1.915547e+14	2.264175e-01	-2.348573e+00
1.915302e+14	1.702633e-01	-2.561563e+00
1.915057e+14	1.093627e-01	-2.778174e+00
1.914812e+14	4.576410e-02	-3.000208e+00
1.914567e+14	1.817725e-02	-4.672199e-02
1.914322e+14	8.004300e-02	-2.797240e-01
1.914077e+14	1.376882e-01	-4.962962e-01
1.913833e+14	1.894135e-01	-7.086542e-01
1.913588e+14	2.340717e-01	-9.172366e-01
1.913344e+14	2.710390e-01	-1.122235e+00
1.913099e+14	3.001136e-01	-1.324054e+00
1.912855e+14	3.213895e-01	-1.523311e+00
1.912610e+14	3.351439e-01	-1.720765e+00
1.912366e+14	3.417551e-01	-1.917234e+00
1.912122e+14	3.416568e-01	-2.113525e+00
1.911877e+14	3.353236e-01	-2.310377e+00
1.911633e+14	3.232789e-01	-2.508415e+00
1.911389e+14	3.061176e-01	-2.708119e+00
1.911145e+14	2.845308e-01	-2.909805e+00
1.910901e+14	2.593239e-01	-3.113626e+00
1.910657e+14	2.314187e-01	2.963594e+00
1.910413e+14	2.018331e-01	2.755579e+00
1.910170e+14	1.716378e-01	2.545643e+00
1.909926e+14	1.418953e-01	2.333863e+00
1.909682e+14	1.135923e-01	2.120137e+00
1.909439e+14	8.757589e-02	1.904007e+00
1.909195e+14	6.450562e-02	1.684339e+00
1.908952e+14	4.482526e-02	1.458626e+00
1.908708e+14	2.875599e-02	1.221058e+00
1.908465e+14	1.631040e-02	9.556365e-01
1.908222e+14	7.345872e-03	5.985465e-01
1.907979e+14	2.066624e-03	-4.092105e-01
1.907735e+14	3.006309e-03	-2.150152e+00
1.907492e+14	4.414073e-03	-2.628073e+00
1.907249e+14	4.776377e-03	-2.950373e+00
1.907006e+14	4.700595e-03	3.028526e+00
1.906763e+14	4.894804e-03	2.729656e+00
1.906521e+14	6.017597e-03	2.470329e+00
1.906278e+14	8.639315e-03	2.265564e+00
1.906035e+14	1.325764e-02	2.087675e+00
1.905792e+14	2.026550e-02	1.912214e+00
1.905550e+14	2.990789e-02	1.731249e+00
1.905307e+14	4.226379e-02	1.544332e+00
1.905065e+14	5.724083e-02	1.352772e+00
1.904822e+14	7.457711e-02	1.157910e+00
1.904580e+14	9.385126e-02	9.608120e-01
1.904338e+14	1.145024e-01	7.622954e-01
1.904096e+14	1.358595e-01	5.630000e-01
1.903853e+14	1.571797e-01	3.634337e-01
1.903611e+14	1.776893e-01	1.639948e-01
1.903369e+14	1.966255e-01	-3.502421e-02
1.903127e+14	2.132711e-01	-2.334395e-01
1.902885e+14	2.269811e-01	-4.311803e-01
1.902644e+14	2.371989e-01	-6.282873e-01
1.902402e+14	2.434624e-01	-8.249050e-01
1.902160e+14	2.454059e-01	-1.021265e+00
1.901918e+14	2.427584e-01	-1.217665e+00
1.901677e+14	2.353451e-01	-1.414438e+00
1.901435e+14	2.230931e-01	-1.611921e+00
1.901194e+14	2.060437e-01	-1.810423e+00
1.900952e+14	1.843703e-01	-2.010193e+00
1.900711e+14	1.583986e-01	-2.211403e+00
1.900470e+14	1.286238e-01	-2.414148e+00
1.900228e+14	9.571636e-02	-2.618535e+00
1.899987e+14	6.051242e-02	-2.825103e+00
1.899746e+14	2.398180e-02	-3.039170e+00
1.899505e+14	1.283687e-02	-5.949363e-02
1.899264e+14	4.885907e-02	-2.851564e-01
1.899023e+14	8.309097e-02	-4.924652e-01
1.898782e+14	1.146361e-01	-6.969763e-01
1.898542e+14	1.427572e-01	-8.997702e-01
1.898301e+14	1.668945e-01	-1.101101e+00
1.898060e+14	1.866656e-01	-1.301144e+00
1.897819e+14	2.018521e-01	-1.500119e+00
1.897579e+14	2.123795e-01	-1.698300e+00
1.897338e+14	2.182958e-01	-1.896002e+00
1.897098e+14	2.197539e-01	-2.093554e+00
1.896858e+14	2.169985e-01	-2.291277e+00
1.896617e+14	2.103586e-01	-2.489457e+00
1.896377e+14	2.002425e-01	-2.688333e+00
1.896137e+14	1.871332e-01	-2.888083e+00
1.895897e+14	1.715813e-01	-3.088833e+00
1.895657e+14	1.541929e-01	2.992525e+00
1.895417e+14	1.356116e-01	2.789567e+00
1.895177e+14	1.164938e-01	2.585408e+00
1.894937e+14	9.748056e-02	2.379915e+00
1.894697e+14	7.916788e-02	2.172804e+00
1.894457e+14	6.207882e-02	1.963505e+00
1.894217e+14	4.664071e-02	1.750890e+00
1.893978e+14	3.316936e-02	1.532656e+00
1.893738e+14	2.186136e-02	1.303600e+00
1.893499e+14	1.279660e-02	1.049415e+00
1.893259e+14	5.966533e-03	7.125444e-01
1.893020e+14	1.645381e-03	-2.544013e-01
1.892780e+14	2.595799e-03	-2.084189e+00
1.892541e+14	4.121916e-03	-2.534979e+00
1.892302e+14	4.725962e-03	-2.828105e+00
1.892063e+14	4.749731e-03	-3.094928e+00
1.891824e+14	4.631610e-03	2.922449e+00
1.891585e+14	4.815166e-03	2.660815e+00
1.891346e+14	5.709764e-03	2.423846e+00
1.891107e+14	7.673024e-03	2.220382e+00
1.890868e+14	1.100921e-02	2.036744e+00
1.890629e+14	1.595315e-02	1.857679e+00
1.890390e+14	2.264937e-02	1.676349e+00
1.890152e+14	3.114108e-02	1.491272e+00
1.889913e+14	4.136648e-02	1.302836e+00
1.889674e+14	5.315993e-02	1.111807e+00
1.889436e+14	6.625771e-02	9.188965e-01
1.889197e+14	8.030852e-02	7.246797e-01
1.888959e+14	9.488891e-02	5.296073e-01
1.888721e+14	1.095225e-01	3.340321e-01
1.888482e+14	1.237023e-01	1.382279e-01
1.888244e+14	1.369132e-01	-5.760069e-02
1.888006e+14	1.486541e-01	-2.533145e-01
1.887768e+14	1.584573e-01	-4.488378e-01
1.887530e+14	1.659038e-01	-6.441560e-01
1.887292e+14	1.706354e-01	-8.393115e-01
1.887054e+14	1.723631e-01	-1.034396e+00
1.886816e+14	1.708730e-01	-1.229539e+00
1.886578e+14	1.660322e-01	-1.424893e+00
1.886341e+14	1.577934e-01	-1.620622e+00
1.886103e+14	1.462005e-01	-1.816879e+00
1.885865e+14	1.313944e-01	-2.013802e+00
1.885628e+14	1.136174e-01	-2.211507e+00
1.885390e+14	9.321536e-02	-2.410107e+00
1.885153e+14	7.063380e-02	-2.609811e+00
1.884916e+14	4.640847e-02	-2.811337e+00
1.884678e+14	2.114769e-02	-3.019375e+00
1.884441e+14	4.512112e-03	1.342218e-02
1.884204e+14	2.985787e-02	-2.494924e-01
1.883967e+14	5.427155e-02	-4.537500e-01
1.883730e+14	7.713700e-02	-6.543529e-01
1.883493e+14	9.791942e-02	-8.535111e-01
1.883256e+14	1.161746e-01	-1.051696e+00
1.883019e+14	1.315588e-01	-1.249098e+00
1.882782e+14	1.438314e-01	-1.445859e+00
1.882545e+14	1.528526e-01	-1.642132e+00
1.882309e+14	1.585776e-01	-1.838086e+00
1.882072e+14	1.610501e-01	-2.033901e+00
1.881835e+14	1.603949e-01	-2.229758e+00
1.881599e+14	1.568113e-01	-2.425832e+00
1.881362e+14	1.505664e-01	-2.622274e+00
1.881126e+14	1.419884e-01	-2.819217e+00
1.880890e+14	1.314580e-01	-3.016768e+00
1.880653e+14	1.193972e-01	3.068167e+00
1.880417e+14	1.062565e-01	2.869129e+00
1.880181e+14	9.249896e-02	2.669196e+00
1.879945e+14	7.858204e-02	2.468200e+00
1.879709e+14	6.493966e-02	2.265860e+00
1.879473e+14	5.196444e-02	2.061672e+00
1.879237e+14	3.999235e-02	1.854711e+00
1.879001e+14	2.929069e-02	1.643165e+00
1.878765e+14	2.005039e-02	1.423113e+00
1.878529e+14	1.238402e-02	1.184391e+00
1.878294e+14	6.337116e-03	8.904457e-01
1.878058e+14	2.021956e-03	2.650920e-01
1.877822e+14	1.869290e-03	-1.836746e+00
1.877587e+14	3.604574e-03	-2.388140e+00
1.877351e+14	4.528760e-03	-2.681868e+00
1.877116e+14	4.794038e-03	-2.933873e+00
1.876881e+14	4.693313e-03	3.105038e+00
1.876645e+14	4.544292e-03	2.859258e+00
1.876410e+14	4.661883e-03	2.616233e+00
1.876175e+14	5.336977e-03	2.389920e+00
1.875940e+14	6.824184e-03	2.187779e+00
1.875705e+14	9.337629e-03	2.002377e+00
1.875470e+14	1.304130e-02	1.822666e+00
1.875235e+14	1.803641e-02	1.642401e+00
1.875000e+14	2.435355e-02	1.459576e+00
