("port 1","TE",1,"port 1",1,"modulation")
(1,1)
0.00143
(500,3)
2.000000e+14	4.916228e-03	-2.590637e+00
1.999733e+14	4.529351e-03	-2.764223e+00
1.999466e+14	4.648369e-03	-2.934237e+00
1.999199e+14	4.820236e-03	-3.107325e+00
1.998932e+14	4.583188e-03	3.013135e+00
1.998665e+14	3.516629e-03	2.912427e+00
1.998398e+14	1.547458e-03	-2.964326e+00
1.998131e+14	3.426917e-03	-1.395981e+00
1.997865e+14	9.172185e-03	-1.363244e+00
1.997598e+14	1.703865e-02	-1.512368e+00
1.997332e+14	2.694274e-02	-1.700826e+00
1.997065e+14	3.874704e-02	-1.903921e+00
1.996799e+14	5.219234e-02	-2.113967e+00
1.996532e+14	6.689686e-02	-2.327761e+00
1.996266e+14	8.237001e-02	-2.543693e+00
1.996000e+14	9.803521e-02	-2.760834e+00
1.995734e+14	1.132591e-01	-2.978596e+00
1.995468e+14	1.273843e-01	3.086593e+00
1.995202e+14	1.397622e-01	2.868612e+00
1.994936e+14	1.497828e-01	2.650780e+00
1.994670e+14	1.569004e-01	2.433137e+00
1.994404e+14	1.606523e-01	2.215639e+00
1.994139e+14	1.606745e-01	1.998175e+00
1.993873e+14	1.567132e-01	1.780594e+00
1.993608e+14	1.486361e-01	1.562731e+00
1.993342e+14	1.364435e-01	1.344444e+00
1.993077e+14	1.202805e-01	1.125662e+00
1.992812e+14	1.004465e-01	9.064484e-01
1.992546e+14	7.740145e-02	6.871600e-01
1.992281e+14	5.176115e-02	4.690133e-01
1.992016e+14	2.428160e-02	2.586011e-01
1.991751e+14	4.221867e-03	3.029158e+00
1.991486e+14	3.271692e-02	2.917205e+00
1.991221e+14	6.037456e-02	2.702604e+00
1.990956e+14	8.629274e-02	2.483709e+00
1.990691e+14	1.096926e-01	2.264174e+00
1.990427e+14	1.299291e-01	2.044859e+00
1.990162e+14	1.465102e-01	1.826018e+00
1.989898e+14	1.591036e-01	1.607666e+00
1.989633e+14	1.675328e-01	1.389685e+00
1.989369e+14	1.717688e-01	1.171879e+00
1.989104e+14	1.719193e-01	9.540167e-01
1.988840e+14	1.682193e-01	7.358628e-01
1.988576e+14	1.610216e-01	5.172045e-01
1.988312e+14	1.507867e-01	2.978677e-01
1.988048e+14	1.380694e-01	7.772380e-02
1.987784e+14	1.235001e-01	-1.433144e-01
1.987520e+14	1.077596e-01	-3.653095e-01
1.987256e+14	9.154677e-02	-5.883270e-01
1.986992e+14	7.554243e-02	-8.124726e-01
1.986729e+14	6.037154e-02	-1.037938e+00
1.986465e+14	4.656842e-02	-1.265046e+00
1.986201e+14	3.454781e-02	-1.494277e+00
1.985938e+14	2.458415e-02	-1.726181e+00
1.985674e+14	1.679988e-02	-1.960884e+00
1.985411e+14	1.116263e-02	-2.196327e+00
1.985148e+14	7.491241e-03	-2.423989e+00
1.984885e+14	5.473793e-03	-2.626162e+00
1.984622e+14	4.696647e-03	-2.793021e+00
1.984358e+14	4.662503e-03	-2.943772e+00
1.984095e+14	4.804261e-03	-3.096125e+00
1.983832e+14	4.531347e-03	3.047067e+00
1.983570e+14	3.311240e-03	2.999184e+00
1.983307e+14	1.478587e-03	-2.414011e+00
1.983044e+14	5.079738e-03	-1.292047e+00
1.982781e+14	1.226524e-02	-1.324040e+00
1.982519e+14	2.214386e-02	-1.480185e+00
1.982256e+14	3.470801e-02	-1.668708e+00
1.981994e+14	4.983454e-02	-1.870286e+00
1.981732e+14	6.723414e-02	-2.078344e+00
1.981469e+14	8.645015e-02	-2.289970e+00
1.981207e+14	1.068746e-01	-2.503608e+00
1.980945e+14	1.277779e-01	-2.718299e+00
1.980683e+14	1.483481e-01	-2.933388e+00
1.980421e+14	1.677371e-01	3.134768e+00
1.980159e+14	1.851053e-01	2.920104e+00
1.979897e+14	1.996612e-01	2.705973e+00
1.979635e+14	2.106905e-01	2.492405e+00
1.979373e+14	2.175757e-01	2.279305e+00
1.979112e+14	2.198062e-01	2.066464e+00
1.978850e+14	2.169847e-01	1.853591e+00
1.978588e+14	2.088348e-01	1.640347e+00
1.978327e+14	1.952140e-01	1.426389e+00
1.978066e+14	1.761348e-01	1.211430e+00
1.977804e+14	1.517938e-01	9.953027e-01
1.977543e+14	1.226016e-01	7.780542e-01
1.977282e+14	8.920789e-02	5.601582e-01
1.977021e+14	5.250604e-02	3.435178e-01
1.976760e+14	1.361385e-02	1.497990e-01
1.976499e+14	2.622325e-02	3.012838e+00
1.976238e+14	6.562058e-02	2.803004e+00
1.975977e+14	1.032814e-01	2.585101e+00
1.975716e+14	1.380123e-01	2.366787e+00
1.975455e+14	1.688179e-01	2.149353e+00
1.975195e+14	1.949366e-01	1.933185e+00
1.974934e+14	2.158459e-01	1.718313e+00
1.974674e+14	2.312439e-01	1.504543e+00
1.974413e+14	2.410206e-01	1.291539e+00
1.974153e+14	2.452287e-01	1.078880e+00
1.973892e+14	2.440620e-01	8.661159e-01
1.973632e+14	2.378436e-01	6.528143e-01
1.973372e+14	2.270228e-01	4.386021e-01
1.973112e+14	2.121752e-01	2.231914e-01
1.972852e+14	1.940010e-01	6.392303e-03
1.972592e+14	1.733137e-01	-2.118929e-01
1.972332e+14	1.510155e-01	-4.316939e-01
1.972072e+14	1.280566e-01	-6.530177e-01
1.971812e+14	1.053830e-01	-8.759107e-01
1.971553e+14	8.387736e-02	-1.100540e+00
1.971293e+14	6.430220e-02	-1.327286e+00
1.971034e+14	4.725253e-02	-1.556853e+00
1.970774e+14	3.312249e-02	-1.790315e+00
1.970515e+14	2.208713e-02	-2.028869e+00
1.970255e+14	1.409796e-02	-2.272193e+00
1.969996e+14	8.889979e-03	-2.512458e+00
1.969737e+14	6.005331e-03	-2.723738e+00
1.969478e+14	4.845875e-03	-2.877294e+00
1.969219e+14	4.709920e-03	-2.994932e+00
1.968960e+14	4.784666e-03	-3.110142e+00
1.968701e+14	4.220715e-03	3.093039e+00
1.968442e+14	2.434684e-03	-2.951227e+00
1.968183e+14	3.504878e-03	-1.396539e+00
1.967924e+14	1.081614e-02	-1.211738e+00
1.967666e+14	2.203354e-02	-1.327600e+00
1.967407e+14	3.726882e-02	-1.501317e+00
1.967148e+14	5.659779e-02	-1.695677e+00
1.966890e+14	7.985432e-02	-1.899760e+00
1.966632e+14	1.065957e-01	-2.109096e+00
1.966373e+14	1.361034e-01	-2.321372e+00
1.966115e+14	1.674136e-01	-2.535126e+00
1.965857e+14	1.993767e-01	-2.749287e+00
1.965599e+14	2.307400e-01	-2.963010e+00
1.965341e+14	2.602374e-01	3.107539e+00
1.965083e+14	2.866707e-01	2.896433e+00
1.964825e+14	3.089663e-01	2.687071e+00
1.964567e+14	3.261987e-01	2.479415e+00
1.964309e+14	3.375850e-01	2.273180e+00
1.964051e+14	3.424580e-01	2.067856e+00
1.963794e+14	3.402327e-01	1.862741e+00
1.963536e+14	3.303813e-01	1.657001e+00
1.963279e+14	3.124311e-01	1.449741e+00
1.963021e+14	2.859978e-01	1.240094e+00
1.962764e+14	2.508646e-01	1.027340e+00
1.962507e+14	2.071077e-01	8.110526e-01
1.962249e+14	1.552529e-01	5.913056e-01
1.961992e+14	9.642126e-02	3.692000e-01
1.961735e+14	3.240107e-02	1.525401e-01
1.961478e+14	3.443751e-02	3.036922e+00
1.961221e+14	1.013356e-01	2.818508e+00
1.960964e+14	1.655586e-01	2.594407e+00
1.960707e+14	2.247072e-01	2.372332e+00
1.960450e+14	2.769736e-01	2.153882e+00
1.960194e+14	3.212125e-01	1.939601e+00
1.959937e+14	3.568686e-01	1.729398e+00
1.959681e+14	3.838227e-01	1.522723e+00
1.959424e+14	4.022258e-01	1.318702e+00
1.959168e+14	4.123642e-01	1.116272e+00
1.958911e+14	4.145734e-01	9.142897e-01
1.958655e+14	4.092045e-01	7.116244e-01
1.958399e+14	3.966338e-01	5.072401e-01
1.958143e+14	3.773090e-01	3.002639e-01
1.957886e+14	3.518172e-01	9.004458e-02
1.957630e+14	3.209583e-01	-1.238067e-01
1.957374e+14	2.858019e-01	-3.414066e-01
1.957119e+14	2.477013e-01	-5.626338e-01
1.956863e+14	2.082467e-01	-7.872193e-01
1.956607e+14	1.691547e-01	-1.014895e+00
1.956351e+14	1.321130e-01	-1.245601e+00
1.956096e+14	9.861439e-02	-1.479744e+00
1.955840e+14	6.981752e-02	-1.718538e+00
1.955585e+14	4.645584e-02	-1.964425e+00
1.955329e+14	2.879708e-02	-2.221330e+00
1.955074e+14	1.663933e-02	-2.492572e+00
1.954818e+14	9.323506e-03	-2.765891e+00
1.954563e+14	5.785173e-03	-2.972530e+00
1.954308e+14	4.756995e-03	-3.040149e+00
1.954053e+14	4.798684e-03	-3.055533e+00
1.953798e+14	4.206164e-03	-3.004040e+00
1.953543e+14	2.757406e-03	-2.118980e+00
1.953288e+14	9.164054e-03	-1.159297e+00
1.953033e+14	2.381565e-02	-1.162788e+00
1.952779e+14	4.675437e-02	-1.312222e+00
1.952524e+14	7.900125e-02	-1.504124e+00
1.952269e+14	1.210920e-01	-1.715106e+00
1.952015e+14	1.727580e-01	-1.936825e+00
1.951760e+14	2.327144e-01	-2.164985e+00
1.951506e+14	2.986030e-01	-2.396362e+00
1.951251e+14	3.671986e-01	-2.627887e+00
1.950997e+14	4.349014e-01	-2.856532e+00
1.950743e+14	4.983716e-01	-3.079555e+00
1.950489e+14	5.550562e-01	2.988340e+00
1.950234e+14	6.034134e-01	2.782017e+00
1.949980e+14	6.428164e-01	2.584963e+00
1.949726e+14	6.732565e-01	2.396630e+00
1.949473e+14	6.949910e-01	2.215768e+00
1.949219e+14	7.082218e-01	2.040552e+00
1.948965e+14	7.128163e-01	1.868626e+00
1.948711e+14	7.080288e-01	1.697048e+00
1.948458e+14	6.921449e-01	1.522089e+00
1.948204e+14	6.619443e-01	1.338892e+00
1.947951e+14	6.118633e-01	1.140954e+00
1.947697e+14	5.328775e-01	9.196164e-01
1.947444e+14	4.119037e-01	6.642822e-01
1.947190e+14	2.351124e-01	3.657615e-01
1.946937e+14	1.862894e-03	2.853808e-01
1.946684e+14	2.559380e-01	2.797420e+00
1.946431e+14	4.841452e-01	2.452727e+00
1.946178e+14	6.514150e-01	2.153002e+00
1.945925e+14	7.613934e-01	1.903731e+00
1.945672e+14	8.310861e-01	1.696868e+00
1.945419e+14	8.754389e-01	1.521866e+00
1.945166e+14	9.042709e-01	1.369924e+00
1.944914e+14	9.234824e-01	1.234562e+00
1.944661e+14	9.365578e-01	1.111161e+00
1.944408e+14	9.455747e-01	9.963965e-01
1.944156e+14	9.517933e-01	8.878139e-01
1.943903e+14	9.559879e-01	7.835274e-01
1.943651e+14	9.586327e-01	6.820159e-01
1.943399e+14	9.600058e-01	5.819808e-01
1.943146e+14	9.602458e-01	4.822402e-01
1.942894e+14	9.593790e-01	3.816442e-01
1.942642e+14	9.573257e-01	2.789972e-01
1.942390e+14	9.538871e-01	1.729790e-01
1.942138e+14	9.487113e-01	6.205313e-02
1.941886e+14	9.412291e-01	-5.564633e-02
1.941634e+14	9.305463e-01	-1.824614e-01
1.941382e+14	9.152681e-01	-3.213995e-01
1.941131e+14	8.932275e-01	-4.763643e-01
1.940879e+14	8.611065e-01	-6.523911e-01
1.940627e+14	8.140404e-01	-8.557544e-01
1.940376e+14	7.456381e-01	-1.093636e+00
1.940124e+14	6.495723e-01	-1.372927e+00
1.939873e+14	5.243144e-01	-1.698575e+00
1.939622e+14	3.799382e-01	-2.075577e+00
1.939370e+14	2.398318e-01	-2.526436e+00
1.939119e+14	1.331429e-01	3.141114e+00
1.938868e+14	8.453960e-02	2.265725e+00
1.938617e+14	7.913006e-02	1.628459e+00
1.938366e+14	8.213773e-02	1.601152e+00
1.938115e+14	1.213153e-01	1.896953e+00
1.937864e+14	2.199826e-01	1.936017e+00
1.937613e+14	3.563826e-01	1.769159e+00
1.937362e+14	5.014506e-01	1.528534e+00
1.937112e+14	6.304357e-01	1.275296e+00
1.936861e+14	7.311012e-01	1.037425e+00
1.936611e+14	8.035316e-01	8.249108e-01
1.936360e+14	8.536245e-01	6.381566e-01
1.936110e+14	8.878732e-01	4.736893e-01
1.935859e+14	9.113787e-01	3.272004e-01
1.935609e+14	9.276697e-01	1.947542e-01
1.935359e+14	9.390656e-01	7.309981e-02
1.935109e+14	9.470645e-01	-4.035943e-02
1.934858e+14	9.526291e-01	-1.476921e-01
1.934608e+14	9.563750e-01	-2.505721e-01
1.934358e+14	9.586874e-01	-3.503926e-01
1.934109e+14	9.597907e-01	-4.483602e-01
1.933859e+14	9.597880e-01	-5.455725e-01
1.933609e+14	9.586775e-01	-6.430869e-01
1.933359e+14	9.563512e-01	-7.419887e-01
1.933110e+14	9.525747e-01	-8.434646e-01
1.932860e+14	9.469410e-01	-9.488947e-01
1.932610e+14	9.387859e-01	-1.059973e+00
1.932361e+14	9.270366e-01	-1.178883e+00
1.932112e+14	9.099454e-01	-1.308544e+00
1.931862e+14	8.846183e-01	-1.452980e+00
1.931613e+14	8.462047e-01	-1.617805e+00
1.931364e+14	7.866307e-01	-1.810722e+00
1.931115e+14	6.932232e-01	-2.041452e+00
1.930865e+14	5.496112e-01	-2.319293e+00
1.930616e+14	3.454701e-01	-2.645374e+00
1.930368e+14	9.743497e-02	-3.003338e+00
1.930119e+14	1.466939e-01	-2.036755e-01
1.929870e+14	3.443693e-01	-5.181089e-01
1.929621e+14	4.852100e-01	-7.874247e-01
1.929372e+14	5.793874e-01	-1.019131e+00
1.929124e+14	6.404330e-01	-1.223697e+00
1.928875e+14	6.786993e-01	-1.410383e+00
1.928627e+14	7.008932e-01	-1.586316e+00
1.928378e+14	7.110565e-01	-1.756825e+00
1.928130e+14	7.114811e-01	-1.925960e+00
1.927882e+14	7.033286e-01	-2.096896e+00
1.927633e+14	6.870295e-01	-2.272188e+00
1.927385e+14	6.625635e-01	-2.453895e+00
1.927137e+14	6.297036e-01	-2.643606e+00
1.926889e+14	5.882765e-01	-2.842375e+00
1.926641e+14	5.384614e-01	-3.050614e+00
1.926393e+14	4.810958e-01	3.015190e+00
1.926145e+14	4.178935e-01	2.789735e+00
1.925897e+14	3.514515e-01	2.557861e+00
1.925650e+14	2.849696e-01	2.321448e+00
1.925402e+14	2.217426e-01	2.082119e+00
1.925154e+14	1.646140e-01	1.840691e+00
1.924907e+14	1.155904e-01	1.596574e+00
1.924659e+14	7.570783e-02	1.346787e+00
1.924412e+14	4.510998e-02	1.083301e+00
1.924165e+14	2.324480e-02	7.828693e-01
1.923917e+14	9.146887e-03	3.466484e-01
1.923670e+14	2.731592e-03	-9.932301e-01
1.923423e+14	4.078601e-03	-2.374866e+00
1.923176e+14	4.777303e-03	-2.875672e+00
1.922929e+14	4.745021e-03	2.986463e+00
1.922682e+14	5.530161e-03	2.608422e+00
1.922435e+14	8.459693e-03	2.364003e+00
1.922188e+14	1.469301e-02	2.199784e+00
1.921941e+14	2.525291e-02	2.039381e+00
1.921694e+14	4.082455e-02	1.864045e+00
1.921448e+14	6.169532e-02	1.675809e+00
1.921201e+14	8.774582e-02	1.478886e+00
1.920955e+14	1.184498e-01	1.276443e+00
1.920708e+14	1.528977e-01	1.070698e+00
1.920462e+14	1.898574e-01	8.633121e-01
1.920215e+14	2.278772e-01	6.556202e-01
1.919969e+14	2.654169e-01	4.487276e-01
1.919723e+14	3.009860e-01	2.435098e-01
1.919477e+14	3.332566e-01	4.058040e-02
1.919231e+14	3.611316e-01	-1.597403e-01
1.918985e+14	3.837600e-01	-3.574370e-01
1.918739e+14	4.005098e-01	-5.527842e-01
1.918493e+14	4.109130e-01	-7.463107e-01
1.918247e+14	4.146048e-01	-9.387486e-01
1.918001e+14	4.112709e-01	-1.130976e+00
1.917756e+14	4.006149e-01	-1.323951e+00
1.917510e+14	3.823556e-01	-1.518648e+00
1.917264e+14	3.562591e-01	-1.715976e+00
1.917019e+14	3.222103e-01	-1.916694e+00
1.916773e+14	2.803223e-01	-2.121322e+00
1.916528e+14	2.310683e-01	-2.330057e+00
1.916283e+14	1.754046e-01	-2.542746e+00
1.916037e+14	1.148355e-01	-2.759070e+00
1.915792e+14	5.137208e-02	-2.980275e+00
1.915547e+14	1.264812e-02	-1.857788e-02
1.915302e+14	7.479264e-02	-2.606010e-01
1.915057e+14	1.328890e-01	-4.776605e-01
1.914812e+14	1.851899e-01	-6.903835e-01
1.914567e+14	2.304995e-01	-8.993175e-01
1.914322e+14	2.681516e-01	-1.104643e+00
1.914077e+14	2.979127e-01	-1.306743e+00
1.913833e+14	3.198560e-01	-1.506221e+00
1.913588e+14	3.342468e-01	-1.703827e+00
1.913344e+14	3.414572e-01	-1.900375e+00
1.913099e+14	3.419172e-01	-2.096679e+00
1.912855e+14	3.360980e-01	-2.293483e+00
1.912610e+14	3.245185e-01	-2.491426e+00
1.912366e+14	3.077665e-01	-2.690999e+00
1.912122e+14	2.865244e-01	-2.892535e+00
1.911877e+14	2.615878e-01	-3.096199e+00
1.911633e+14	2.338696e-01	2.981175e+00
1.911389e+14	2.043811e-01	2.773302e+00
1.911145e+14	1.741913e-01	2.563500e+00
1.910901e+14	1.443665e-01	2.351853e+00
1.910657e+14	1.159027e-01	2.138280e+00
1.910413e+14	8.966141e-02	1.922365e+00
1.910170e+14	6.631956e-02	1.703051e+00
1.909926e+14	4.633987e-02	1.477993e+00
1.909682e+14	2.996206e-02	1.241811e+00
1.909439e+14	1.721506e-02	9.799734e-01
1.909195e+14	7.964240e-03	6.369472e-01
1.908952e+14	2.299511e-03	-2.404422e-01
1.908708e+14	2.836751e-03	-2.086351e+00
1.908465e+14	4.342778e-03	-2.598522e+00
1.908222e+14	4.772537e-03	-2.925142e+00
1.907979e+14	4.706235e-03	3.053713e+00
1.907735e+14	4.851901e-03	2.753526e+00
1.907492e+14	5.875367e-03	2.489658e+00
1.907249e+14	8.353926e-03	2.281136e+00
1.907006e+14	1.279193e-02	2.102162e+00
1.906763e+14	1.959307e-02	1.926907e+00
1.906521e+14	2.901550e-02	1.746403e+00
1.906278e+14	4.115216e-02	1.559881e+00
1.906035e+14	5.592470e-02	1.368602e+00
1.905792e+14	7.308470e-02	1.173925e+00
1.905550e+14	9.222305e-02	9.769377e-01
1.905307e+14	1.127889e-01	7.784749e-01
1.905065e+14	1.341189e-01	5.791882e-01
1.904822e+14	1.554737e-01	3.795947e-01
1.904580e+14	1.760806e-01	1.801013e-01
1.904338e+14	1.951739e-01	-1.899096e-02
1.904096e+14	2.120315e-01	-2.174895e-01
1.903853e+14	2.260016e-01	-4.153144e-01
1.903611e+14	2.365196e-01	-6.124977e-01
1.903369e+14	2.431159e-01	-8.091761e-01
1.903127e+14	2.454166e-01	-1.005576e+00
1.902885e+14	2.431433e-01	-1.201989e+00
1.902644e+14	2.361132e-01	-1.398748e+00
1.902402e+14	2.242448e-01	-1.596191e+00
1.902160e+14	2.075698e-01	-1.794630e+00
1.901918e+14	1.862504e-01	-1.994320e+00
1.901677e+14	1.605998e-01	-2.195439e+00
1.901435e+14	1.310992e-01	-2.398088e+00
1.901194e+14	9.840603e-02	-2.602364e+00
1.900952e+14	6.334433e-02	-2.808730e+00
1.900711e+14	2.687539e-02	-3.021425e+00
1.900470e+14	9.966461e-03	-3.537031e-02
1.900228e+14	4.609140e-02	-2.687185e-01
1.899987e+14	8.050236e-02	-4.764169e-01
1.899746e+14	1.122904e-01	-6.811105e-01
1.899505e+14	1.407048e-01	-8.840531e-01
1.899264e+14	1.651714e-01	-1.085519e+00
1.899023e+14	1.852941e-01	-1.285682e+00
1.898782e+14	2.008425e-01	-1.484757e+00
1.898542e+14	2.117317e-01	-1.683015e+00
1.898301e+14	2.180008e-01	-1.880768e+00
1.898060e+14	2.197952e-01	-2.078347e+00
1.897819e+14	2.173530e-01	-2.276072e+00
1.897579e+14	2.109972e-01	-2.474234e+00
1.897338e+14	2.011300e-01	-2.673074e+00
1.897098e+14	1.882294e-01	-2.872779e+00
1.896858e+14	1.728411e-01	-3.073474e+00
1.896617e+14	1.555681e-01	3.007944e+00
1.896377e+14	1.370519e-01	2.805049e+00
1.896137e+14	1.179494e-01	2.600962e+00
1.895897e+14	9.890391e-02	2.395556e+00
1.895657e+14	8.051626e-02	2.188562e+00
1.895417e+14	6.331607e-02	1.979440e+00
1.895177e+14	4.773877e-02	1.767121e+00
1.894937e+14	3.410906e-02	1.549431e+00
1.894697e+14	2.263265e-02	1.321506e+00
1.894457e+14	1.339778e-02	1.070230e+00
1.894217e+14	6.399699e-03	7.448655e-01
1.893978e+14	1.828035e-03	-1.003671e-01
1.893738e+14	2.445035e-03	-2.029357e+00
1.893499e+14	4.042513e-03	-2.510557e+00
1.893259e+14	4.706100e-03	-2.808003e+00
1.893020e+14	4.758333e-03	-3.075414e+00
1.892780e+14	4.635329e-03	2.942135e+00
1.892541e+14	4.781976e-03	2.679626e+00
1.892302e+14	5.611322e-03	2.440232e+00
1.892063e+14	7.485021e-03	2.234582e+00
1.891824e+14	1.071174e-02	2.050059e+00
1.891585e+14	1.553229e-02	1.870938e+00
1.891346e+14	2.209838e-02	1.689816e+00
1.891107e+14	3.046083e-02	1.504966e+00
1.890868e+14	4.056551e-02	1.316709e+00
1.890629e+14	5.225416e-02	1.125807e+00
1.890390e+14	6.526978e-02	9.329773e-01
1.890152e+14	7.926686e-02	7.388058e-01
1.889913e+14	9.382638e-02	5.437506e-01
1.889674e+14	1.084749e-01	3.481710e-01
1.889436e+14	1.227067e-01	1.523458e-01
1.889197e+14	1.360062e-01	-4.351580e-02
1.888959e+14	1.478705e-01	-2.392699e-01
1.888721e+14	1.578286e-01	-4.348363e-01
1.888482e+14	1.654576e-01	-6.301963e-01
1.888244e+14	1.703944e-01	-8.253886e-01
1.888006e+14	1.723445e-01	-1.020501e+00
1.887768e+14	1.710888e-01	-1.215662e+00
1.887530e+14	1.664881e-01	-1.411023e+00
1.887292e+14	1.584888e-01	-1.606747e+00
1.887054e+14	1.471283e-01	-1.802988e+00
1.886816e+14	1.325405e-01	-1.999887e+00
1.886578e+14	1.149606e-01	-2.197559e+00
1.886341e+14	9.472709e-02	-2.396118e+00
1.886103e+14	7.227909e-02	-2.595756e+00
1.885865e+14	4.814664e-02	-2.797121e+00
1.885628e+14	2.293392e-02	-3.004177e+00
1.885390e+14	2.732379e-03	7.600936e-02
1.885153e+14	2.811514e-02	-2.349438e-01
1.884916e+14	5.261792e-02	-4.397460e-01
1.884678e+14	7.561223e-02	-6.405121e-01
1.884441e+14	9.655728e-02	-8.397736e-01
1.884204e+14	1.150021e-01	-1.038044e+00
1.883967e+14	1.305955e-01	-1.235520e+00
1.883730e+14	1.430898e-01	-1.432346e+00
1.883493e+14	1.523383e-01	-1.628672e+00
1.883256e+14	1.582900e-01	-1.824667e+00
1.883019e+14	1.609826e-01	-2.020510e+00
1.882782e+14	1.605357e-01	-2.216384e+00
1.882545e+14	1.571436e-01	-2.412462e+00
1.882309e+14	1.510694e-01	-2.608899e+00
1.882072e+14	1.426374e-01	-2.805829e+00
1.881835e+14	1.322251e-01	-3.003359e+00
1.881599e+14	1.202524e-01	3.081603e+00
1.881362e+14	1.071684e-01	2.882599e+00
1.881126e+14	9.343606e-02	2.682708e+00
1.880890e+14	7.951401e-02	2.481770e+00
1.880653e+14	6.583850e-02	2.279513e+00
1.880417e+14	5.280559e-02	2.075455e+00
1.880181e+14	4.075559e-02	1.868709e+00
1.879945e+14	2.996080e-02	1.657549e+00
1.879709e+14	2.061745e-02	1.438272e+00
1.879473e+14	1.284327e-02	1.201423e+00
1.879237e+14	6.687127e-03	9.139822e-01
1.879001e+14	2.237882e-03	3.442189e-01
1.878765e+14	1.737721e-03	-1.764286e+00
1.878529e+14	3.514414e-03	-2.365380e+00
1.878294e+14	4.490972e-03	-2.664702e+00
1.878058e+14	4.791181e-03	-2.917897e+00
1.877822e+14	4.704864e-03	3.120973e+00
1.877587e+14	4.549217e-03	2.875342e+00
1.877351e+14	4.640152e-03	2.631788e+00
1.877116e+14	5.270768e-03	2.404007e+00
1.876881e+14	6.698306e-03	2.200387e+00
1.876645e+14	9.139821e-03	2.014233e+00
1.876410e+14	1.276304e-02	1.834363e+00
1.876175e+14	1.767356e-02	1.654184e+00
1.875940e+14	2.390670e-02	1.471500e+00
1.875705e+14	3.142441e-02	1.286126e+00
1.875470e+14	4.011570e-02	1.098499e+00
1.875235e+14	4.980011e-02	9.091444e-01
1.875000e+14	6.023427e-02	7.185241e-01
("port 1","TE",1,"port 2",1,"modulation")
(1,1)
0.00143
(500,3)
2.000000e+14	4.916228e-03	-2.590637e+00
1.999733e+14	4.529351e-03	-2.764223e+00
1.999466e+14	4.648369e-03	-2.934237e+00
1.999199e+14	4.820236e-03	-3.107325e+00
1.998932e+14	4.583188e-03	3.013135e+00
1.998665e+14	3.516629e-03	2.912427e+00
1.998398e+14	1.547458e-03	-2.964326e+00
1.998131e+14	3.426917e-03	-1.395981e+00
1.997865e+14	9.172185e-03	-1.363244e+00
1.997598e+14	1.703865e-02	-1.512368e+00
1.997332e+14	2.694274e-02	-1.700826e+00
1.997065e+14	3.874704e-02	-1.903921e+00
1.996799e+14	5.219234e-02	-2.113967e+00
1.996532e+14	6.689686e-02	-2.327761e+00
1.996266e+14	8.237001e-02	-2.543693e+00
1.996000e+14	9.803521e-02	-2.760834e+00
1.995734e+14	1.132591e-01	-2.978596e+00
1.995468e+14	1.273843e-01	3.086593e+00
1.995202e+14	1.397622e-01	2.868612e+00
1.994936e+14	1.497828e-01	2.650780e+00
1.994670e+14	1.569004e-01	2.433137e+00
1.994404e+14	1.606523e-01	2.215639e+00
1.994139e+14	1.606745e-01	1.998175e+00
1.993873e+14	1.567132e-01	1.780594e+00
1.993608e+14	1.486361e-01	1.562731e+00
1.993342e+14	1.364435e-01	1.344444e+00
1.993077e+14	1.202805e-01	1.125662e+00
1.992812e+14	1.004465e-01	9.064484e-01
1.992546e+14	7.740145e-02	6.871600e-01
1.992281e+14	5.176115e-02	4.690133e-01
1.992016e+14	2.428160e-02	2.586011e-01
1.991751e+14	4.221867e-03	3.029158e+00
1.991486e+14	3.271692e-02	2.917205e+00
1.991221e+14	6.037456e-02	2.702604e+00
1.990956e+14	8.629274e-02	2.483709e+00
1.990691e+14	1.096926e-01	2.264174e+00
1.990427e+14	1.299291e-01	2.044859e+00
1.990162e+14	1.465102e-01	1.826018e+00
1.989898e+14	1.591036e-01	1.607666e+00
1.989633e+14	1.675328e-01	1.389685e+00
1.989369e+14	1.717688e-01	1.171879e+00
1.989104e+14	1.719193e-01	9.540167e-01
1.988840e+14	1.682193e-01	7.358628e-01
1.988576e+14	1.610216e-01	5.172045e-01
1.988312e+14	1.507867e-01	2.978677e-01
1.988048e+14	1.380694e-01	7.772380e-02
1.987784e+14	1.235001e-01	-1.433144e-01
1.987520e+14	1.077596e-01	-3.653095e-01
1.987256e+14	9.154677e-02	-5.883270e-01
1.986992e+14	7.554243e-02	-8.124726e-01
1.986729e+14	6.037154e-02	-1.037938e+00
1.986465e+14	4.656842e-02	-1.265046e+00
1.986201e+14	3.454781e-02	-1.494277e+00
1.985938e+14	2.458415e-02	-1.726181e+00
1.985674e+14	1.679988e-02	-1.960884e+00
1.985411e+14	1.116263e-02	-2.196327e+00
1.985148e+14	7.491241e-03	-2.423989e+00
1.984885e+14	5.473793e-03	-2.626162e+00
1.984622e+14	4.696647e-03	-2.793021e+00
1.984358e+14	4.662503e-03	-2.943772e+00
1.984095e+14	4.804261e-03	-3.096125e+00
1.983832e+14	4.531347e-03	3.047067e+00
1.983570e+14	3.311240e-03	2.999184e+00
1.983307e+14	1.478587e-03	-2.414011e+00
1.983044e+14	5.079738e-03	-1.292047e+00
1.982781e+14	1.226524e-02	-1.324040e+00
1.982519e+14	2.214386e-02	-1.480185e+00
1.982256e+14	3.470801e-02	-1.668708e+00
1.981994e+14	4.983454e-02	-1.870286e+00
1.981732e+14	6.723414e-02	-2.078344e+00
1.981469e+14	8.645015e-02	-2.289970e+00
1.981207e+14	1.068746e-01	-2.503608e+00
1.980945e+14	1.277779e-01	-2.718299e+00
1.980683e+14	1.483481e-01	-2.933388e+00
1.980421e+14	1.677371e-01	3.134768e+00
1.980159e+14	1.851053e-01	2.920104e+00
1.979897e+14	1.996612e-01	2.705973e+00
1.979635e+14	2.106905e-01	2.492405e+00
1.979373e+14	2.175757e-01	2.279305e+00
1.979112e+14	2.198062e-01	2.066464e+00
1.978850e+14	2.169847e-01	1.853591e+00
1.978588e+14	2.088348e-01	1.640347e+00
1.978327e+14	1.952140e-01	1.426389e+00
1.978066e+14	1.761348e-01	1.211430e+00
1.977804e+14	1.517938e-01	9.953027e-01
1.977543e+14	1.226016e-01	7.780542e-01
1.977282e+14	8.920789e-02	5.601582e-01
1.977021e+14	5.250604e-02	3.435178e-01
1.976760e+14	1.361385e-02	1.497990e-01
1.976499e+14	2.622325e-02	3.012838e+00
1.976238e+14	6.562058e-02	2.803004e+00
1.975977e+14	1.032814e-01	2.585101e+00
1.975716e+14	1.380123e-01	2.366787e+00
1.975455e+14	1.688179e-01	2.149353e+00
1.975195e+14	1.949366e-01	1.933185e+00
1.974934e+14	2.158459e-01	1.718313e+00
1.974674e+14	2.312439e-01	1.504543e+00
1.974413e+14	2.410206e-01	1.291539e+00
1.974153e+14	2.452287e-01	1.078880e+00
1.973892e+14	2.440620e-01	8.661159e-01
1.973632e+14	2.378436e-01	6.528143e-01
1.973372e+14	2.270228e-01	4.386021e-01
1.973112e+14	2.121752e-01	2.231914e-01
1.972852e+14	1.940010e-01	6.392303e-03
1.972592e+14	1.733137e-01	-2.118929e-01
1.972332e+14	1.510155e-01	-4.316939e-01
1.972072e+14	1.280566e-01	-6.530177e-01
1.971812e+14	1.053830e-01	-8.759107e-01
1.971553e+14	8.387736e-02	-1.100540e+00
1.971293e+14	6.430220e-02	-1.327286e+00
1.971034e+14	4.725253e-02	-1.556853e+00
1.970774e+14	3.312249e-02	-1.790315e+00
1.970515e+14	2.208713e-02	-2.028869e+00
1.970255e+14	1.409796e-02	-2.272193e+00
1.969996e+14	8.889979e-03	-2.512458e+00
1.969737e+14	6.005331e-03	-2.723738e+00
1.969478e+14	4.845875e-03	-2.877294e+00
1.969219e+14	4.709920e-03	-2.994932e+00
1.968960e+14	4.784666e-03	-3.110142e+00
1.968701e+14	4.220715e-03	3.093039e+00
1.968442e+14	2.434684e-03	-2.951227e+00
1.968183e+14	3.504878e-03	-1.396539e+00
1.967924e+14	1.081614e-02	-1.211738e+00
1.967666e+14	2.203354e-02	-1.327600e+00
1.967407e+14	3.726882e-02	-1.501317e+00
1.967148e+14	5.659779e-02	-1.695677e+00
1.966890e+14	7.985432e-02	-1.899760e+00
1.966632e+14	1.065957e-01	-2.109096e+00
1.966373e+14	1.361034e-01	-2.321372e+00
1.966115e+14	1.674136e-01	-2.535126e+00
1.965857e+14	1.993767e-01	-2.749287e+00
1.965599e+14	2.307400e-01	-2.963010e+00
1.965341e+14	2.602374e-01	3.107539e+00
1.965083e+14	2.866707e-01	2.896433e+00
1.964825e+14	3.089663e-01	2.687071e+00
1.964567e+14	3.261987e-01	2.479415e+00
1.964309e+14	3.375850e-01	2.273180e+00
1.964051e+14	3.424580e-01	2.067856e+00
1.963794e+14	3.402327e-01	1.862741e+00
1.963536e+14	3.303813e-01	1.657001e+00
1.963279e+14	3.124311e-01	1.449741e+00
1.963021e+14	2.859978e-01	1.240094e+00
1.962764e+14	2.508646e-01	1.027340e+00
1.962507e+14	2.071077e-01	8.110526e-01
1.962249e+14	1.552529e-01	5.913056e-01
1.961992e+14	9.642126e-02	3.692000e-01
1.961735e+14	3.240107e-02	1.525401e-01
1.961478e+14	3.443751e-02	3.036922e+00
1.961221e+14	1.013356e-01	2.818508e+00
1.960964e+14	1.655586e-01	2.594407e+00
1.960707e+14	2.247072e-01	2.372332e+00
1.960450e+14	2.769736e-01	2.153882e+00
1.960194e+14	3.212125e-01	1.939601e+00
1.959937e+14	3.568686e-01	1.729398e+00
1.959681e+14	3.838227e-01	1.522723e+00
1.959424e+14	4.022258e-01	1.318702e+00
1.959168e+14	4.123642e-01	1.116272e+00
1.958911e+14	4.145734e-01	9.142897e-01
1.958655e+14	4.092045e-01	7.116244e-01
1.958399e+14	3.966338e-01	5.072401e-01
1.958143e+14	3.773090e-01	3.002639e-01
1.957886e+14	3.518172e-01	9.004458e-02
1.957630e+14	3.209583e-01	-1.238067e-01
1.957374e+14	2.858019e-01	-3.414066e-01
1.957119e+14	2.477013e-01	-5.626338e-01
1.956863e+14	2.082467e-01	-7.872193e-01
1.956607e+14	1.691547e-01	-1.014895e+00
1.956351e+14	1.321130e-01	-1.245601e+00
1.956096e+14	9.861439e-02	-1.479744e+00
1.955840e+14	6.981752e-02	-1.718538e+00
1.955585e+14	4.645584e-02	-1.964425e+00
1.955329e+14	2.879708e-02	-2.221330e+00
1.955074e+14	1.663933e-02	-2.492572e+00
1.954818e+14	9.323506e-03	-2.765891e+00
1.954563e+14	5.785173e-03	-2.972530e+00
1.954308e+14	4.756995e-03	-3.040149e+00
1.954053e+14	4.798684e-03	-3.055533e+00
1.953798e+14	4.206164e-03	-3.004040e+00
1.953543e+14	2.757406e-03	-2.118980e+00
1.953288e+14	9.164054e-03	-1.159297e+00
1.953033e+14	2.381565e-02	-1.162788e+00
1.952779e+14	4.675437e-02	-1.312222e+00
1.952524e+14	7.900125e-02	-1.504124e+00
1.952269e+14	1.210920e-01	-1.715106e+00
1.952015e+14	1.727580e-01	-1.936825e+00
1.951760e+14	2.327144e-01	-2.164985e+00
1.951506e+14	2.986030e-01	-2.396362e+00
1.951251e+14	3.671986e-01	-2.627887e+00
1.950997e+14	4.349014e-01	-2.856532e+00
1.950743e+14	4.983716e-01	-3.079555e+00
1.950489e+14	5.550562e-01	2.988340e+00
1.950234e+14	6.034134e-01	2.782017e+00
1.949980e+14	6.428164e-01	2.584963e+00
1.949726e+14	6.732565e-01	2.396630e+00
1.949473e+14	6.949910e-01	2.215768e+00
1.949219e+14	7.082218e-01	2.040552e+00
1.948965e+14	7.128163e-01	1.868626e+00
1.948711e+14	7.080288e-01	1.697048e+00
1.948458e+14	6.921449e-01	1.522089e+00
1.948204e+14	6.619443e-01	1.338892e+00
1.947951e+14	6.118633e-01	1.140954e+00
1.947697e+14	5.328775e-01	9.196164e-01
1.947444e+14	4.119037e-01	6.642822e-01
1.947190e+14	2.351124e-01	3.657615e-01
1.946937e+14	1.862894e-03	2.853808e-01
1.946684e+14	2.559380e-01	2.797420e+00
1.946431e+14	4.841452e-01	2.452727e+00
1.946178e+14	6.514150e-01	2.153002e+00
1.945925e+14	7.613934e-01	1.903731e+00
1.945672e+14	8.310861e-01	1.696868e+00
1.945419e+14	8.754389e-01	1.521866e+00
1.945166e+14	9.042709e-01	1.369924e+00
1.944914e+14	9.234824e-01	1.234562e+00
1.944661e+14	9.365578e-01	1.111161e+00
1.944408e+14	9.455747e-01	9.963965e-01
1.944156e+14	9.517933e-01	8.878139e-01
1.943903e+14	9.559879e-01	7.835274e-01
1.943651e+14	9.586327e-01	6.820159e-01
1.943399e+14	9.600058e-01	5.819808e-01
1.943146e+14	9.602458e-01	4.822402e-01
1.942894e+14	9.593790e-01	3.816442e-01
1.942642e+14	9.573257e-01	2.789972e-01
1.942390e+14	9.538871e-01	1.729790e-01
1.942138e+14	9.487113e-01	6.205313e-02
1.941886e+14	9.412291e-01	-5.564633e-02
1.941634e+14	9.305463e-01	-1.824614e-01
1.941382e+14	9.152681e-01	-3.213995e-01
1.941131e+14	8.932275e-01	-4.763643e-01
1.940879e+14	8.611065e-01	-6.523911e-01
1.940627e+14	8.140404e-01	-8.557544e-01
1.940376e+14	7.456381e-01	-1.093636e+00
1.940124e+14	6.495723e-01	-1.372927e+00
1.939873e+14	5.243144e-01	-1.698575e+00
1.939622e+14	3.799382e-01	-2.075577e+00
1.939370e+14	2.398318e-01	-2.526436e+00
1.939119e+14	1.331429e-01	3.141114e+00
1.938868e+14	8.453960e-02	2.265725e+00
1.938617e+14	7.913006e-02	1.628459e+00
1.938366e+14	8.213773e-02	1.601152e+00
1.938115e+14	1.213153e-01	1.896953e+00
1.937864e+14	2.199826e-01	1.936017e+00
1.937613e+14	3.563826e-01	1.769159e+00
1.937362e+14	5.014506e-01	1.528534e+00
1.937112e+14	6.304357e-01	1.275296e+00
1.936861e+14	7.311012e-01	1.037425e+00
1.936611e+14	8.035316e-01	8.249108e-01
1.936360e+14	8.536245e-01	6.381566e-01
1.936110e+14	8.878732e-01	4.736893e-01
1.935859e+14	9.113787e-01	3.272004e-01
1.935609e+14	9.276697e-01	1.947542e-01
1.935359e+14	9.390656e-01	7.309981e-02
1.935109e+14	9.470645e-01	-4.035943e-02
1.934858e+14	9.526291e-01	-1.476921e-01
1.934608e+14	9.563750e-01	-2.505721e-01
1.934358e+14	9.586874e-01	-3.503926e-01
1.934109e+14	9.597907e-01	-4.483602e-01
1.933859e+14	9.597880e-01	-5.455725e-01
1.933609e+14	9.586775e-01	-6.430869e-01
1.933359e+14	9.563512e-01	-7.419887e-01
1.933110e+14	9.525747e-01	-8.434646e-01
1.932860e+14	9.469410e-01	-9.488947e-01
1.932610e+14	9.387859e-01	-1.059973e+00
1.932361e+14	9.270366e-01	-1.178883e+00
1.932112e+14	9.099454e-01	-1.308544e+00
1.931862e+14	8.846183e-01	-1.452980e+00
1.931613e+14	8.462047e-01	-1.617805e+00
1.931364e+14	7.866307e-01	-1.810722e+00
1.931115e+14	6.932232e-01	-2.041452e+00
1.930865e+14	5.496112e-01	-2.319293e+00
1.930616e+14	3.454701e-01	-2.645374e+00
1.930368e+14	9.743497e-02	-3.003338e+00
1.930119e+14	1.466939e-01	-2.036755e-01
1.929870e+14	3.443693e-01	-5.181089e-01
1.929621e+14	4.852100e-01	-7.874247e-01
1.929372e+14	5.793874e-01	-1.019131e+00
1.929124e+14	6.404330e-01	-1.223697e+00
1.928875e+14	6.786993e-01	-1.410383e+00
1.928627e+14	7.008932e-01	-1.586316e+00
1.928378e+14	7.110565e-01	-1.756825e+00
1.928130e+14	7.114811e-01	-1.925960e+00
1.927882e+14	7.033286e-01	-2.096896e+00
1.927633e+14	6.870295e-01	-2.272188e+00
1.927385e+14	6.625635e-01	-2.453895e+00
1.927137e+14	6.297036e-01	-2.643606e+00
1.926889e+14	5.882765e-01	-2.842375e+00
1.926641e+14	5.384614e-01	-3.050614e+00
1.926393e+14	4.810958e-01	3.015190e+00
1.926145e+14	4.178935e-01	2.789735e+00
1.925897e+14	3.514515e-01	2.557861e+00
1.925650e+14	2.849696e-01	2.321448e+00
1.925402e+14	2.217426e-01	2.082119e+00
1.925154e+14	1.646140e-01	1.840691e+00
1.924907e+14	1.155904e-01	1.596574e+00
1.924659e+14	7.570783e-02	1.346787e+00
1.924412e+14	4.510998e-02	1.083301e+00
1.924165e+14	2.324480e-02	7.828693e-01
1.923917e+14	9.146887e-03	3.466484e-01
1.923670e+14	2.731592e-03	-9.932301e-01
1.923423e+14	4.078601e-03	-2.374866e+00
1.923176e+14	4.777303e-03	-2.875672e+00
1.922929e+14	4.745021e-03	2.986463e+00
1.922682e+14	5.530161e-03	2.608422e+00
1.922435e+14	8.459693e-03	2.364003e+00
1.922188e+14	1.469301e-02	2.199784e+00
1.921941e+14	2.525291e-02	2.039381e+00
1.921694e+14	4.082455e-02	1.864045e+00
1.921448e+14	6.169532e-02	1.675809e+00
1.921201e+14	8.774582e-02	1.478886e+00
1.920955e+14	1.184498e-01	1.276443e+00
1.920708e+14	1.528977e-01	1.070698e+00
1.920462e+14	1.898574e-01	8.633121e-01
1.920215e+14	2.278772e-01	6.556202e-01
1.919969e+14	2.654169e-01	4.487276e-01
1.919723e+14	3.009860e-01	2.435098e-01
1.919477e+14	3.332566e-01	4.058040e-02
1.919231e+14	3.611316e-01	-1.597403e-01
1.918985e+14	3.837600e-01	-3.574370e-01
1.918739e+14	4.005098e-01	-5.527842e-01
1.918493e+14	4.109130e-01	-7.463107e-01
1.918247e+14	4.146048e-01	-9.387486e-01
1.918001e+14	4.112709e-01	-1.130976e+00
1.917756e+14	4.006149e-01	-1.323951e+00
1.917510e+14	3.823556e-01	-1.518648e+00
1.917264e+14	3.562591e-01	-1.715976e+00
1.917019e+14	3.222103e-01	-1.916694e+00
1.916773e+14	2.803223e-01	-2.121322e+00
1.916528e+14	2.310683e-01	-2.330057e+00
1.916283e+14	1.754046e-01	-2.542746e+00
1.916037e+14	1.148355e-01	-2.759070e+00
1.915792e+14	5.137208e-02	-2.980275e+00
1.915547e+14	1.264812e-02	-1.857788e-02
1.915302e+14	7.479264e-02	-2.606010e-01
1.915057e+14	1.328890e-01	-4.776605e-01
1.914812e+14	1.851899e-01	-6.903835e-01
1.914567e+14	2.304995e-01	-8.993175e-01
1.914322e+14	2.681516e-01	-1.104643e+00
1.914077e+14	2.979127e-01	-1.306743e+00
1.913833e+14	3.198560e-01	-1.506221e+00
1.913588e+14	3.342468e-01	-1.703827e+00
1.913344e+14	3.414572e-01	-1.900375e+00
1.913099e+14	3.419172e-01	-2.096679e+00
1.912855e+14	3.360980e-01	-2.293483e+00
1.912610e+14	3.245185e-01	-2.491426e+00
1.912366e+14	3.077665e-01	-2.690999e+00
1.912122e+14	2.865244e-01	-2.892535e+00
1.911877e+14	2.615878e-01	-3.096199e+00
1.911633e+14	2.338696e-01	2.981175e+00
1.911389e+14	2.043811e-01	2.773302e+00
1.911145e+14	1.741913e-01	2.563500e+00
1.910901e+14	1.443665e-01	2.351853e+00
1.910657e+14	1.159027e-01	2.138280e+00
1.910413e+14	8.966141e-02	1.922365e+00
1.910170e+14	6.631956e-02	1.703051e+00
1.909926e+14	4.633987e-02	1.477993e+00
1.909682e+14	2.996206e-02	1.241811e+00
1.909439e+14	1.721506e-02	9.799734e-01
1.909195e+14	7.964240e-03	6.369472e-01
1.908952e+14	2.299511e-03	-2.404422e-01
1.908708e+14	2.836751e-03	-2.086351e+00
1.908465e+14	4.342778e-03	-2.598522e+00
1.908222e+14	4.772537e-03	-2.925142e+00
1.907979e+14	4.706235e-03	3.053713e+00
1.907735e+14	4.851901e-03	2.753526e+00
1.907492e+14	5.875367e-03	2.489658e+00
1.907249e+14	8.353926e-03	2.281136e+00
1.907006e+14	1.279193e-02	2.102162e+00
1.906763e+14	1.959307e-02	1.926907e+00
1.906521e+14	2.901550e-02	1.746403e+00
1.906278e+14	4.115216e-02	1.559881e+00
1.906035e+14	5.592470e-02	1.368602e+00
1.905792e+14	7.308470e-02	1.173925e+00
1.905550e+14	9.222305e-02	9.769377e-01
1.905307e+14	1.127889e-01	7.784749e-01
1.905065e+14	1.341189e-01	5.791882e-01
1.904822e+14	1.554737e-01	3.795947e-01
1.904580e+14	1.760806e-01	1.801013e-01
1.904338e+14	1.951739e-01	-1.899096e-02
1.904096e+14	2.120315e-01	-2.174895e-01
1.903853e+14	2.260016e-01	-4.153144e-01
1.903611e+14	2.365196e-01	-6.124977e-01
1.903369e+14	2.431159e-01	-8.091761e-01
1.903127e+14	2.454166e-01	-1.005576e+00
1.902885e+14	2.431433e-01	-1.201989e+00
1.902644e+14	2.361132e-01	-1.398748e+00
1.902402e+14	2.242448e-01	-1.596191e+00
1.902160e+14	2.075698e-01	-1.794630e+00
1.901918e+14	1.862504e-01	-1.994320e+00
1.901677e+14	1.605998e-01	-2.195439e+00
1.901435e+14	1.310992e-01	-2.398088e+00
1.901194e+14	9.840603e-02	-2.602364e+00
1.900952e+14	6.334433e-02	-2.808730e+00
1.900711e+14	2.687539e-02	-3.021425e+00
1.900470e+14	9.966461e-03	-3.537031e-02
1.900228e+14	4.609140e-02	-2.687185e-01
1.899987e+14	8.050236e-02	-4.764169e-01
1.899746e+14	1.122904e-01	-6.811105e-01
1.899505e+14	1.407048e-01	-8.840531e-01
1.899264e+14	1.651714e-01	-1.085519e+00
1.899023e+14	1.852941e-01	-1.285682e+00
1.898782e+14	2.008425e-01	-1.484757e+00
1.898542e+14	2.117317e-01	-1.683015e+00
1.898301e+14	2.180008e-01	-1.880768e+00
1.898060e+14	2.197952e-01	-2.078347e+00
1.897819e+14	2.173530e-01	-2.276072e+00
1.897579e+14	2.109972e-01	-2.474234e+00
1.897338e+14	2.011300e-01	-2.673074e+00
1.897098e+14	1.882294e-01	-2.872779e+00
1.896858e+14	1.728411e-01	-3.073474e+00
1.896617e+14	1.555681e-01	3.007944e+00
1.896377e+14	1.370519e-01	2.805049e+00
1.896137e+14	1.179494e-01	2.600962e+00
1.895897e+14	9.890391e-02	2.395556e+00
1.895657e+14	8.051626e-02	2.188562e+00
1.895417e+14	6.331607e-02	1.979440e+00
1.895177e+14	4.773877e-02	1.767121e+00
1.894937e+14	3.410906e-02	1.549431e+00
1.894697e+14	2.263265e-02	1.321506e+00
1.894457e+14	1.339778e-02	1.070230e+00
1.894217e+14	6.399699e-03	7.448655e-01
1.893978e+14	1.828035e-03	-1.003671e-01
1.893738e+14	2.445035e-03	-2.029357e+00
1.893499e+14	4.042513e-03	-2.510557e+00
1.893259e+14	4.706100e-03	-2.808003e+00
1.893020e+14	4.758333e-03	-3.075414e+00
1.892780e+14	4.635329e-03	2.942135e+00
1.892541e+14	4.781976e-03	2.679626e+00
1.892302e+14	5.611322e-03	2.440232e+00
1.892063e+14	7.485021e-03	2.234582e+00
1.891824e+14	1.071174e-02	2.050059e+00
1.891585e+14	1.553229e-02	1.870938e+00
1.891346e+14	2.209838e-02	1.689816e+00
1.891107e+14	3.046083e-02	1.504966e+00
1.890868e+14	4.056551e-02	1.316709e+00
1.890629e+14	5.225416e-02	1.125807e+00
1.890390e+14	6.526978e-02	9.329773e-01
1.890152e+14	7.926686e-02	7.388058e-01
1.889913e+14	9.382638e-02	5.437506e-01
1.889674e+14	1.084749e-01	3.481710e-01
1.889436e+14	1.227067e-01	1.523458e-01
1.889197e+14	1.360062e-01	-4.351580e-02
1.888959e+14	1.478705e-01	-2.392699e-01
1.888721e+14	1.578286e-01	-4.348363e-01
1.888482e+14	1.654576e-01	-6.301963e-01
1.888244e+14	1.703944e-01	-8.253886e-01
1.888006e+14	1.723445e-01	-1.020501e+00
1.887768e+14	1.710888e-01	-1.215662e+00
1.887530e+14	1.664881e-01	-1.411023e+00
1.887292e+14	1.584888e-01	-1.606747e+00
1.887054e+14	1.471283e-01	-1.802988e+00
1.886816e+14	1.325405e-01	-1.999887e+00
1.886578e+14	1.149606e-01	-2.197559e+00
1.886341e+14	9.472709e-02	-2.396118e+00
1.886103e+14	7.227909e-02	-2.595756e+00
1.885865e+14	4.814664e-02	-2.797121e+00
1.885628e+14	2.293392e-02	-3.004177e+00
1.885390e+14	2.732379e-03	7.600936e-02
1.885153e+14	2.811514e-02	-2.349438e-01
1.884916e+14	5.261792e-02	-4.397460e-01
1.884678e+14	7.561223e-02	-6.405121e-01
1.884441e+14	9.655728e-02	-8.397736e-01
1.884204e+14	1.150021e-01	-1.038044e+00
1.883967e+14	1.305955e-01	-1.235520e+00
1.883730e+14	1.430898e-01	-1.432346e+00
1.883493e+14	1.523383e-01	-1.628672e+00
1.883256e+14	1.582900e-01	-1.824667e+00
1.883019e+14	1.609826e-01	-2.020510e+00
1.882782e+14	1.605357e-01	-2.216384e+00
1.882545e+14	1.571436e-01	-2.412462e+00
1.882309e+14	1.510694e-01	-2.608899e+00
1.882072e+14	1.426374e-01	-2.805829e+00
1.881835e+14	1.322251e-01	-3.003359e+00
1.881599e+14	1.202524e-01	3.081603e+00
1.881362e+14	1.071684e-01	2.882599e+00
1.881126e+14	9.343606e-02	2.682708e+00
1.880890e+14	7.951401e-02	2.481770e+00
1.880653e+14	6.583850e-02	2.279513e+00
1.880417e+14	5.280559e-02	2.075455e+00
1.880181e+14	4.075559e-02	1.868709e+00
1.879945e+14	2.996080e-02	1.657549e+00
1.879709e+14	2.061745e-02	1.438272e+00
1.879473e+14	1.284327e-02	1.201423e+00
1.879237e+14	6.687127e-03	9.139822e-01
1.879001e+14	2.237882e-03	3.442189e-01
1.878765e+14	1.737721e-03	-1.764286e+00
1.878529e+14	3.514414e-03	-2.365380e+00
1.878294e+14	4.490972e-03	-2.664702e+00
1.878058e+14	4.791181e-03	-2.917897e+00
1.877822e+14	4.704864e-03	3.120973e+00
1.877587e+14	4.549217e-03	2.875342e+00
1.877351e+14	4.640152e-03	2.631788e+00
1.877116e+14	5.270768e-03	2.404007e+00
1.876881e+14	6.698306e-03	2.200387e+00
1.876645e+14	9.139821e-03	2.014233e+00
1.876410e+14	1.276304e-02	1.834363e+00
1.876175e+14	1.767356e-02	1.654184e+00
1.875940e+14	2.390670e-02	1.471500e+00
1.875705e+14	3.142441e-02	1.286126e+00
1.875470e+14	4.011570e-02	1.098499e+00
1.875235e+14	4.980011e-02	9.091444e-01
1.875000e+14	6.023427e-02	7.185241e-01
("port 2","TE",1,"port 1",1,"modulation")
(1,1)
0.00143
(500,3)
2.000000e+14	9.999953e-01	5.761194e-01
1.999733e+14	9.999971e-01	3.538312e-01
1.999466e+14	9.999966e-01	1.316065e-01
1.999199e+14	9.999958e-01	-9.056315e-02
1.998932e+14	9.999969e-01	-3.126868e-01
1.998665e+14	1.000001e+00	-5.347767e-01
1.998398e+14	1.000006e+00	-7.568494e-01
1.998131e+14	1.000002e+00	-9.789253e-01
1.997865e+14	9.999654e-01	-1.201025e+00
1.997598e+14	9.998623e-01	-1.423163e+00
1.997332e+14	9.996445e-01	-1.645341e+00
1.997065e+14	9.992566e-01	-1.867540e+00
1.996799e+14	9.986446e-01	-2.089716e+00
1.996532e+14	9.977674e-01	-2.311798e+00
1.996266e+14	9.966094e-01	-2.533692e+00
1.996000e+14	9.951905e-01	-2.755292e+00
1.995734e+14	9.935730e-01	-2.976493e+00
1.995468e+14	9.918610e-01	3.085977e+00
1.995202e+14	9.901927e-01	2.865797e+00
1.994936e+14	9.887265e-01	2.646151e+00
1.994670e+14	9.876220e-01	2.426982e+00
1.994404e+14	9.870186e-01	2.208171e+00
1.994139e+14	9.870150e-01	1.989552e+00
1.993873e+14	9.876517e-01	1.770920e+00
1.993608e+14	9.888996e-01	1.552061e+00
1.993342e+14	9.906555e-01	1.332772e+00
1.993077e+14	9.927476e-01	1.112892e+00
1.992812e+14	9.949501e-01	8.923255e-01
1.992546e+14	9.970077e-01	6.710615e-01
1.992281e+14	9.986672e-01	4.491805e-01
1.992016e+14	9.997129e-01	2.268501e-01
1.991751e+14	9.999989e-01	4.307036e-03
1.991486e+14	9.994725e-01	-2.181734e-01
1.991221e+14	9.981836e-01	-4.403138e-01
1.990956e+14	9.962776e-01	-6.618723e-01
1.990691e+14	9.939734e-01	-8.826741e-01
1.990427e+14	9.915311e-01	-1.102632e+00
1.990162e+14	9.892170e-01	-1.321754e+00
1.989898e+14	9.872697e-01	-1.540135e+00
1.989633e+14	9.858743e-01	-1.757943e+00
1.989369e+14	9.851451e-01	-1.975392e+00
1.989104e+14	9.851189e-01	-2.192713e+00
1.988840e+14	9.857574e-01	-2.410127e+00
1.988576e+14	9.869587e-01	-2.627821e+00
1.988312e+14	9.885742e-01	-2.845929e+00
1.988048e+14	9.904305e-01	-3.064521e+00
1.987784e+14	9.923525e-01	2.999582e+00
1.987520e+14	9.941849e-01	2.780059e+00
1.987256e+14	9.958087e-01	2.560186e+00
1.986992e+14	9.971506e-01	2.340078e+00
1.986729e+14	9.981840e-01	2.119853e+00
1.986465e+14	9.989231e-01	1.899615e+00
1.986201e+14	9.994111e-01	1.679443e+00
1.985938e+14	9.997058e-01	1.459388e+00
1.985674e+14	9.998669e-01	1.239470e+00
1.985411e+14	9.999458e-01	1.019689e+00
1.985148e+14	9.999800e-01	8.000279e-01
1.984885e+14	9.999931e-01	5.804667e-01
1.984622e+14	9.999971e-01	3.609842e-01
1.984358e+14	9.999973e-01	1.415629e-01
1.984095e+14	9.999966e-01	-7.781241e-02
1.983832e+14	9.999979e-01	-2.971574e-01
1.983570e+14	1.000003e+00	-5.164923e-01
1.983307e+14	1.000007e+00	-7.358443e-01
1.983044e+14	9.999953e-01	-9.552473e-01
1.982781e+14	9.999330e-01	-1.174737e+00
1.982519e+14	9.997630e-01	-1.394342e+00
1.982256e+14	9.994058e-01	-1.614071e+00
1.981994e+14	9.987658e-01	-1.833900e+00
1.981732e+14	9.977455e-01	-2.053764e+00
1.981469e+14	9.962645e-01	-2.273548e+00
1.981207e+14	9.942808e-01	-2.493096e+00
1.980945e+14	9.918111e-01	-2.712223e+00
1.980683e+14	9.889435e-01	-2.930739e+00
1.980421e+14	9.858401e-01	3.134708e+00
1.980159e+14	9.827270e-01	2.917862e+00
1.979897e+14	9.798733e-01	2.701942e+00
1.979635e+14	9.775611e-01	2.486882e+00
1.979373e+14	9.760517e-01	2.272518e+00
1.979112e+14	9.755519e-01	2.058588e+00
1.978850e+14	9.761833e-01	1.844756e+00
1.978588e+14	9.779593e-01	1.630640e+00
1.978327e+14	9.807690e-01	1.415859e+00
1.978066e+14	9.843744e-01	1.200072e+00
1.977804e+14	9.884206e-01	9.830277e-01
1.977543e+14	9.924644e-01	7.646082e-01
1.977282e+14	9.960215e-01	5.448581e-01
1.977021e+14	9.986292e-01	3.239957e-01
1.976760e+14	9.999159e-01	1.023976e-01
1.976499e+14	9.996647e-01	-1.194441e-01
1.976238e+14	9.978533e-01	-3.409864e-01
1.975977e+14	9.946608e-01	-5.617111e-01
1.975716e+14	9.904391e-01	-7.811965e-01
1.975455e+14	9.856559e-01	-9.991710e-01
1.975195e+14	9.808244e-01	-1.215541e+00
1.974934e+14	9.764360e-01	-1.430389e+00
1.974674e+14	9.729044e-01	-1.643955e+00
1.974413e+14	9.705285e-01	-1.856592e+00
1.974153e+14	9.694738e-01	-2.068722e+00
1.973892e+14	9.697682e-01	-2.280782e+00
1.973632e+14	9.713120e-01	-2.493181e+00
1.973372e+14	9.738980e-01	-2.706257e+00
1.973112e+14	9.772403e-01	-2.920250e+00
1.972852e+14	9.810100e-01	-3.135279e+00
1.972592e+14	9.848754e-01	2.931839e+00
1.972332e+14	9.885401e-01	2.714838e+00
1.972072e+14	9.917756e-01	2.497086e+00
1.971812e+14	9.944405e-01	2.278811e+00
1.971553e+14	9.964849e-01	2.060247e+00
1.971293e+14	9.979393e-01	1.841598e+00
1.971034e+14	9.988918e-01	1.623023e+00
1.970774e+14	9.994602e-01	1.404616e+00
1.970515e+14	9.997649e-01	1.186417e+00
1.970255e+14	9.999095e-01	9.684182e-01
1.969996e+14	9.999694e-01	7.505860e-01
1.969737e+14	9.999909e-01	5.328738e-01
1.969478e+14	9.999972e-01	3.152360e-01
1.969219e+14	9.999979e-01	9.763353e-02
1.968960e+14	9.999975e-01	-1.199684e-01
1.968701e+14	1.000000e+00	-3.376067e-01
1.968442e+14	1.000006e+00	-5.553286e-01
1.968183e+14	1.000003e+00	-7.731976e-01
1.967924e+14	9.999506e-01	-9.912921e-01
1.967666e+14	9.997663e-01	-1.209695e+00
1.967407e+14	9.993144e-01	-1.428471e+00
1.967148e+14	9.984062e-01	-1.647643e+00
1.966890e+14	9.968157e-01	-1.867156e+00
1.966632e+14	9.943117e-01	-2.086854e+00
1.966373e+14	9.907039e-01	-2.306469e+00
1.966115e+14	9.858960e-01	-2.525630e+00
1.965857e+14	9.799322e-01	-2.743897e+00
1.965599e+14	9.730247e-01	-2.960817e+00
1.965341e+14	9.655539e-01	3.107195e+00
1.965083e+14	9.580384e-01	2.894040e+00
1.964825e+14	9.510821e-01	2.682999e+00
1.964567e+14	9.453103e-01	2.473950e+00
1.964309e+14	9.413041e-01	2.266546e+00
1.964051e+14	9.395422e-01	2.060228e+00
1.963794e+14	9.403504e-01	1.854256e+00
1.963536e+14	9.438566e-01	1.647763e+00
1.963279e+14	9.499496e-01	1.439824e+00
1.963021e+14	9.582395e-01	1.229538e+00
1.962764e+14	9.680315e-01	1.016137e+00
1.962507e+14	9.783275e-01	7.991049e-01
1.962249e+14	9.878842e-01	5.783068e-01
1.961992e+14	9.953502e-01	3.540832e-01
1.961735e+14	9.994846e-01	1.272861e-01
1.961478e+14	9.994166e-01	-1.007884e-01
1.961221e+14	9.948620e-01	-3.285787e-01
1.960964e+14	9.862097e-01	-5.545128e-01
1.960707e+14	9.744360e-01	-7.772692e-01
1.960450e+14	9.608872e-01	-9.959697e-01
1.960194e+14	9.470167e-01	-1.210264e+00
1.959937e+14	9.341641e-01	-1.420312e+00
1.959681e+14	9.234162e-01	-1.626690e+00
1.959424e+14	9.155498e-01	-1.830277e+00
1.959168e+14	9.110284e-01	-2.032132e+00
1.958911e+14	9.100252e-01	-2.233381e+00
1.958655e+14	9.124520e-01	-2.435130e+00
1.958399e+14	9.179863e-01	-2.638380e+00
1.958143e+14	9.260969e-01	-2.843955e+00
1.957886e+14	9.360782e-01	-3.052440e+00
1.957630e+14	9.471029e-01	3.019056e+00
1.957374e+14	9.582984e-01	2.804177e+00
1.957119e+14	9.688462e-01	2.586418e+00
1.956863e+14	9.780862e-01	2.366322e+00
1.956607e+14	9.855994e-01	2.144571e+00
1.956351e+14	9.912446e-01	1.921866e+00
1.956096e+14	9.951357e-01	1.698815e+00
1.955840e+14	9.975698e-01	1.475857e+00
1.955585e+14	9.989303e-01	1.253230e+00
1.955329e+14	9.995953e-01	1.030988e+00
1.955074e+14	9.998716e-01	8.090438e-01
1.954818e+14	9.999666e-01	5.872330e-01
1.954563e+14	9.999934e-01	3.653662e-01
1.954308e+14	9.999988e-01	1.432624e-01
1.954053e+14	9.999987e-01	-7.924645e-02
1.953798e+14	1.000001e+00	-3.023367e-01
1.953543e+14	1.000007e+00	-5.262314e-01
1.953288e+14	9.999684e-01	-7.512368e-01
1.953033e+14	9.997269e-01	-9.777557e-01
1.952779e+14	9.989170e-01	-1.206257e+00
1.952524e+14	9.968852e-01	-1.437184e+00
1.952269e+14	9.926522e-01	-1.670796e+00
1.952015e+14	9.849753e-01	-1.906961e+00
1.951760e+14	9.725563e-01	-2.144957e+00
1.951506e+14	9.543887e-01	-2.383352e+00
1.951251e+14	9.301539e-01	-2.620066e+00
1.950997e+14	9.004894e-01	-2.852657e+00
1.950743e+14	8.669747e-01	-3.078750e+00
1.950489e+14	8.318240e-01	2.986711e+00
1.950234e+14	7.974395e-01	2.778429e+00
1.949980e+14	7.660310e-01	2.579776e+00
1.949726e+14	7.394196e-01	2.390124e+00
1.949473e+14	7.190288e-01	2.208163e+00
1.949219e+14	7.060002e-01	2.032024e+00
1.948965e+14	7.013608e-01	1.859318e+00
1.948711e+14	7.061936e-01	1.687071e+00
1.948458e+14	7.217687e-01	1.511536e+00
1.948204e+14	7.495634e-01	1.327831e+00
1.947951e+14	7.909744e-01	1.129429e+00
1.947697e+14	8.462040e-01	9.076297e-01
1.947444e+14	9.112401e-01	6.517344e-01
1.947190e+14	9.719823e-01	3.520762e-01
1.946937e+14	1.000014e+00	9.241973e-03
1.946684e+14	9.667092e-01	-3.542632e-01
1.946431e+14	8.750036e-01	-6.999732e-01
1.946178e+14	7.587369e-01	-1.000025e+00
1.945925e+14	6.483047e-01	-1.249418e+00
1.945672e+14	5.561576e-01	-1.456294e+00
1.945419e+14	4.833421e-01	-1.631229e+00
1.945166e+14	4.269721e-01	-1.783038e+00
1.944914e+14	3.836534e-01	-1.918199e+00
1.944661e+14	3.505255e-01	-2.041334e+00
1.944408e+14	3.254171e-01	-2.155759e+00
1.944156e+14	3.067519e-01	-2.263922e+00
1.943903e+14	2.934176e-01	-2.367698e+00
1.943651e+14	2.846572e-01	-2.468592e+00
1.943399e+14	2.799912e-01	-2.567884e+00
1.943146e+14	2.791668e-01	-2.666730e+00
1.942894e+14	2.821310e-01	-2.766247e+00
1.942642e+14	2.890216e-01	-2.867584e+00
1.942390e+14	3.001757e-01	-2.972003e+00
1.942138e+14	3.161537e-01	-3.080956e+00
1.941886e+14	3.377787e-01	3.086993e+00
1.941634e+14	3.661840e-01	2.963296e+00
1.941382e+14	4.028552e-01	2.828377e+00
1.941131e+14	4.496150e-01	2.678704e+00
1.940879e+14	5.084348e-01	2.509827e+00
1.940627e+14	5.808190e-01	2.316441e+00
1.940376e+14	6.663624e-01	2.093057e+00
1.940124e+14	7.603117e-01	1.835948e+00
1.939873e+14	8.515372e-01	1.546643e+00
1.939622e+14	9.250245e-01	1.234931e+00
1.939370e+14	9.708271e-01	9.167675e-01
1.939119e+14	9.911092e-01	6.061840e-01
1.938868e+14	9.964323e-01	3.084582e-01
1.938617e+14	9.968764e-01	1.999561e-02
1.938366e+14	9.966333e-01	-2.676464e-01
1.938115e+14	9.926267e-01	-5.632344e-01
1.937864e+14	9.755171e-01	-8.713862e-01
1.937613e+14	9.343539e-01	-1.188371e+00
1.937362e+14	8.652004e-01	-1.501337e+00
1.937112e+14	7.762556e-01	-1.794185e+00
1.936861e+14	6.822829e-01	-2.055943e+00
1.936611e+14	5.952757e-01	-2.283931e+00
1.936360e+14	5.209022e-01	-2.481265e+00
1.936110e+14	4.601012e-01	-2.653275e+00
1.935859e+14	4.115814e-01	-2.805325e+00
1.935609e+14	3.734143e-01	-2.941982e+00
1.935359e+14	3.437500e-01	-3.066897e+00
1.935109e+14	3.210553e-01	3.100259e+00
1.934858e+14	3.041461e-01	2.990869e+00
1.934608e+14	2.921530e-01	2.886322e+00
1.934358e+14	2.844728e-01	2.785137e+00
1.934109e+14	2.807272e-01	2.686043e+00
1.933859e+14	2.807361e-01	2.587897e+00
1.933609e+14	2.845052e-01	2.489604e+00
1.933359e+14	2.922295e-01	2.390054e+00
1.933110e+14	3.043143e-01	2.288038e+00
1.932860e+14	3.214165e-01	2.182162e+00
1.932610e+14	3.445101e-01	2.070718e+00
1.932361e+14	3.749796e-01	1.951515e+00
1.932112e+14	4.147368e-01	1.821627e+00
1.931862e+14	4.663247e-01	1.677026e+00
1.931613e+14	5.328671e-01	1.512100e+00
1.931364e+14	6.174335e-01	1.319148e+00
1.931115e+14	7.207334e-01	1.088469e+00
1.930865e+14	8.354319e-01	8.108115e-01
1.930616e+14	9.384420e-01	4.852411e-01
1.930368e+14	9.952545e-01	1.303288e-01
1.930119e+14	9.891944e-01	-2.181957e-01
1.929870e+14	9.388460e-01	-5.308636e-01
1.929621e+14	8.744087e-01	-7.995884e-01
1.929372e+14	8.150627e-01	-1.030857e+00
1.929124e+14	7.680240e-01	-1.234998e+00
1.928875e+14	7.344258e-01	-1.421224e+00
1.928627e+14	7.132756e-01	-1.596637e+00
1.928378e+14	7.031441e-01	-1.766547e+00
1.928130e+14	7.027144e-01	-1.934984e+00
1.927882e+14	7.108740e-01	-2.105100e+00
1.927633e+14	7.266388e-01	-2.279422e+00
1.927385e+14	7.490151e-01	-2.459974e+00
1.927137e+14	7.768450e-01	-2.648299e+00
1.926889e+14	8.086696e-01	-2.845390e+00
1.926641e+14	8.426600e-01	-3.051574e+00
1.926393e+14	8.766781e-01	3.016777e+00
1.926145e+14	9.085062e-01	2.794531e+00
1.925897e+14	9.362164e-01	2.566770e+00
1.925650e+14	9.585469e-01	2.335752e+00
1.925402e+14	9.751156e-01	2.103693e+00
1.925154e+14	9.863685e-01	1.872411e+00
1.924907e+14	9.933074e-01	1.643116e+00
1.924659e+14	9.971404e-01	1.416387e+00
1.924412e+14	9.989924e-01	1.192294e+00
1.924165e+14	9.997401e-01	9.705750e-01
1.923917e+14	9.999685e-01	7.508188e-01
1.923670e+14	1.000007e+00	5.325950e-01
1.923423e+14	1.000002e+00	3.155331e-01
1.923176e+14	9.999989e-01	9.934967e-02
1.922929e+14	9.999991e-01	-1.161633e-01
1.922682e+14	9.999951e-01	-3.311692e-01
1.922435e+14	9.999746e-01	-5.458198e-01
1.922188e+14	9.999025e-01	-7.602768e-01
1.921941e+14	9.996916e-01	-9.747115e-01
1.921694e+14	9.991769e-01	-1.189281e+00
1.921448e+14	9.981056e-01	-1.404089e+00
1.921201e+14	9.961535e-01	-1.619130e+00
1.920955e+14	9.929707e-01	-1.834250e+00
1.920708e+14	9.882527e-01	-2.049123e+00
1.920462e+14	9.818224e-01	-2.263259e+00
1.920215e+14	9.737006e-01	-2.476060e+00
1.919969e+14	9.641444e-01	-2.686898e+00
1.919723e+14	9.536392e-01	-2.895214e+00
1.919477e+14	9.428467e-01	-3.100610e+00
1.919231e+14	9.325254e-01	2.980268e+00
1.918985e+14	9.234433e-01	2.780958e+00
1.918739e+14	9.163029e-01	2.584294e+00
1.918493e+14	9.116849e-01	2.389688e+00
1.918247e+14	9.100119e-01	2.196367e+00
1.918001e+14	9.115235e-01	2.003423e+00
1.917756e+14	9.162569e-01	1.809873e+00
1.917510e+14	9.240256e-01	1.614730e+00
1.917264e+14	9.343977e-01	1.417076e+00
1.917019e+14	9.466787e-01	1.216154e+00
1.916773e+14	9.599166e-01	1.011460e+00
1.916528e+14	9.729483e-01	8.028390e-01
1.916283e+14	9.845073e-01	5.905590e-01
1.916037e+14	9.933955e-01	3.753287e-01
1.915792e+14	9.986906e-01	1.582417e-01
1.915547e+14	9.999311e-01	-5.936368e-02
1.915302e+14	9.972102e-01	-2.761054e-01
1.915057e+14	9.911420e-01	-4.907665e-01
1.914812e+14	9.827137e-01	-7.024594e-01
1.914567e+14	9.730833e-01	-9.107102e-01
1.914322e+14	9.633876e-01	-1.115459e+00
1.914077e+14	9.546039e-01	-1.317001e+00
1.913833e+14	9.474769e-01	-1.515893e+00
1.913588e+14	9.424963e-01	-1.712853e+00
1.913344e+14	9.399080e-01	-1.908675e+00
1.913099e+14	9.397407e-01	-2.104143e+00
1.912855e+14	9.418377e-01	-2.299978e+00
1.912610e+14	9.458901e-01	-2.496783e+00
1.912366e+14	9.514727e-01	-2.695011e+00
1.912122e+14	9.580838e-01	-2.894938e+00
1.911877e+14	9.651905e-01	-3.096659e+00
1.911633e+14	9.722789e-01	2.983090e+00
1.911389e+14	9.789023e-01	2.778163e+00
1.911145e+14	9.847228e-01	2.572073e+00
1.910901e+14	9.895353e-01	2.365203e+00
1.910657e+14	9.932716e-01	2.157931e+00
1.910413e+14	9.959834e-01	1.950593e+00
1.910170e+14	9.978095e-01	1.743445e+00
1.909926e+14	9.989368e-01	1.536656e+00
1.909682e+14	9.995621e-01	1.330308e+00
1.909439e+14	9.998629e-01	1.124413e+00
1.909195e+14	9.999794e-01	9.189339e-01
1.908952e+14	1.000008e+00	7.138068e-01
1.908708e+14	1.000007e+00	5.089622e-01
1.908465e+14	1.000002e+00	3.043371e-01
1.908222e+14	9.999997e-01	9.988107e-02
1.907979e+14	1.000000e+00	-1.044437e-01
1.907735e+14	9.999994e-01	-3.086674e-01
1.907492e+14	9.999939e-01	-5.128188e-01
1.907249e+14	9.999763e-01	-7.169298e-01
1.907006e+14	9.999294e-01	-9.210375e-01
1.906763e+14	9.998193e-01	-1.125180e+00
1.906521e+14	9.995902e-01	-1.329391e+00
1.906278e+14	9.991642e-01	-1.533682e+00
1.906035e+14	9.984463e-01	-1.738039e+00
1.905792e+14	9.973371e-01	-1.942404e+00
1.905550e+14	9.957497e-01	-2.146673e+00
1.905307e+14	9.936303e-01	-2.350702e+00
1.905065e+14	9.909766e-01	-2.554310e+00
1.904822e+14	9.878514e-01	-2.757307e+00
1.904580e+14	9.843871e-01	-2.959514e+00
1.904338e+14	9.807800e-01	3.122393e+00
1.904096e+14	9.772742e-01	2.922120e+00
1.903853e+14	9.741383e-01	2.722847e+00
1.903611e+14	9.716380e-01	2.524479e+00
1.903369e+14	9.700086e-01	2.326834e+00
1.903127e+14	9.694290e-01	2.129651e+00
1.902885e+14	9.700017e-01	1.932612e+00
1.902644e+14	9.717369e-01	1.735370e+00
1.902402e+14	9.745442e-01	1.537576e+00
1.902160e+14	9.782316e-01	1.338919e+00
1.901918e+14	9.825137e-01	1.139154e+00
1.901677e+14	9.870311e-01	9.381393e-01
1.901435e+14	9.913808e-01	7.358519e-01
1.901194e+14	9.951579e-01	5.324042e-01
1.900952e+14	9.980033e-01	3.280363e-01
1.900711e+14	9.996504e-01	1.230937e-01
1.900470e+14	9.999620e-01	-8.201085e-02
1.900228e+14	9.989489e-01	-2.868468e-01
1.899987e+14	9.967661e-01	-4.910170e-01
1.899746e+14	9.936871e-01	-6.942030e-01
1.899505e+14	9.900632e-01	-8.961969e-01
1.899264e+14	9.862765e-01	-1.096916e+00
1.899023e+14	9.826947e-01	-1.296403e+00
1.898782e+14	9.796351e-01	-1.494804e+00
1.898542e+14	9.773394e-01	-1.692352e+00
1.898301e+14	9.759602e-01	-1.889329e+00
1.898060e+14	9.755576e-01	-2.086037e+00
1.897819e+14	9.761046e-01	-2.282769e+00
1.897579e+14	9.774983e-01	-2.479782e+00
1.897338e+14	9.795762e-01	-2.677280e+00
1.897098e+14	9.821367e-01	-2.875394e+00
1.896858e+14	9.849614e-01	-3.074188e+00
1.896617e+14	9.878369e-01	3.009537e+00
1.896377e+14	9.905756e-01	2.809478e+00
1.896137e+14	9.930314e-01	2.608939e+00
1.895897e+14	9.951088e-01	2.408060e+00
1.895657e+14	9.967651e-01	2.206990e+00
1.895417e+14	9.980053e-01	2.005866e+00
1.895177e+14	9.988717e-01	1.804798e+00
1.894937e+14	9.994299e-01	1.603869e+00
1.894697e+14	9.997557e-01	1.403125e+00
1.894457e+14	9.999221e-01	1.202583e+00
1.894217e+14	9.999914e-01	1.002239e+00
1.893978e+14	1.000010e+00	8.020728e-01
1.893738e+14	1.000009e+00	6.020567e-01
1.893499e+14	1.000004e+00	4.021641e-01
1.893259e+14	1.000001e+00	2.023720e-01
1.893020e+14	1.000001e+00	2.662318e-03
1.892780e+14	1.000001e+00	-1.969786e-01
1.892541e+14	1.000000e+00	-3.965620e-01
1.892302e+14	9.999962e-01	-5.960995e-01
1.892063e+14	9.999839e-01	-7.956047e-01
1.891824e+14	9.999546e-01	-9.950932e-01
1.891585e+14	9.998913e-01	-1.194581e+00
1.891346e+14	9.997678e-01	-1.394081e+00
1.891107e+14	9.995480e-01	-1.593597e+00
1.890868e+14	9.991889e-01	-1.793120e+00
1.890629e+14	9.986459e-01	-1.992622e+00
1.890390e+14	9.978797e-01	-2.192056e+00
1.890152e+14	9.968655e-01	-2.391356e+00
1.889913e+14	9.956007e-01	-2.590439e+00
1.889674e+14	9.941113e-01	-2.789218e+00
1.889436e+14	9.924551e-01	-2.987610e+00
1.889197e+14	9.907201e-01	3.097638e+00
1.888959e+14	9.890188e-01	2.900195e+00
1.888721e+14	9.874786e-01	2.703251e+00
1.888482e+14	9.862290e-01	2.506767e+00
1.888244e+14	9.853880e-01	2.310662e+00
1.888006e+14	9.850488e-01	2.114816e+00
1.887768e+14	9.852677e-01	1.919081e+00
1.887530e+14	9.860556e-01	1.723289e+00
1.887292e+14	9.873729e-01	1.527272e+00
1.887054e+14	9.891296e-01	1.330879e+00
1.886816e+14	9.911898e-01	1.133987e+00
1.886578e+14	9.933823e-01	9.365227e-01
1.886341e+14	9.955155e-01	7.384677e-01
1.886103e+14	9.973967e-01	5.398660e-01
1.885865e+14	9.988526e-01	3.408212e-01
1.885628e+14	9.997493e-01	1.414872e-01
1.885390e+14	1.000009e+00	-5.794763e-02
1.885153e+14	9.996170e-01	-2.572803e-01
1.884916e+14	9.986271e-01	-4.563157e-01
1.884678e+14	9.971497e-01	-6.548876e-01
1.884441e+14	9.953398e-01	-8.528748e-01
1.884204e+14	9.933776e-01	-1.050212e+00
1.883967e+14	9.914481e-01	-1.246893e+00
1.883730e+14	9.897220e-01	-1.442969e+00
1.883493e+14	9.883407e-01	-1.638536e+00
1.883256e+14	9.874050e-01	-1.833725e+00
1.883019e+14	9.869696e-01	-2.028686e+00
1.882782e+14	9.870424e-01	-2.223573e+00
1.882545e+14	9.875881e-01	-2.418526e+00
1.882309e+14	9.885355e-01	-2.613666e+00
1.882072e+14	9.897874e-01	-2.809077e+00
1.881835e+14	9.912321e-01	-3.004809e+00
1.881599e+14	9.927558e-01	3.082311e+00
1.881362e+14	9.942533e-01	2.885934e+00
1.881126e+14	9.956378e-01	2.689294e+00
1.880890e+14	9.968462e-01	2.492459e+00
1.880653e+14	9.978428e-01	2.295503e+00
1.880417e+14	9.986173e-01	2.098502e+00
1.880181e+14	9.991817e-01	1.901520e+00
1.879945e+14	9.995636e-01	1.704609e+00
1.879709e+14	9.998000e-01	1.507804e+00
1.879473e+14	9.999301e-01	1.311123e+00
1.879237e+14	9.999902e-01	1.114571e+00
1.879001e+14	1.000010e+00	9.181404e-01
1.878765e+14	1.000011e+00	7.218201e-01
1.878529e+14	1.000006e+00	5.255953e-01
1.878294e+14	1.000003e+00	3.294520e-01
1.878058e+14	1.000001e+00	1.333787e-01
1.877822e+14	1.000002e+00	-6.263343e-02
1.877587e+14	1.000002e+00	-2.585911e-01
1.877351e+14	1.000002e+00	-4.544999e-01
1.877116e+14	9.999988e-01	-6.503658e-01
1.876881e+14	9.999902e-01	-8.461961e-01
1.876645e+14	9.999709e-01	-1.041999e+00
1.876410e+14	9.999313e-01	-1.237783e+00
1.876175e+14	9.998565e-01	-1.433554e+00
1.875940e+14	9.997269e-01	-1.629315e+00
1.875705e+14	9.995189e-01	-1.825060e+00
1.875470e+14	9.992078e-01	-2.020773e+00
1.875235e+14	9.987720e-01	-2.216430e+00
1.875000e+14	9.981971e-01	-2.411993e+00
("port 2","TE",1,"port 2",1,"modulation")
(1,1)
0.00143
(500,3)
2.000000e+14	4.916228e-03	-2.590637e+00
1.999733e+14	4.529351e-03	-2.764223e+00
1.999466e+14	4.648369e-03	-2.934237e+00
1.999199e+14	4.820236e-03	-3.107325e+00
1.998932e+14	4.583188e-03	3.013135e+00
1.998665e+14	3.516629e-03	2.912427e+00
1.998398e+14	1.547458e-03	-2.964326e+00
1.998131e+14	3.426917e-03	-1.395981e+00
1.997865e+14	9.172185e-03	-1.363244e+00
1.997598e+14	1.703865e-02	-1.512368e+00
1.997332e+14	2.694274e-02	-1.700826e+00
1.997065e+14	3.874704e-02	-1.903921e+00
1.996799e+14	5.219234e-02	-2.113967e+00
1.996532e+14	6.689686e-02	-2.327761e+00
1.996266e+14	8.237001e-02	-2.543693e+00
1.996000e+14	9.803521e-02	-2.760834e+00
1.995734e+14	1.132591e-01	-2.978596e+00
1.995468e+14	1.273843e-01	3.086593e+00
1.995202e+14	1.397622e-01	2.868612e+00
1.994936e+14	1.497828e-01	2.650780e+00
1.994670e+14	1.569004e-01	2.433137e+00
1.994404e+14	1.606523e-01	2.215639e+00
1.994139e+14	1.606745e-01	1.998175e+00
1.993873e+14	1.567132e-01	1.780594e+00
1.993608e+14	1.486361e-01	1.562731e+00
1.993342e+14	1.364435e-01	1.344444e+00
1.993077e+14	1.202805e-01	1.125662e+00
1.992812e+14	1.004465e-01	9.064484e-01
1.992546e+14	7.740145e-02	6.871600e-01
1.992281e+14	5.176115e-02	4.690133e-01
1.992016e+14	2.428160e-02	2.586011e-01
1.991751e+14	4.221867e-03	3.029158e+00
1.991486e+14	3.271692e-02	2.917205e+00
1.991221e+14	6.037456e-02	2.702604e+00
1.990956e+14	8.629274e-02	2.483709e+00
1.990691e+14	1.096926e-01	2.264174e+00
1.990427e+14	1.299291e-01	2.044859e+00
1.990162e+14	1.465102e-01	1.826018e+00
1.989898e+14	1.591036e-01	1.607666e+00
1.989633e+14	1.675328e-01	1.389685e+00
1.989369e+14	1.717688e-01	1.171879e+00
1.989104e+14	1.719193e-01	9.540167e-01
1.988840e+14	1.682193e-01	7.358628e-01
1.988576e+14	1.610216e-01	5.172045e-01
1.988312e+14	1.507867e-01	2.978677e-01
1.988048e+14	1.380694e-01	7.772380e-02
1.987784e+14	1.235001e-01	-1.433144e-01
1.987520e+14	1.077596e-01	-3.653095e-01
1.987256e+14	9.154677e-02	-5.883270e-01
1.986992e+14	7.554243e-02	-8.124726e-01
1.986729e+14	6.037154e-02	-1.037938e+00
1.986465e+14	4.656842e-02	-1.265046e+00
1.986201e+14	3.454781e-02	-1.494277e+00
1.985938e+14	2.458415e-02	-1.726181e+00
1.985674e+14	1.679988e-02	-1.960884e+00
1.985411e+14	1.116263e-02	-2.196327e+00
1.985148e+14	7.491241e-03	-2.423989e+00
1.984885e+14	5.473793e-03	-2.626162e+00
1.984622e+14	4.696647e-03	-2.793021e+00
1.984358e+14	4.662503e-03	-2.943772e+00
1.984095e+14	4.804261e-03	-3.096125e+00
1.983832e+14	4.531347e-03	3.047067e+00
1.983570e+14	3.311240e-03	2.999184e+00
1.983307e+14	1.478587e-03	-2.414011e+00
1.983044e+14	5.079738e-03	-1.292047e+00
1.982781e+14	1.226524e-02	-1.324040e+00
1.982519e+14	2.214386e-02	-1.480185e+00
1.982256e+14	3.470801e-02	-1.668708e+00
1.981994e+14	4.983454e-02	-1.870286e+00
1.981732e+14	6.723414e-02	-2.078344e+00
1.981469e+14	8.645015e-02	-2.289970e+00
1.981207e+14	1.068746e-01	-2.503608e+00
1.980945e+14	1.277779e-01	-2.718299e+00
1.980683e+14	1.483481e-01	-2.933388e+00
1.980421e+14	1.677371e-01	3.134768e+00
1.980159e+14	1.851053e-01	2.920104e+00
1.979897e+14	1.996612e-01	2.705973e+00
1.979635e+14	2.106905e-01	2.492405e+00
1.979373e+14	2.175757e-01	2.279305e+00
1.979112e+14	2.198062e-01	2.066464e+00
1.978850e+14	2.169847e-01	1.853591e+00
1.978588e+14	2.088348e-01	1.640347e+00
1.978327e+14	1.952140e-01	1.426389e+00
1.978066e+14	1.761348e-01	1.211430e+00
1.977804e+14	1.517938e-01	9.953027e-01
1.977543e+14	1.226016e-01	7.780542e-01
1.977282e+14	8.920789e-02	5.601582e-01
1.977021e+14	5.250604e-02	3.435178e-01
1.976760e+14	1.361385e-02	1.497990e-01
1.976499e+14	2.622325e-02	3.012838e+00
1.976238e+14	6.562058e-02	2.803004e+00
1.975977e+14	1.032814e-01	2.585101e+00
1.975716e+14	1.380123e-01	2.366787e+00
1.975455e+14	1.688179e-01	2.149353e+00
1.975195e+14	1.949366e-01	1.933185e+00
1.974934e+14	2.158459e-01	1.718313e+00
1.974674e+14	2.312439e-01	1.504543e+00
1.974413e+14	2.410206e-01	1.291539e+00
1.974153e+14	2.452287e-01	1.078880e+00
1.973892e+14	2.440620e-01	8.661159e-01
1.973632e+14	2.378436e-01	6.528143e-01
1.973372e+14	2.270228e-01	4.386021e-01
1.973112e+14	2.121752e-01	2.231914e-01
1.972852e+14	1.940010e-01	6.392303e-03
1.972592e+14	1.733137e-01	-2.118929e-01
1.972332e+14	1.510155e-01	-4.316939e-01
1.972072e+14	1.280566e-01	-6.530177e-01
1.971812e+14	1.053830e-01	-8.759107e-01
1.971553e+14	8.387736e-02	-1.100540e+00
1.971293e+14	6.430220e-02	-1.327286e+00
1.971034e+14	4.725253e-02	-1.556853e+00
1.970774e+14	3.312249e-02	-1.790315e+00
1.970515e+14	2.208713e-02	-2.028869e+00
1.970255e+14	1.409796e-02	-2.272193e+00
1.969996e+14	8.889979e-03	-2.512458e+00
1.969737e+14	6.005331e-03	-2.723738e+00
1.969478e+14	4.845875e-03	-2.877294e+00
1.969219e+14	4.709920e-03	-2.994932e+00
1.968960e+14	4.784666e-03	-3.110142e+00
1.968701e+14	4.220715e-03	3.093039e+00
1.968442e+14	2.434684e-03	-2.951227e+00
1.968183e+14	3.504878e-03	-1.396539e+00
1.967924e+14	1.081614e-02	-1.211738e+00
1.967666e+14	2.203354e-02	-1.327600e+00
1.967407e+14	3.726882e-02	-1.501317e+00
1.967148e+14	5.659779e-02	-1.695677e+00
1.966890e+14	7.985432e-02	-1.899760e+00
1.966632e+14	1.065957e-01	-2.109096e+00
1.966373e+14	1.361034e-01	-2.321372e+00
1.966115e+14	1.674136e-01	-2.535126e+00
1.965857e+14	1.993767e-01	-2.749287e+00
1.965599e+14	2.307400e-01	-2.963010e+00
1.965341e+14	2.602374e-01	3.107539e+00
1.965083e+14	2.866707e-01	2.896433e+00
1.964825e+14	3.089663e-01	2.687071e+00
1.964567e+14	3.261987e-01	2.479415e+00
1.964309e+14	3.375850e-01	2.273180e+00
1.964051e+14	3.424580e-01	2.067856e+00
1.963794e+14	3.402327e-01	1.862741e+00
1.963536e+14	3.303813e-01	1.657001e+00
1.963279e+14	3.124311e-01	1.449741e+00
1.963021e+14	2.859978e-01	1.240094e+00
1.962764e+14	2.508646e-01	1.027340e+00
1.962507e+14	2.071077e-01	8.110526e-01
1.962249e+14	1.552529e-01	5.913056e-01
1.961992e+14	9.642126e-02	3.692000e-01
1.961735e+14	3.240107e-02	1.525401e-01
1.961478e+14	3.443751e-02	3.036922e+00
1.961221e+14	1.013356e-01	2.818508e+00
1.960964e+14	1.655586e-01	2.594407e+00
1.960707e+14	2.247072e-01	2.372332e+00
1.960450e+14	2.769736e-01	2.153882e+00
1.960194e+14	3.212125e-01	1.939601e+00
1.959937e+14	3.568686e-01	1.729398e+00
1.959681e+14	3.838227e-01	1.522723e+00
1.959424e+14	4.022258e-01	1.318702e+00
1.959168e+14	4.123642e-01	1.116272e+00
1.958911e+14	4.145734e-01	9.142897e-01
1.958655e+14	4.092045e-01	7.116244e-01
1.958399e+14	3.966338e-01	5.072401e-01
1.958143e+14	3.773090e-01	3.002639e-01
1.957886e+14	3.518172e-01	9.004458e-02
1.957630e+14	3.209583e-01	-1.238067e-01
1.957374e+14	2.858019e-01	-3.414066e-01
1.957119e+14	2.477013e-01	-5.626338e-01
1.956863e+14	2.082467e-01	-7.872193e-01
1.956607e+14	1.691547e-01	-1.014895e+00
1.956351e+14	1.321130e-01	-1.245601e+00
1.956096e+14	9.861439e-02	-1.479744e+00
1.955840e+14	6.981752e-02	-1.718538e+00
1.955585e+14	4.645584e-02	-1.964425e+00
1.955329e+14	2.879708e-02	-2.221330e+00
1.955074e+14	1.663933e-02	-2.492572e+00
1.954818e+14	9.323506e-03	-2.765891e+00
1.954563e+14	5.785173e-03	-2.972530e+00
1.954308e+14	4.756995e-03	-3.040149e+00
1.954053e+14	4.798684e-03	-3.055533e+00
1.953798e+14	4.206164e-03	-3.004040e+00
1.953543e+14	2.757406e-03	-2.118980e+00
1.953288e+14	9.164054e-03	-1.159297e+00
1.953033e+14	2.381565e-02	-1.162788e+00
1.952779e+14	4.675437e-02	-1.312222e+00
1.952524e+14	7.900125e-02	-1.504124e+00
1.952269e+14	1.210920e-01	-1.715106e+00
1.952015e+14	1.727580e-01	-1.936825e+00
1.951760e+14	2.327144e-01	-2.164985e+00
1.951506e+14	2.986030e-01	-2.396362e+00
1.951251e+14	3.671986e-01	-2.627887e+00
1.950997e+14	4.349014e-01	-2.856532e+00
1.950743e+14	4.983716e-01	-3.079555e+00
1.950489e+14	5.550562e-01	2.988340e+00
1.950234e+14	6.034134e-01	2.782017e+00
1.949980e+14	6.428164e-01	2.584963e+00
1.949726e+14	6.732565e-01	2.396630e+00
1.949473e+14	6.949910e-01	2.215768e+00
1.949219e+14	7.082218e-01	2.040552e+00
1.948965e+14	7.128163e-01	1.868626e+00
1.948711e+14	7.080288e-01	1.697048e+00
1.948458e+14	6.921449e-01	1.522089e+00
1.948204e+14	6.619443e-01	1.338892e+00
1.947951e+14	6.118633e-01	1.140954e+00
1.947697e+14	5.328775e-01	9.196164e-01
1.947444e+14	4.119037e-01	6.642822e-01
1.947190e+14	2.351124e-01	3.657615e-01
1.946937e+14	1.862894e-03	2.853808e-01
1.946684e+14	2.559380e-01	2.797420e+00
1.946431e+14	4.841452e-01	2.452727e+00
1.946178e+14	6.514150e-01	2.153002e+00
1.945925e+14	7.613934e-01	1.903731e+00
1.945672e+14	8.310861e-01	1.696868e+00
1.945419e+14	8.754389e-01	1.521866e+00
1.945166e+14	9.042709e-01	1.369924e+00
1.944914e+14	9.234824e-01	1.234562e+00
1.944661e+14	9.365578e-01	1.111161e+00
1.944408e+14	9.455747e-01	9.963965e-01
1.944156e+14	9.517933e-01	8.878139e-01
1.943903e+14	9.559879e-01	7.835274e-01
1.943651e+14	9.586327e-01	6.820159e-01
1.943399e+14	9.600058e-01	5.819808e-01
1.943146e+14	9.602458e-01	4.822402e-01
1.942894e+14	9.593790e-01	3.816442e-01
1.942642e+14	9.573257e-01	2.789972e-01
1.942390e+14	9.538871e-01	1.729790e-01
1.942138e+14	9.487113e-01	6.205313e-02
1.941886e+14	9.412291e-01	-5.564633e-02
1.941634e+14	9.305463e-01	-1.824614e-01
1.941382e+14	9.152681e-01	-3.213995e-01
1.941131e+14	8.932275e-01	-4.763643e-01
1.940879e+14	8.611065e-01	-6.523911e-01
1.940627e+14	8.140404e-01	-8.557544e-01
1.940376e+14	7.456381e-01	-1.093636e+00
1.940124e+14	6.495723e-01	-1.372927e+00
1.939873e+14	5.243144e-01	-1.698575e+00
1.939622e+14	3.799382e-01	-2.075577e+00
1.939370e+14	2.398318e-01	-2.526436e+00
1.939119e+14	1.331429e-01	3.141114e+00
1.938868e+14	8.453960e-02	2.265725e+00
1.938617e+14	7.913006e-02	1.628459e+00
1.938366e+14	8.213773e-02	1.601152e+00
1.938115e+14	1.213153e-01	1.896953e+00
1.937864e+14	2.199826e-01	1.936017e+00
1.937613e+14	3.563826e-01	1.769159e+00
1.937362e+14	5.014506e-01	1.528534e+00
1.937112e+14	6.304357e-01	1.275296e+00
1.936861e+14	7.311012e-01	1.037425e+00
1.936611e+14	8.035316e-01	8.249108e-01
1.936360e+14	8.536245e-01	6.381566e-01
1.936110e+14	8.878732e-01	4.736893e-01
1.935859e+14	9.113787e-01	3.272004e-01
1.935609e+14	9.276697e-01	1.947542e-01
1.935359e+14	9.390656e-01	7.309981e-02
1.935109e+14	9.470645e-01	-4.035943e-02
1.934858e+14	9.526291e-01	-1.476921e-01
1.934608e+14	9.563750e-01	-2.505721e-01
1.934358e+14	9.586874e-01	-3.503926e-01
1.934109e+14	9.597907e-01	-4.483602e-01
1.933859e+14	9.597880e-01	-5.455725e-01
1.933609e+14	9.586775e-01	-6.430869e-01
1.933359e+14	9.563512e-01	-7.419887e-01
1.933110e+14	9.525747e-01	-8.434646e-01
1.932860e+14	9.469410e-01	-9.488947e-01
1.932610e+14	9.387859e-01	-1.059973e+00
1.932361e+14	9.270366e-01	-1.178883e+00
1.932112e+14	9.099454e-01	-1.308544e+00
1.931862e+14	8.846183e-01	-1.452980e+00
1.931613e+14	8.462047e-01	-1.617805e+00
1.931364e+14	7.866307e-01	-1.810722e+00
1.931115e+14	6.932232e-01	-2.041452e+00
1.930865e+14	5.496112e-01	-2.319293e+00
1.930616e+14	3.454701e-01	-2.645374e+00
1.930368e+14	9.743497e-02	-3.003338e+00
1.930119e+14	1.466939e-01	-2.036755e-01
1.929870e+14	3.443693e-01	-5.181089e-01
1.929621e+14	4.852100e-01	-7.874247e-01
1.929372e+14	5.793874e-01	-1.019131e+00
1.929124e+14	6.404330e-01	-1.223697e+00
1.928875e+14	6.786993e-01	-1.410383e+00
1.928627e+14	7.008932e-01	-1.586316e+00
1.928378e+14	7.110565e-01	-1.756825e+00
1.928130e+14	7.114811e-01	-1.925960e+00
1.927882e+14	7.033286e-01	-2.096896e+00
1.927633e+14	6.870295e-01	-2.272188e+00
1.927385e+14	6.625635e-01	-2.453895e+00
1.927137e+14	6.297036e-01	-2.643606e+00
1.926889e+14	5.882765e-01	-2.842375e+00
1.926641e+14	5.384614e-01	-3.050614e+00
1.926393e+14	4.810958e-01	3.015190e+00
1.926145e+14	4.178935e-01	2.789735e+00
1.925897e+14	3.514515e-01	2.557861e+00
1.925650e+14	2.849696e-01	2.321448e+00
1.925402e+14	2.217426e-01	2.082119e+00
1.925154e+14	1.646140e-01	1.840691e+00
1.924907e+14	1.155904e-01	1.596574e+00
1.924659e+14	7.570783e-02	1.346787e+00
1.924412e+14	4.510998e-02	1.083301e+00
1.924165e+14	2.324480e-02	7.828693e-01
1.923917e+14	9.146887e-03	3.466484e-01
1.923670e+14	2.731592e-03	-9.932301e-01
1.923423e+14	4.078601e-03	-2.374866e+00
1.923176e+14	4.777303e-03	-2.875672e+00
1.922929e+14	4.745021e-03	2.986463e+00
1.922682e+14	5.530161e-03	2.608422e+00
1.922435e+14	8.459693e-03	2.364003e+00
1.922188e+14	1.469301e-02	2.199784e+00
1.921941e+14	2.525291e-02	2.039381e+00
1.921694e+14	4.082455e-02	1.864045e+00
1.921448e+14	6.169532e-02	1.675809e+00
1.921201e+14	8.774582e-02	1.478886e+00
1.920955e+14	1.184498e-01	1.276443e+00
1.920708e+14	1.528977e-01	1.070698e+00
1.920462e+14	1.898574e-01	8.633121e-01
1.920215e+14	2.278772e-01	6.556202e-01
1.919969e+14	2.654169e-01	4.487276e-01
1.919723e+14	3.009860e-01	2.435098e-01
1.919477e+14	3.332566e-01	4.058040e-02
1.919231e+14	3.611316e-01	-1.597403e-01
1.918985e+14	3.837600e-01	-3.574370e-01
1.918739e+14	4.005098e-01	-5.527842e-01
1.918493e+14	4.109130e-01	-7.463107e-01
1.918247e+14	4.146048e-01	-9.387486e-01
1.918001e+14	4.112709e-01	-1.130976e+00
1.917756e+14	4.006149e-01	-1.323951e+00
1.917510e+14	3.823556e-01	-1.518648e+00
1.917264e+14	3.562591e-01	-1.715976e+00
1.917019e+14	3.222103e-01	-1.916694e+00
1.916773e+14	2.803223e-01	-2.121322e+00
1.916528e+14	2.310683e-01	-2.330057e+00
1.916283e+14	1.754046e-01	-2.542746e+00
1.916037e+14	1.148355e-01	-2.759070e+00
1.915792e+14	5.137208e-02	-2.980275e+00
1.915547e+14	1.264812e-02	-1.857788e-02
1.915302e+14	7.479264e-02	-2.606010e-01
1.915057e+14	1.328890e-01	-4.776605e-01
1.914812e+14	1.851899e-01	-6.903835e-01
1.914567e+14	2.304995e-01	-8.993175e-01
1.914322e+14	2.681516e-01	-1.104643e+00
1.914077e+14	2.979127e-01	-1.306743e+00
1.913833e+14	3.198560e-01	-1.506221e+00
1.913588e+14	3.342468e-01	-1.703827e+00
1.913344e+14	3.414572e-01	-1.900375e+00
1.913099e+14	3.419172e-01	-2.096679e+00
1.912855e+14	3.360980e-01	-2.293483e+00
1.912610e+14	3.245185e-01	-2.491426e+00
1.912366e+14	3.077665e-01	-2.690999e+00
1.912122e+14	2.865244e-01	-2.892535e+00
1.911877e+14	2.615878e-01	-3.096199e+00
1.911633e+14	2.338696e-01	2.981175e+00
1.911389e+14	2.043811e-01	2.773302e+00
1.911145e+14	1.741913e-01	2.563500e+00
1.910901e+14	1.443665e-01	2.351853e+00
1.910657e+14	1.159027e-01	2.138280e+00
1.910413e+14	8.966141e-02	1.922365e+00
1.910170e+14	6.631956e-02	1.703051e+00
1.909926e+14	4.633987e-02	1.477993e+00
1.909682e+14	2.996206e-02	1.241811e+00
1.909439e+14	1.721506e-02	9.799734e-01
1.909195e+14	7.964240e-03	6.369472e-01
1.908952e+14	2.299511e-03	-2.404422e-01
1.908708e+14	2.836751e-03	-2.086351e+00
1.908465e+14	4.342778e-03	-2.598522e+00
1.908222e+14	4.772537e-03	-2.925142e+00
1.907979e+14	4.706235e-03	3.053713e+00
1.907735e+14	4.851901e-03	2.753526e+00
1.907492e+14	5.875367e-03	2.489658e+00
1.907249e+14	8.353926e-03	2.281136e+00
1.907006e+14	1.279193e-02	2.102162e+00
1.906763e+14	1.959307e-02	1.926907e+00
1.906521e+14	2.901550e-02	1.746403e+00
1.906278e+14	4.115216e-02	1.559881e+00
1.906035e+14	5.592470e-02	1.368602e+00
1.905792e+14	7.308470e-02	1.173925e+00
1.905550e+14	9.222305e-02	9.769377e-01
1.905307e+14	1.127889e-01	7.784749e-01
1.905065e+14	1.341189e-01	5.791882e-01
1.904822e+14	1.554737e-01	3.795947e-01
1.904580e+14	1.760806e-01	1.801013e-01
1.904338e+14	1.951739e-01	-1.899096e-02
1.904096e+14	2.120315e-01	-2.174895e-01
1.903853e+14	2.260016e-01	-4.153144e-01
1.903611e+14	2.365196e-01	-6.124977e-01
1.903369e+14	2.431159e-01	-8.091761e-01
1.903127e+14	2.454166e-01	-1.005576e+00
1.902885e+14	2.431433e-01	-1.201989e+00
1.902644e+14	2.361132e-01	-1.398748e+00
1.902402e+14	2.242448e-01	-1.596191e+00
1.902160e+14	2.075698e-01	-1.794630e+00
1.901918e+14	1.862504e-01	-1.994320e+00
1.901677e+14	1.605998e-01	-2.195439e+00
1.901435e+14	1.310992e-01	-2.398088e+00
1.901194e+14	9.840603e-02	-2.602364e+00
1.900952e+14	6.334433e-02	-2.808730e+00
1.900711e+14	2.687539e-02	-3.021425e+00
1.900470e+14	9.966461e-03	-3.537031e-02
1.900228e+14	4.609140e-02	-2.687185e-01
1.899987e+14	8.050236e-02	-4.764169e-01
1.899746e+14	1.122904e-01	-6.811105e-01
1.899505e+14	1.407048e-01	-8.840531e-01
1.899264e+14	1.651714e-01	-1.085519e+00
1.899023e+14	1.852941e-01	-1.285682e+00
1.898782e+14	2.008425e-01	-1.484757e+00
1.898542e+14	2.117317e-01	-1.683015e+00
1.898301e+14	2.180008e-01	-1.880768e+00
1.898060e+14	2.197952e-01	-2.078347e+00
1.897819e+14	2.173530e-01	-2.276072e+00
1.897579e+14	2.109972e-01	-2.474234e+00
1.897338e+14	2.011300e-01	-2.673074e+00
1.897098e+14	1.882294e-01	-2.872779e+00
1.896858e+14	1.728411e-01	-3.073474e+00
1.896617e+14	1.555681e-01	3.007944e+00
1.896377e+14	1.370519e-01	2.805049e+00
1.896137e+14	1.179494e-01	2.600962e+00
1.895897e+14	9.890391e-02	2.395556e+00
1.895657e+14	8.051626e-02	2.188562e+00
1.895417e+14	6.331607e-02	1.979440e+00
1.895177e+14	4.773877e-02	1.767121e+00
1.894937e+14	3.410906e-02	1.549431e+00
1.894697e+14	2.263265e-02	1.321506e+00
1.894457e+14	1.339778e-02	1.070230e+00
1.894217e+14	6.399699e-03	7.448655e-01
1.893978e+14	1.828035e-03	-1.003671e-01
1.893738e+14	2.445035e-03	-2.029357e+00
1.893499e+14	4.042513e-03	-2.510557e+00
1.893259e+14	4.706100e-03	-2.808003e+00
1.893020e+14	4.758333e-03	-3.075414e+00
1.892780e+14	4.635329e-03	2.942135e+00
1.892541e+14	4.781976e-03	2.679626e+00
1.892302e+14	5.611322e-03	2.440232e+00
1.892063e+14	7.485021e-03	2.234582e+00
1.891824e+14	1.071174e-02	2.050059e+00
1.891585e+14	1.553229e-02	1.870938e+00
1.891346e+14	2.209838e-02	1.689816e+00
1.891107e+14	3.046083e-02	1.504966e+00
1.890868e+14	4.056551e-02	1.316709e+00
1.890629e+14	5.225416e-02	1.125807e+00
1.890390e+14	6.526978e-02	9.329773e-01
1.890152e+14	7.926686e-02	7.388058e-01
1.889913e+14	9.382638e-02	5.437506e-01
1.889674e+14	1.084749e-01	3.481710e-01
1.889436e+14	1.227067e-01	1.523458e-01
1.889197e+14	1.360062e-01	-4.351580e-02
1.888959e+14	1.478705e-01	-2.392699e-01
1.888721e+14	1.578286e-01	-4.348363e-01
1.888482e+14	1.654576e-01	-6.301963e-01
1.888244e+14	1.703944e-01	-8.253886e-01
1.888006e+14	1.723445e-01	-1.020501e+00
1.887768e+14	1.710888e-01	-1.215662e+00
1.887530e+14	1.664881e-01	-1.411023e+00
1.887292e+14	1.584888e-01	-1.606747e+00
1.887054e+14	1.471283e-01	-1.802988e+00
1.886816e+14	1.325405e-01	-1.999887e+00
1.886578e+14	1.149606e-01	-2.197559e+00
1.886341e+14	9.472709e-02	-2.396118e+00
1.886103e+14	7.227909e-02	-2.595756e+00
1.885865e+14	4.814664e-02	-2.797121e+00
1.885628e+14	2.293392e-02	-3.004177e+00
1.885390e+14	2.732379e-03	7.600936e-02
1.885153e+14	2.811514e-02	-2.349438e-01
1.884916e+14	5.261792e-02	-4.397460e-01
1.884678e+14	7.561223e-02	-6.405121e-01
1.884441e+14	9.655728e-02	-8.397736e-01
1.884204e+14	1.150021e-01	-1.038044e+00
1.883967e+14	1.305955e-01	-1.235520e+00
1.883730e+14	1.430898e-01	-1.432346e+00
1.883493e+14	1.523383e-01	-1.628672e+00
1.883256e+14	1.582900e-01	-1.824667e+00
1.883019e+14	1.609826e-01	-2.020510e+00
1.882782e+14	1.605357e-01	-2.216384e+00
1.882545e+14	1.571436e-01	-2.412462e+00
1.882309e+14	1.510694e-01	-2.608899e+00
1.882072e+14	1.426374e-01	-2.805829e+00
1.881835e+14	1.322251e-01	-3.003359e+00
1.881599e+14	1.202524e-01	3.081603e+00
1.881362e+14	1.071684e-01	2.882599e+00
1.881126e+14	9.343606e-02	2.682708e+00
1.880890e+14	7.951401e-02	2.481770e+00
1.880653e+14	6.583850e-02	2.279513e+00
1.880417e+14	5.280559e-02	2.075455e+00
1.880181e+14	4.075559e-02	1.868709e+00
1.879945e+14	2.996080e-02	1.657549e+00
1.879709e+14	2.061745e-02	1.438272e+00
1.879473e+14	1.284327e-02	1.201423e+00
1.879237e+14	6.687127e-03	9.139822e-01
1.879001e+14	2.237882e-03	3.442189e-01
1.878765e+14	1.737721e-03	-1.764286e+00
1.878529e+14	3.514414e-03	-2.365380e+00
1.878294e+14	4.490972e-03	-2.664702e+00
1.878058e+14	4.791181e-03	-2.917897e+00
1.877822e+14	4.704864e-03	3.120973e+00
1.877587e+14	4.549217e-03	2.875342e+00
1.877351e+14	4.640152e-03	2.631788e+00
1.877116e+14	5.270768e-03	2.404007e+00
1.876881e+14	6.698306e-03	2.200387e+00
1.876645e+14	9.139821e-03	2.014233e+00
1.876410e+14	1.276304e-02	1.834363e+00
1.876175e+14	1.767356e-02	1.654184e+00
1.875940e+14	2.390670e-02	1.471500e+00
1.875705e+14	3.142441e-02	1.286126e+00
1.875470e+14	4.011570e-02	1.098499e+00
1.875235e+14	4.980011e-02	9.091444e-01
1.875000e+14	6.023427e-02	7.185241e-01
