("port 1","TE",1,"port 1",1,"modulation")
(1,1)
0.00057
(500,3)
2.000000e+14	4.655947e-03	3.033478e+00
1.999733e+14	3.723257e-03	2.917072e+00
1.999466e+14	1.812749e-03	-3.130195e+00
1.999199e+14	2.828504e-03	-1.454057e+00
1.998932e+14	8.261376e-03	-1.349646e+00
1.998665e+14	1.584669e-02	-1.488647e+00
1.998398e+14	2.548105e-02	-1.674008e+00
1.998131e+14	3.704180e-02	-1.875796e+00
1.997865e+14	5.028666e-02	-2.085195e+00
1.997598e+14	6.484971e-02	-2.298647e+00
1.997332e+14	8.025369e-02	-2.514401e+00
1.997065e+14	9.593178e-02	-2.731462e+00
1.996799e+14	1.112561e-01	-2.949210e+00
1.996532e+14	1.255702e-01	3.115952e+00
1.996266e+14	1.382220e-01	2.897917e+00
1.996000e+14	1.485947e-01	2.680020e+00
1.995734e+14	1.561321e-01	2.462313e+00
1.995468e+14	1.603593e-01	2.244760e+00
1.995202e+14	1.608982e-01	2.027261e+00
1.994936e+14	1.574793e-01	1.809666e+00
1.994670e+14	1.499534e-01	1.591810e+00
1.994404e+14	1.383026e-01	1.373547e+00
1.994139e+14	1.226517e-01	1.154791e+00
1.993873e+14	1.032796e-01	9.355841e-01
1.993608e+14	8.062495e-02	7.162258e-01
1.993342e+14	5.528384e-02	4.977389e-01
1.993077e+14	2.799534e-02	2.850744e-01
1.992812e+14	6.667225e-04	2.259160e+00
1.992546e+14	2.898058e-02	2.944461e+00
1.992281e+14	5.680856e-02	2.731307e+00
1.992016e+14	8.300766e-02	2.512600e+00
1.991751e+14	1.067831e-01	2.293039e+00
1.991486e+14	1.274705e-01	2.073634e+00
1.991221e+14	1.445568e-01	1.854688e+00
1.990956e+14	1.576886e-01	1.636240e+00
1.990691e+14	1.666693e-01	1.418183e+00
1.990427e+14	1.714511e-01	1.200329e+00
1.990162e+14	1.721245e-01	9.824512e-01
1.989898e+14	1.689086e-01	7.643116e-01
1.989633e+14	1.621414e-01	5.456936e-01
1.989369e+14	1.522703e-01	3.264173e-01
1.989104e+14	1.398390e-01	1.063483e-01
1.988840e+14	1.254698e-01	-1.146052e-01
1.988576e+14	1.098390e-01	-3.365076e-01
1.988312e+14	9.364542e-02	-5.594218e-01
1.988048e+14	7.757466e-02	-7.834457e-01
1.987784e+14	6.226132e-02	-1.008757e+00
1.987520e+14	4.825348e-02	-1.235658e+00
1.987256e+14	3.598284e-02	-1.464610e+00
1.986992e+14	2.574290e-02	-1.696167e+00
1.986729e+14	1.767608e-02	-1.930568e+00
1.986465e+14	1.176970e-02	-2.166214e+00
1.986201e+14	7.860914e-03	-2.395727e+00
1.985938e+14	5.652886e-03	-2.602251e+00
1.985674e+14	4.743253e-03	-2.773180e+00
1.985411e+14	4.644741e-03	-2.924614e+00
1.985148e+14	4.796968e-03	-3.076925e+00
1.984885e+14	4.608575e-03	3.062434e+00
1.984622e+14	3.530908e-03	2.991402e+00
1.984358e+14	1.570763e-03	-2.693330e+00
1.984095e+14	4.367071e-03	-1.315739e+00
1.983832e+14	1.120809e-02	-1.308950e+00
1.983570e+14	2.074787e-02	-1.457875e+00
1.983307e+14	3.297900e-02	-1.643938e+00
1.983044e+14	4.779773e-02	-1.844417e+00
1.982781e+14	6.493610e-02	-2.051915e+00
1.982519e+14	8.395770e-02	-2.263243e+00
1.982256e+14	1.042719e-01	-2.476735e+00
1.981994e+14	1.251620e-01	-2.691377e+00
1.981732e+14	1.458235e-01	-2.906486e+00
1.981469e+14	1.654099e-01	-3.121584e+00
1.981207e+14	1.830778e-01	2.946841e+00
1.980945e+14	1.980273e-01	2.732600e+00
1.980683e+14	2.095332e-01	2.518927e+00
1.980421e+14	2.169647e-01	2.305740e+00
1.980159e+14	2.197972e-01	2.092844e+00
1.979897e+14	2.176190e-01	1.879956e+00
1.979635e+14	2.101379e-01	1.666739e+00
1.979373e+14	1.971938e-01	1.452849e+00
1.979112e+14	1.787786e-01	1.237989e+00
1.978850e+14	1.550645e-01	1.021971e+00
1.978588e+14	1.264346e-01	8.048094e-01
1.978327e+14	9.350840e-02	5.869015e-01
1.978066e+14	5.715055e-02	3.698211e-01
1.977804e+14	1.845281e-02	1.670912e-01
1.977543e+14	2.134832e-02	3.035541e+00
1.977282e+14	6.087516e-02	2.829423e+00
1.977021e+14	9.882168e-02	2.611743e+00
1.976760e+14	1.339734e-01	2.393340e+00
1.976499e+14	1.653077e-01	2.175731e+00
1.976238e+14	1.920333e-01	1.959367e+00
1.975977e+14	2.135989e-01	1.744308e+00
1.975716e+14	2.296772e-01	1.530384e+00
1.975455e+14	2.401365e-01	1.317274e+00
1.975195e+14	2.450110e-01	1.104562e+00
1.974934e+14	2.444786e-01	8.917999e-01
1.974674e+14	2.388470e-01	6.785500e-01
1.974413e+14	2.285507e-01	4.644304e-01
1.974153e+14	2.141503e-01	2.491420e-01
1.973892e+14	1.963316e-01	3.248282e-02
1.973632e+14	1.758961e-01	-1.856548e-01
1.973372e+14	1.537374e-01	-4.053067e-01
1.973112e+14	1.308033e-01	-6.264792e-01
1.972852e+14	1.080436e-01	-8.492098e-01
1.972592e+14	8.635223e-02	-1.073646e+00
1.972332e+14	6.650901e-02	-1.300137e+00
1.972072e+14	4.913132e-02	-1.529342e+00
1.971812e+14	3.463862e-02	-1.762293e+00
1.971553e+14	2.323256e-02	-2.000211e+00
1.971293e+14	1.489100e-02	-2.243143e+00
1.971034e+14	9.373713e-03	-2.484700e+00
1.970774e+14	6.243278e-03	-2.701365e+00
1.970515e+14	4.914653e-03	-2.861915e+00
1.970255e+14	4.698420e-03	-2.981457e+00
1.969996e+14	4.792881e-03	-3.097170e+00
1.969737e+14	4.344976e-03	3.096509e+00
1.969478e+14	2.688765e-03	-3.034275e+00
1.969219e+14	2.941869e-03	-1.495519e+00
1.968960e+14	9.757942e-03	-1.206804e+00
1.968701e+14	2.052075e-02	-1.309620e+00
1.968442e+14	3.528235e-02	-1.479574e+00
1.968183e+14	5.414135e-02	-1.672372e+00
1.967924e+14	7.696245e-02	-1.875674e+00
1.967666e+14	1.033354e-01	-2.084593e+00
1.967407e+14	1.325724e-01	-2.296659e+00
1.967148e+14	1.637350e-01	-2.510345e+00
1.966890e+14	1.956909e-01	-2.724546e+00
1.966632e+14	2.271938e-01	-2.938397e+00
1.966373e+14	2.569741e-01	3.131962e+00
1.966115e+14	2.838220e-01	2.920627e+00
1.965857e+14	3.066468e-01	2.711024e+00
1.965599e+14	3.245056e-01	2.503146e+00
1.965341e+14	3.365997e-01	2.296735e+00
1.965083e+14	3.422500e-01	2.091304e+00
1.964825e+14	3.408634e-01	1.886171e+00
1.964567e+14	3.319059e-01	1.680513e+00
1.964309e+14	3.148975e-01	1.473436e+00
1.964051e+14	2.894404e-01	1.264066e+00
1.963794e+14	2.552932e-01	1.051658e+00
1.963536e+14	2.124913e-01	8.357434e-01
1.963279e+14	1.615016e-01	6.163239e-01
1.963021e+14	1.033726e-01	3.943220e-01
1.962764e+14	3.981817e-02	1.753906e-01
1.962507e+14	2.684794e-02	3.058649e+00
1.962249e+14	9.388879e-02	2.843698e+00
1.961992e+14	1.585522e-01	2.619535e+00
1.961735e+14	2.183829e-01	2.397087e+00
1.961478e+14	2.714990e-01	2.178153e+00
1.961221e+14	3.166818e-01	1.963365e+00
1.960964e+14	3.533163e-01	1.752692e+00
1.960707e+14	3.812429e-01	1.545629e+00
1.960450e+14	4.005903e-01	1.341330e+00
1.960194e+14	4.116346e-01	1.138746e+00
1.959937e+14	4.147090e-01	9.367392e-01
1.959681e+14	4.101630e-01	7.341717e-01
1.959424e+14	3.983687e-01	5.299932e-01
1.959168e+14	3.797630e-01	3.233090e-01
1.958911e+14	3.549141e-01	1.134409e-01
1.958655e+14	3.245955e-01	-1.000303e-01
1.958399e+14	2.898459e-01	-3.172504e-01
1.958143e+14	2.519889e-01	-5.381208e-01
1.957886e+14	2.125939e-01	-7.623818e-01
1.957630e+14	1.733713e-01	-9.897559e-01
1.957374e+14	1.360212e-01	-1.220147e+00
1.957119e+14	1.020658e-01	-1.453895e+00
1.956863e+14	7.270656e-02	-1.692105e+00
1.956607e+14	4.872638e-02	-1.937060e+00
1.956351e+14	3.044468e-02	-2.192540e+00
1.956096e+14	1.771025e-02	-2.462254e+00
1.955840e+14	9.912485e-03	-2.737264e+00
1.955585e+14	6.023952e-03	-2.956451e+00
1.955329e+14	4.787837e-03	-3.037532e+00
1.955074e+14	4.794272e-03	-3.054368e+00
1.954818e+14	4.345649e-03	-3.022494e+00
1.954563e+14	2.732603e-03	-2.315999e+00
1.954308e+14	8.039832e-03	-1.183261e+00
1.954053e+14	2.186304e-02	-1.151463e+00
1.953798e+14	4.386286e-02	-1.293302e+00
1.953543e+14	7.507992e-02	-1.482341e+00
1.953288e+14	1.161204e-01	-1.691868e+00
1.953033e+14	1.668135e-01	-1.912737e+00
1.952779e+14	2.259890e-01	-2.140421e+00
1.952524e+14	2.913974e-01	-2.371647e+00
1.952269e+14	3.598856e-01	-2.603347e+00
1.952015e+14	4.278623e-01	-2.832478e+00
1.951760e+14	4.919296e-01	-3.056251e+00
1.951506e+14	5.494328e-01	3.010712e+00
1.951251e+14	5.987220e-01	2.803375e+00
1.950997e+14	6.390852e-01	2.605321e+00
1.950743e+14	6.704649e-01	2.416084e+00
1.950489e+14	6.931066e-01	2.234482e+00
1.950234e+14	7.072318e-01	2.058745e+00
1.949980e+14	7.127556e-01	1.886573e+00
1.949726e+14	7.090108e-01	1.715089e+00
1.949473e+14	6.944051e-01	1.540660e+00
1.949219e+14	6.659072e-01	1.358565e+00
1.948965e+14	6.182454e-01	1.162497e+00
1.948711e+14	5.428034e-01	9.440340e-01
1.948458e+14	4.268753e-01	6.927033e-01
1.948204e+14	2.562891e-01	3.988114e-01
1.947951e+14	2.796690e-02	7.547903e-02
1.947697e+14	2.297581e-01	2.834624e+00
1.947444e+14	4.631909e-01	2.486536e+00
1.947190e+14	6.370624e-01	2.181503e+00
1.946937e+14	7.522252e-01	1.927247e+00
1.946684e+14	8.252989e-01	1.716484e+00
1.946431e+14	8.717288e-01	1.538627e+00
1.946178e+14	9.018336e-01	1.384630e+00
1.945925e+14	9.218426e-01	1.247788e+00
1.945672e+14	9.354346e-01	1.123314e+00
1.945419e+14	9.447992e-01	1.007775e+00
1.945166e+14	9.512624e-01	8.986391e-01
1.944914e+14	9.556381e-01	7.939739e-01
1.944661e+14	9.584255e-01	6.922273e-01
1.944408e+14	9.599195e-01	5.920829e-01
1.944156e+14	9.602714e-01	4.923504e-01
1.943903e+14	9.595183e-01	3.918797e-01
1.943651e+14	9.575914e-01	2.894829e-01
1.943399e+14	9.543050e-01	1.838558e-01
1.943146e+14	9.493249e-01	7.348776e-02
1.942894e+14	9.421074e-01	-4.344866e-02
1.942642e+14	9.317972e-01	-1.692407e-01
1.942390e+14	9.170596e-01	-3.068200e-01
1.942138e+14	8.958196e-01	-4.599906e-01
1.941886e+14	8.648920e-01	-6.336674e-01
1.941634e+14	8.195763e-01	-8.340068e-01
1.941382e+14	7.535984e-01	-1.068138e+00
1.941131e+14	6.604693e-01	-1.343061e+00
1.940879e+14	5.378742e-01	-1.663943e+00
1.940627e+14	3.945036e-01	-2.035369e+00
1.940376e+14	2.526564e-01	-2.476460e+00
1.940124e+14	1.413351e-01	-3.068470e+00
1.939873e+14	8.654138e-02	2.355023e+00
1.939622e+14	7.903098e-02	1.664711e+00
1.939370e+14	8.099117e-02	1.579093e+00
1.939119e+14	1.146314e-01	1.876087e+00
1.938868e+14	2.081558e-01	1.944734e+00
1.938617e+14	3.421783e-01	1.790416e+00
1.938366e+14	4.876661e-01	1.553409e+00
1.938115e+14	6.190178e-01	1.299696e+00
1.937864e+14	7.226102e-01	1.059602e+00
1.937613e+14	7.975823e-01	8.444472e-01
1.937362e+14	8.495538e-01	6.552684e-01
1.937112e+14	8.850942e-01	4.887927e-01
1.936861e+14	9.094663e-01	3.407150e-01
1.936611e+14	9.263399e-01	2.070385e-01
1.936360e+14	9.381342e-01	8.444222e-02
1.936110e+14	9.464129e-01	-2.973015e-02
1.935859e+14	9.521813e-01	-1.375934e-01
1.935609e+14	9.560828e-01	-2.408548e-01
1.935359e+14	9.585211e-01	-3.409311e-01
1.935109e+14	9.597342e-01	-4.390438e-01
1.934858e+14	9.598358e-01	-5.362983e-01
1.934608e+14	9.588337e-01	-6.337537e-01
1.934358e+14	9.566309e-01	-7.324900e-01
1.934109e+14	9.530062e-01	-8.336814e-01
1.933859e+14	9.475718e-01	-9.386853e-01
1.933609e+14	9.396928e-01	-1.049161e+00
1.933359e+14	9.283440e-01	-1.167235e+00
1.933110e+14	9.118568e-01	-1.295748e+00
1.932860e+14	8.874725e-01	-1.438599e+00
1.932610e+14	8.505702e-01	-1.601234e+00
1.932361e+14	7.934406e-01	-1.791146e+00
1.932112e+14	7.038693e-01	-2.017919e+00
1.931862e+14	5.656120e-01	-2.291122e+00
1.931613e+14	3.669776e-01	-2.613138e+00
1.931364e+14	1.212930e-01	-2.969055e+00
1.931115e+14	1.254557e-01	-1.719245e-01
1.930865e+14	3.284195e-01	-4.908093e-01
1.930616e+14	4.743006e-01	-7.641446e-01
1.930368e+14	5.722321e-01	-9.989405e-01
1.930119e+14	6.358636e-01	-1.205633e+00
1.929870e+14	6.759142e-01	-1.393672e+00
1.929621e+14	6.993948e-01	-1.570377e+00
1.929372e+14	7.105528e-01	-1.741226e+00
1.929124e+14	7.118126e-01	-1.910369e+00
1.928875e+14	7.044212e-01	-2.081049e+00
1.928627e+14	6.888637e-01	-2.255872e+00
1.928378e+14	6.651511e-01	-2.436943e+00
1.928130e+14	6.330649e-01	-2.625895e+00
1.927882e+14	5.924147e-01	-2.823836e+00
1.927633e+14	5.433349e-01	-3.031241e+00
1.927385e+14	4.865916e-01	3.035332e+00
1.927137e+14	4.238154e-01	2.810521e+00
1.926889e+14	3.575313e-01	2.579123e+00
1.926641e+14	2.909045e-01	2.343019e+00
1.926393e+14	2.272461e-01	2.103878e+00
1.926145e+14	1.694611e-01	1.862615e+00
1.925897e+14	1.196420e-01	1.618799e+00
1.925650e+14	7.891199e-02	1.369736e+00
1.925402e+14	4.748844e-02	1.108075e+00
1.925154e+14	2.487179e-02	8.129274e-01
1.924907e+14	1.011504e-02	3.997447e-01
1.924659e+14	2.882034e-03	-7.893837e-01
1.924412e+14	3.938212e-03	-2.314039e+00
1.924165e+14	4.766521e-03	-2.837548e+00
1.923917e+14	4.737024e-03	3.023592e+00
1.923670e+14	5.390778e-03	2.637400e+00
1.923423e+14	8.082786e-03	2.381147e+00
1.923176e+14	1.397935e-02	2.213788e+00
1.922929e+14	2.412510e-02	2.054297e+00
1.922682e+14	3.923937e-02	1.880214e+00
1.922435e+14	5.964527e-02	1.692871e+00
1.922188e+14	8.525936e-02	1.496513e+00
1.921941e+14	1.155905e-01	1.294407e+00
1.921694e+14	1.497605e-01	1.088837e+00
1.921448e+14	1.865616e-01	8.814967e-01
1.921201e+14	2.245555e-01	6.737464e-01
1.920955e+14	2.622037e-01	4.667096e-01
1.920708e+14	2.980054e-01	2.612829e-01
1.920462e+14	3.306147e-01	5.810410e-02
1.920215e+14	3.589124e-01	-1.424803e-01
1.919969e+14	3.820266e-01	-3.404287e-01
1.919723e+14	3.993077e-01	-5.359922e-01
1.919477e+14	4.102758e-01	-7.296795e-01
1.919231e+14	4.145595e-01	-9.222079e-01
1.918985e+14	4.118415e-01	-1.114445e+00
1.918739e+14	4.018243e-01	-1.307347e+00
1.918493e+14	3.842245e-01	-1.501888e+00
1.918247e+14	3.588019e-01	-1.698988e+00
1.918001e+14	3.254274e-01	-1.899422e+00
1.917756e+14	2.841896e-01	-2.103734e+00
1.917510e+14	2.355259e-01	-2.312150e+00
1.917264e+14	1.803483e-01	-2.524547e+00
1.917019e+14	1.201148e-01	-2.740596e+00
1.916773e+14	5.679937e-02	-2.961150e+00
1.916528e+14	7.282409e-03	2.204865e-02
1.916283e+14	6.967874e-02	-2.420191e-01
1.916037e+14	1.281997e-01	-4.595869e-01
1.915792e+14	1.810499e-01	-6.726664e-01
1.915547e+14	2.269859e-01	-8.819430e-01
1.915302e+14	2.652998e-01	-1.087588e+00
1.915057e+14	2.957263e-01	-1.289967e+00
1.914812e+14	3.183180e-01	-1.489665e+00
1.914567e+14	3.333278e-01	-1.687424e+00
1.914322e+14	3.411214e-01	-1.884057e+00
1.914077e+14	3.421252e-01	-2.080378e+00
1.913833e+14	3.368073e-01	-2.277142e+00
1.913588e+14	3.256820e-01	-2.474996e+00
1.913344e+14	3.093309e-01	-2.674447e+00
1.913099e+14	2.884279e-01	-2.875839e+00
1.912855e+14	2.637591e-01	-3.079352e+00
1.912610e+14	2.362286e-01	2.998169e+00
1.912366e+14	2.068414e-01	2.790435e+00
1.912122e+14	1.766641e-01	2.580761e+00
1.911877e+14	1.467662e-01	2.369240e+00
1.911633e+14	1.181526e-01	2.155813e+00
1.911389e+14	9.169814e-02	1.940097e+00
1.911145e+14	6.809657e-02	1.721108e+00
1.910901e+14	4.782882e-02	1.496649e+00
1.910657e+14	3.115266e-02	1.261717e+00
1.910413e+14	1.811309e-02	1.003045e+00
1.910170e+14	8.584561e-03	6.718496e-01
1.909926e+14	2.576431e-03	-1.009172e-01
1.909682e+14	2.668522e-03	-2.016571e+00
1.909439e+14	4.266337e-03	-2.569142e+00
1.909195e+14	4.765522e-03	-2.900680e+00
1.908952e+14	4.713094e-03	3.078030e+00
1.908708e+14	4.816206e-03	2.776824e+00
1.908465e+14	5.747373e-03	2.508728e+00
1.908222e+14	8.090826e-03	2.296378e+00
1.907979e+14	1.235718e-02	2.116184e+00
1.907735e+14	1.896020e-02	1.941077e+00
1.907492e+14	2.817070e-02	1.761012e+00
1.907249e+14	4.009506e-02	1.574877e+00
1.907006e+14	5.466848e-02	1.383876e+00
1.906763e+14	7.165566e-02	1.189383e+00
1.906521e+14	9.065940e-02	9.925062e-01
1.906278e+14	1.111389e-01	7.940979e-01
1.906035e+14	1.324380e-01	5.948212e-01
1.905792e+14	1.538217e-01	3.952028e-01
1.905550e+14	1.745178e-01	1.956573e-01
1.905307e+14	1.937586e-01	-3.505865e-03
1.905065e+14	2.108169e-01	-2.020855e-01
1.904822e+14	2.250347e-01	-3.999930e-01
1.904580e+14	2.358399e-01	-5.972519e-01
1.904338e+14	2.427552e-01	-7.939915e-01
1.904096e+14	2.453992e-01	-9.904316e-01
1.903853e+14	2.434860e-01	-1.186861e+00
1.903611e+14	2.368253e-01	-1.383610e+00
1.903369e+14	2.253273e-01	-1.581017e+00
1.903127e+14	2.090145e-01	-1.779397e+00
1.902885e+14	1.880386e-01	-1.979013e+00
1.902644e+14	1.627005e-01	-2.180046e+00
1.902402e+14	1.334685e-01	-2.382604e+00
1.902160e+14	1.009867e-01	-2.586777e+00
1.901918e+14	6.606771e-02	-2.792965e+00
1.901677e+14	2.966428e-02	-3.004616e+00
1.901435e+14	7.195026e-03	-5.994418e-03
1.901194e+14	4.341225e-02	-2.528095e-01
1.900952e+14	7.799086e-02	-4.609274e-01
1.900711e+14	1.100091e-01	-6.658031e-01
1.900470e+14	1.387032e-01	-8.688914e-01
1.900228e+14	1.634852e-01	-1.070489e+00
1.899987e+14	1.839459e-01	-1.270770e+00
1.899746e+14	1.998429e-01	-1.469944e+00
1.899505e+14	2.110811e-01	-1.668279e+00
1.899264e+14	2.176912e-01	-1.866086e+00
1.899023e+14	2.198112e-01	-2.063692e+00
1.898782e+14	2.176728e-01	-2.261422e+00
1.898542e+14	2.115929e-01	-2.459569e+00
1.898301e+14	2.019684e-01	-2.658378e+00
1.898060e+14	1.892718e-01	-2.858039e+00
1.897819e+14	1.740445e-01	-3.058684e+00
1.897579e+14	1.568861e-01	3.022790e+00
1.897338e+14	1.384362e-01	2.819956e+00
1.897098e+14	1.193517e-01	2.615936e+00
1.896858e+14	1.002783e-01	2.410610e+00
1.896617e+14	8.182124e-02	2.203725e+00
1.896377e+14	6.451629e-02	1.994768e+00
1.896137e+14	4.880657e-02	1.782722e+00
1.895897e+14	3.502537e-02	1.565529e+00
1.895657e+14	2.338717e-02	1.338628e+00
1.895417e+14	1.398839e-02	1.089934e+00
1.895177e+14	6.828627e-03	7.743308e-01
1.894937e+14	2.037417e-03	2.576732e-02
1.894697e+14	2.297382e-03	-1.970069e+00
1.894457e+14	3.960934e-03	-2.486415e+00
1.894217e+14	4.683757e-03	-2.788553e+00
1.893978e+14	4.765691e-03	-3.056655e+00
1.893738e+14	4.640315e-03	2.961067e+00
1.893499e+14	4.753591e-03	2.697838e+00
1.893259e+14	5.522004e-03	2.456181e+00
1.893020e+14	7.311122e-03	2.248355e+00
1.892780e+14	1.043377e-02	2.062896e+00
1.892541e+14	1.513642e-02	1.883684e+00
1.892302e+14	2.157762e-02	1.702752e+00
1.892063e+14	2.981552e-02	1.518121e+00
1.891824e+14	3.980335e-02	1.330039e+00
1.891585e+14	5.138999e-02	1.139259e+00
1.891346e+14	6.432496e-02	9.465089e-01
1.891107e+14	7.826837e-02	7.523815e-01
1.890868e+14	9.280556e-02	5.573433e-01
1.890629e+14	1.074661e-01	3.617593e-01
1.890390e+14	1.217453e-01	1.659135e-01
1.890152e+14	1.351276e-01	-2.998032e-02
1.889913e+14	1.471082e-01	-2.257740e-01
1.889674e+14	1.572133e-01	-4.213831e-01
1.889436e+14	1.650159e-01	-6.167847e-01
1.889197e+14	1.701484e-01	-8.120138e-01
1.888959e+14	1.723113e-01	-1.007156e+00
1.888721e+14	1.712800e-01	-1.202336e+00
1.888482e+14	1.669097e-01	-1.397705e+00
1.888244e+14	1.591407e-01	-1.593425e+00
1.888006e+14	1.480040e-01	-1.789654e+00
1.887768e+14	1.336269e-01	-1.986531e+00
1.887530e+14	1.162376e-01	-2.184173e+00
1.887292e+14	9.616795e-02	-2.382693e+00
1.887054e+14	7.385051e-02	-2.582274e+00
1.886816e+14	4.980990e-02	-2.783498e+00
1.886578e+14	2.464621e-02	-2.989765e+00
1.886341e+14	1.049934e-03	2.915093e-01
1.886103e+14	2.643885e-02	-2.208984e-01
1.885865e+14	5.102448e-02	-4.262972e-01
1.885628e+14	7.414013e-02	-6.272287e-01
1.885390e+14	9.523933e-02	-8.265922e-01
1.885153e+14	1.138645e-01	-1.024946e+00
1.884916e+14	1.296577e-01	-1.222495e+00
1.884678e+14	1.423641e-01	-1.419385e+00
1.884441e+14	1.518305e-01	-1.615765e+00
1.884204e+14	1.579998e-01	-1.811801e+00
1.883967e+14	1.609040e-01	-2.007673e+00
1.883730e+14	1.606577e-01	-2.203564e+00
1.883493e+14	1.574505e-01	-2.399649e+00
1.883256e+14	1.515413e-01	-2.596083e+00
1.883019e+14	1.432509e-01	-2.793000e+00
1.882782e+14	1.329535e-01	-2.990513e+00
1.882545e+14	1.210670e-01	3.094473e+00
1.882309e+14	1.080393e-01	2.895500e+00
1.882072e+14	9.433303e-02	2.695648e+00
1.881835e+14	8.040786e-02	2.494763e+00
1.881599e+14	6.670221e-02	2.292584e+00
1.881362e+14	5.361538e-02	2.088645e+00
1.881126e+14	4.149182e-02	1.882096e+00
1.880890e+14	3.060857e-02	1.671290e+00
1.880653e+14	2.116695e-02	1.452718e+00
1.880417e+14	1.328966e-02	1.217547e+00
1.880181e+14	7.029015e-03	9.357436e-01
1.879945e+14	2.457069e-03	4.101151e-01
1.879709e+14	1.614526e-03	-1.684143e+00
1.879473e+14	3.424513e-03	-2.342865e+00
1.879237e+14	4.452023e-03	-2.648141e+00
1.879001e+14	4.786870e-03	-2.902596e+00
1.878765e+14	4.715633e-03	3.136198e+00
1.878529e+14	4.554924e-03	2.890724e+00
1.878294e+14	4.621532e-03	2.646727e+00
1.878058e+14	5.210622e-03	2.417583e+00
1.877822e+14	6.581944e-03	2.212518e+00
1.877587e+14	8.955333e-03	2.025599e+00
1.877351e+14	1.250203e-02	1.845549e+00
1.877116e+14	1.733182e-02	1.665445e+00
1.876881e+14	2.348452e-02	1.482892e+00
1.876645e+14	3.092660e-02	1.297637e+00
1.876410e+14	3.955145e-02	1.110098e+00
1.876175e+14	4.918265e-02	9.208030e-01
1.875940e+14	5.958035e-02	7.302174e-01
1.875705e+14	7.045059e-02	5.387181e-01
1.875470e+14	8.145723e-02	3.466016e-01
1.875235e+14	9.223590e-02	1.540977e-01
1.875000e+14	1.024090e-01	-3.861904e-02
("port 1","TE",1,"port 2",1,"modulation")
(1,1)
0.00057
(500,3)
2.000000e+14	4.655947e-03	3.033478e+00
1.999733e+14	3.723257e-03	2.917072e+00
1.999466e+14	1.812749e-03	-3.130195e+00
1.999199e+14	2.828504e-03	-1.454057e+00
1.998932e+14	8.261376e-03	-1.349646e+00
1.998665e+14	1.584669e-02	-1.488647e+00
1.998398e+14	2.548105e-02	-1.674008e+00
1.998131e+14	3.704180e-02	-1.875796e+00
1.997865e+14	5.028666e-02	-2.085195e+00
1.997598e+14	6.484971e-02	-2.298647e+00
1.997332e+14	8.025369e-02	-2.514401e+00
1.997065e+14	9.593178e-02	-2.731462e+00
1.996799e+14	1.112561e-01	-2.949210e+00
1.996532e+14	1.255702e-01	3.115952e+00
1.996266e+14	1.382220e-01	2.897917e+00
1.996000e+14	1.485947e-01	2.680020e+00
1.995734e+14	1.561321e-01	2.462313e+00
1.995468e+14	1.603593e-01	2.244760e+00
1.995202e+14	1.608982e-01	2.027261e+00
1.994936e+14	1.574793e-01	1.809666e+00
1.994670e+14	1.499534e-01	1.591810e+00
1.994404e+14	1.383026e-01	1.373547e+00
1.994139e+14	1.226517e-01	1.154791e+00
1.993873e+14	1.032796e-01	9.355841e-01
1.993608e+14	8.062495e-02	7.162258e-01
1.993342e+14	5.528384e-02	4.977389e-01
1.993077e+14	2.799534e-02	2.850744e-01
1.992812e+14	6.667225e-04	2.259160e+00
1.992546e+14	2.898058e-02	2.944461e+00
1.992281e+14	5.680856e-02	2.731307e+00
1.992016e+14	8.300766e-02	2.512600e+00
1.991751e+14	1.067831e-01	2.293039e+00
1.991486e+14	1.274705e-01	2.073634e+00
1.991221e+14	1.445568e-01	1.854688e+00
1.990956e+14	1.576886e-01	1.636240e+00
1.990691e+14	1.666693e-01	1.418183e+00
1.990427e+14	1.714511e-01	1.200329e+00
1.990162e+14	1.721245e-01	9.824512e-01
1.989898e+14	1.689086e-01	7.643116e-01
1.989633e+14	1.621414e-01	5.456936e-01
1.989369e+14	1.522703e-01	3.264173e-01
1.989104e+14	1.398390e-01	1.063483e-01
1.988840e+14	1.254698e-01	-1.146052e-01
1.988576e+14	1.098390e-01	-3.365076e-01
1.988312e+14	9.364542e-02	-5.594218e-01
1.988048e+14	7.757466e-02	-7.834457e-01
1.987784e+14	6.226132e-02	-1.008757e+00
1.987520e+14	4.825348e-02	-1.235658e+00
1.987256e+14	3.598284e-02	-1.464610e+00
1.986992e+14	2.574290e-02	-1.696167e+00
1.986729e+14	1.767608e-02	-1.930568e+00
1.986465e+14	1.176970e-02	-2.166214e+00
1.986201e+14	7.860914e-03	-2.395727e+00
1.985938e+14	5.652886e-03	-2.602251e+00
1.985674e+14	4.743253e-03	-2.773180e+00
1.985411e+14	4.644741e-03	-2.924614e+00
1.985148e+14	4.796968e-03	-3.076925e+00
1.984885e+14	4.608575e-03	3.062434e+00
1.984622e+14	3.530908e-03	2.991402e+00
1.984358e+14	1.570763e-03	-2.693330e+00
1.984095e+14	4.367071e-03	-1.315739e+00
1.983832e+14	1.120809e-02	-1.308950e+00
1.983570e+14	2.074787e-02	-1.457875e+00
1.983307e+14	3.297900e-02	-1.643938e+00
1.983044e+14	4.779773e-02	-1.844417e+00
1.982781e+14	6.493610e-02	-2.051915e+00
1.982519e+14	8.395770e-02	-2.263243e+00
1.982256e+14	1.042719e-01	-2.476735e+00
1.981994e+14	1.251620e-01	-2.691377e+00
1.981732e+14	1.458235e-01	-2.906486e+00
1.981469e+14	1.654099e-01	-3.121584e+00
1.981207e+14	1.830778e-01	2.946841e+00
1.980945e+14	1.980273e-01	2.732600e+00
1.980683e+14	2.095332e-01	2.518927e+00
1.980421e+14	2.169647e-01	2.305740e+00
1.980159e+14	2.197972e-01	2.092844e+00
1.979897e+14	2.176190e-01	1.879956e+00
1.979635e+14	2.101379e-01	1.666739e+00
1.979373e+14	1.971938e-01	1.452849e+00
1.979112e+14	1.787786e-01	1.237989e+00
1.978850e+14	1.550645e-01	1.021971e+00
1.978588e+14	1.264346e-01	8.048094e-01
1.978327e+14	9.350840e-02	5.869015e-01
1.978066e+14	5.715055e-02	3.698211e-01
1.977804e+14	1.845281e-02	1.670912e-01
1.977543e+14	2.134832e-02	3.035541e+00
1.977282e+14	6.087516e-02	2.829423e+00
1.977021e+14	9.882168e-02	2.611743e+00
1.976760e+14	1.339734e-01	2.393340e+00
1.976499e+14	1.653077e-01	2.175731e+00
1.976238e+14	1.920333e-01	1.959367e+00
1.975977e+14	2.135989e-01	1.744308e+00
1.975716e+14	2.296772e-01	1.530384e+00
1.975455e+14	2.401365e-01	1.317274e+00
1.975195e+14	2.450110e-01	1.104562e+00
1.974934e+14	2.444786e-01	8.917999e-01
1.974674e+14	2.388470e-01	6.785500e-01
1.974413e+14	2.285507e-01	4.644304e-01
1.974153e+14	2.141503e-01	2.491420e-01
1.973892e+14	1.963316e-01	3.248282e-02
1.973632e+14	1.758961e-01	-1.856548e-01
1.973372e+14	1.537374e-01	-4.053067e-01
1.973112e+14	1.308033e-01	-6.264792e-01
1.972852e+14	1.080436e-01	-8.492098e-01
1.972592e+14	8.635223e-02	-1.073646e+00
1.972332e+14	6.650901e-02	-1.300137e+00
1.972072e+14	4.913132e-02	-1.529342e+00
1.971812e+14	3.463862e-02	-1.762293e+00
1.971553e+14	2.323256e-02	-2.000211e+00
1.971293e+14	1.489100e-02	-2.243143e+00
1.971034e+14	9.373713e-03	-2.484700e+00
1.970774e+14	6.243278e-03	-2.701365e+00
1.970515e+14	4.914653e-03	-2.861915e+00
1.970255e+14	4.698420e-03	-2.981457e+00
1.969996e+14	4.792881e-03	-3.097170e+00
1.969737e+14	4.344976e-03	3.096509e+00
1.969478e+14	2.688765e-03	-3.034275e+00
1.969219e+14	2.941869e-03	-1.495519e+00
1.968960e+14	9.757942e-03	-1.206804e+00
1.968701e+14	2.052075e-02	-1.309620e+00
1.968442e+14	3.528235e-02	-1.479574e+00
1.968183e+14	5.414135e-02	-1.672372e+00
1.967924e+14	7.696245e-02	-1.875674e+00
1.967666e+14	1.033354e-01	-2.084593e+00
1.967407e+14	1.325724e-01	-2.296659e+00
1.967148e+14	1.637350e-01	-2.510345e+00
1.966890e+14	1.956909e-01	-2.724546e+00
1.966632e+14	2.271938e-01	-2.938397e+00
1.966373e+14	2.569741e-01	3.131962e+00
1.966115e+14	2.838220e-01	2.920627e+00
1.965857e+14	3.066468e-01	2.711024e+00
1.965599e+14	3.245056e-01	2.503146e+00
1.965341e+14	3.365997e-01	2.296735e+00
1.965083e+14	3.422500e-01	2.091304e+00
1.964825e+14	3.408634e-01	1.886171e+00
1.964567e+14	3.319059e-01	1.680513e+00
1.964309e+14	3.148975e-01	1.473436e+00
1.964051e+14	2.894404e-01	1.264066e+00
1.963794e+14	2.552932e-01	1.051658e+00
1.963536e+14	2.124913e-01	8.357434e-01
1.963279e+14	1.615016e-01	6.163239e-01
1.963021e+14	1.033726e-01	3.943220e-01
1.962764e+14	3.981817e-02	1.753906e-01
1.962507e+14	2.684794e-02	3.058649e+00
1.962249e+14	9.388879e-02	2.843698e+00
1.961992e+14	1.585522e-01	2.619535e+00
1.961735e+14	2.183829e-01	2.397087e+00
1.961478e+14	2.714990e-01	2.178153e+00
1.961221e+14	3.166818e-01	1.963365e+00
1.960964e+14	3.533163e-01	1.752692e+00
1.960707e+14	3.812429e-01	1.545629e+00
1.960450e+14	4.005903e-01	1.341330e+00
1.960194e+14	4.116346e-01	1.138746e+00
1.959937e+14	4.147090e-01	9.367392e-01
1.959681e+14	4.101630e-01	7.341717e-01
1.959424e+14	3.983687e-01	5.299932e-01
1.959168e+14	3.797630e-01	3.233090e-01
1.958911e+14	3.549141e-01	1.134409e-01
1.958655e+14	3.245955e-01	-1.000303e-01
1.958399e+14	2.898459e-01	-3.172504e-01
1.958143e+14	2.519889e-01	-5.381208e-01
1.957886e+14	2.125939e-01	-7.623818e-01
1.957630e+14	1.733713e-01	-9.897559e-01
1.957374e+14	1.360212e-01	-1.220147e+00
1.957119e+14	1.020658e-01	-1.453895e+00
1.956863e+14	7.270656e-02	-1.692105e+00
1.956607e+14	4.872638e-02	-1.937060e+00
1.956351e+14	3.044468e-02	-2.192540e+00
1.956096e+14	1.771025e-02	-2.462254e+00
1.955840e+14	9.912485e-03	-2.737264e+00
1.955585e+14	6.023952e-03	-2.956451e+00
1.955329e+14	4.787837e-03	-3.037532e+00
1.955074e+14	4.794272e-03	-3.054368e+00
1.954818e+14	4.345649e-03	-3.022494e+00
1.954563e+14	2.732603e-03	-2.315999e+00
1.954308e+14	8.039832e-03	-1.183261e+00
1.954053e+14	2.186304e-02	-1.151463e+00
1.953798e+14	4.386286e-02	-1.293302e+00
1.953543e+14	7.507992e-02	-1.482341e+00
1.953288e+14	1.161204e-01	-1.691868e+00
1.953033e+14	1.668135e-01	-1.912737e+00
1.952779e+14	2.259890e-01	-2.140421e+00
1.952524e+14	2.913974e-01	-2.371647e+00
1.952269e+14	3.598856e-01	-2.603347e+00
1.952015e+14	4.278623e-01	-2.832478e+00
1.951760e+14	4.919296e-01	-3.056251e+00
1.951506e+14	5.494328e-01	3.010712e+00
1.951251e+14	5.987220e-01	2.803375e+00
1.950997e+14	6.390852e-01	2.605321e+00
1.950743e+14	6.704649e-01	2.416084e+00
1.950489e+14	6.931066e-01	2.234482e+00
1.950234e+14	7.072318e-01	2.058745e+00
1.949980e+14	7.127556e-01	1.886573e+00
1.949726e+14	7.090108e-01	1.715089e+00
1.949473e+14	6.944051e-01	1.540660e+00
1.949219e+14	6.659072e-01	1.358565e+00
1.948965e+14	6.182454e-01	1.162497e+00
1.948711e+14	5.428034e-01	9.440340e-01
1.948458e+14	4.268753e-01	6.927033e-01
1.948204e+14	2.562891e-01	3.988114e-01
1.947951e+14	2.796690e-02	7.547903e-02
1.947697e+14	2.297581e-01	2.834624e+00
1.947444e+14	4.631909e-01	2.486536e+00
1.947190e+14	6.370624e-01	2.181503e+00
1.946937e+14	7.522252e-01	1.927247e+00
1.946684e+14	8.252989e-01	1.716484e+00
1.946431e+14	8.717288e-01	1.538627e+00
1.946178e+14	9.018336e-01	1.384630e+00
1.945925e+14	9.218426e-01	1.247788e+00
1.945672e+14	9.354346e-01	1.123314e+00
1.945419e+14	9.447992e-01	1.007775e+00
1.945166e+14	9.512624e-01	8.986391e-01
1.944914e+14	9.556381e-01	7.939739e-01
1.944661e+14	9.584255e-01	6.922273e-01
1.944408e+14	9.599195e-01	5.920829e-01
1.944156e+14	9.602714e-01	4.923504e-01
1.943903e+14	9.595183e-01	3.918797e-01
1.943651e+14	9.575914e-01	2.894829e-01
1.943399e+14	9.543050e-01	1.838558e-01
1.943146e+14	9.493249e-01	7.348776e-02
1.942894e+14	9.421074e-01	-4.344866e-02
1.942642e+14	9.317972e-01	-1.692407e-01
1.942390e+14	9.170596e-01	-3.068200e-01
1.942138e+14	8.958196e-01	-4.599906e-01
1.941886e+14	8.648920e-01	-6.336674e-01
1.941634e+14	8.195763e-01	-8.340068e-01
1.941382e+14	7.535984e-01	-1.068138e+00
1.941131e+14	6.604693e-01	-1.343061e+00
1.940879e+14	5.378742e-01	-1.663943e+00
1.940627e+14	3.945036e-01	-2.035369e+00
1.940376e+14	2.526564e-01	-2.476460e+00
1.940124e+14	1.413351e-01	-3.068470e+00
1.939873e+14	8.654138e-02	2.355023e+00
1.939622e+14	7.903098e-02	1.664711e+00
1.939370e+14	8.099117e-02	1.579093e+00
1.939119e+14	1.146314e-01	1.876087e+00
1.938868e+14	2.081558e-01	1.944734e+00
1.938617e+14	3.421783e-01	1.790416e+00
1.938366e+14	4.876661e-01	1.553409e+00
1.938115e+14	6.190178e-01	1.299696e+00
1.937864e+14	7.226102e-01	1.059602e+00
1.937613e+14	7.975823e-01	8.444472e-01
1.937362e+14	8.495538e-01	6.552684e-01
1.937112e+14	8.850942e-01	4.887927e-01
1.936861e+14	9.094663e-01	3.407150e-01
1.936611e+14	9.263399e-01	2.070385e-01
1.936360e+14	9.381342e-01	8.444222e-02
1.936110e+14	9.464129e-01	-2.973015e-02
1.935859e+14	9.521813e-01	-1.375934e-01
1.935609e+14	9.560828e-01	-2.408548e-01
1.935359e+14	9.585211e-01	-3.409311e-01
1.935109e+14	9.597342e-01	-4.390438e-01
1.934858e+14	9.598358e-01	-5.362983e-01
1.934608e+14	9.588337e-01	-6.337537e-01
1.934358e+14	9.566309e-01	-7.324900e-01
1.934109e+14	9.530062e-01	-8.336814e-01
1.933859e+14	9.475718e-01	-9.386853e-01
1.933609e+14	9.396928e-01	-1.049161e+00
1.933359e+14	9.283440e-01	-1.167235e+00
1.933110e+14	9.118568e-01	-1.295748e+00
1.932860e+14	8.874725e-01	-1.438599e+00
1.932610e+14	8.505702e-01	-1.601234e+00
1.932361e+14	7.934406e-01	-1.791146e+00
1.932112e+14	7.038693e-01	-2.017919e+00
1.931862e+14	5.656120e-01	-2.291122e+00
1.931613e+14	3.669776e-01	-2.613138e+00
1.931364e+14	1.212930e-01	-2.969055e+00
1.931115e+14	1.254557e-01	-1.719245e-01
1.930865e+14	3.284195e-01	-4.908093e-01
1.930616e+14	4.743006e-01	-7.641446e-01
1.930368e+14	5.722321e-01	-9.989405e-01
1.930119e+14	6.358636e-01	-1.205633e+00
1.929870e+14	6.759142e-01	-1.393672e+00
1.929621e+14	6.993948e-01	-1.570377e+00
1.929372e+14	7.105528e-01	-1.741226e+00
1.929124e+14	7.118126e-01	-1.910369e+00
1.928875e+14	7.044212e-01	-2.081049e+00
1.928627e+14	6.888637e-01	-2.255872e+00
1.928378e+14	6.651511e-01	-2.436943e+00
1.928130e+14	6.330649e-01	-2.625895e+00
1.927882e+14	5.924147e-01	-2.823836e+00
1.927633e+14	5.433349e-01	-3.031241e+00
1.927385e+14	4.865916e-01	3.035332e+00
1.927137e+14	4.238154e-01	2.810521e+00
1.926889e+14	3.575313e-01	2.579123e+00
1.926641e+14	2.909045e-01	2.343019e+00
1.926393e+14	2.272461e-01	2.103878e+00
1.926145e+14	1.694611e-01	1.862615e+00
1.925897e+14	1.196420e-01	1.618799e+00
1.925650e+14	7.891199e-02	1.369736e+00
1.925402e+14	4.748844e-02	1.108075e+00
1.925154e+14	2.487179e-02	8.129274e-01
1.924907e+14	1.011504e-02	3.997447e-01
1.924659e+14	2.882034e-03	-7.893837e-01
1.924412e+14	3.938212e-03	-2.314039e+00
1.924165e+14	4.766521e-03	-2.837548e+00
1.923917e+14	4.737024e-03	3.023592e+00
1.923670e+14	5.390778e-03	2.637400e+00
1.923423e+14	8.082786e-03	2.381147e+00
1.923176e+14	1.397935e-02	2.213788e+00
1.922929e+14	2.412510e-02	2.054297e+00
1.922682e+14	3.923937e-02	1.880214e+00
1.922435e+14	5.964527e-02	1.692871e+00
1.922188e+14	8.525936e-02	1.496513e+00
1.921941e+14	1.155905e-01	1.294407e+00
1.921694e+14	1.497605e-01	1.088837e+00
1.921448e+14	1.865616e-01	8.814967e-01
1.921201e+14	2.245555e-01	6.737464e-01
1.920955e+14	2.622037e-01	4.667096e-01
1.920708e+14	2.980054e-01	2.612829e-01
1.920462e+14	3.306147e-01	5.810410e-02
1.920215e+14	3.589124e-01	-1.424803e-01
1.919969e+14	3.820266e-01	-3.404287e-01
1.919723e+14	3.993077e-01	-5.359922e-01
1.919477e+14	4.102758e-01	-7.296795e-01
1.919231e+14	4.145595e-01	-9.222079e-01
1.918985e+14	4.118415e-01	-1.114445e+00
1.918739e+14	4.018243e-01	-1.307347e+00
1.918493e+14	3.842245e-01	-1.501888e+00
1.918247e+14	3.588019e-01	-1.698988e+00
1.918001e+14	3.254274e-01	-1.899422e+00
1.917756e+14	2.841896e-01	-2.103734e+00
1.917510e+14	2.355259e-01	-2.312150e+00
1.917264e+14	1.803483e-01	-2.524547e+00
1.917019e+14	1.201148e-01	-2.740596e+00
1.916773e+14	5.679937e-02	-2.961150e+00
1.916528e+14	7.282409e-03	2.204865e-02
1.916283e+14	6.967874e-02	-2.420191e-01
1.916037e+14	1.281997e-01	-4.595869e-01
1.915792e+14	1.810499e-01	-6.726664e-01
1.915547e+14	2.269859e-01	-8.819430e-01
1.915302e+14	2.652998e-01	-1.087588e+00
1.915057e+14	2.957263e-01	-1.289967e+00
1.914812e+14	3.183180e-01	-1.489665e+00
1.914567e+14	3.333278e-01	-1.687424e+00
1.914322e+14	3.411214e-01	-1.884057e+00
1.914077e+14	3.421252e-01	-2.080378e+00
1.913833e+14	3.368073e-01	-2.277142e+00
1.913588e+14	3.256820e-01	-2.474996e+00
1.913344e+14	3.093309e-01	-2.674447e+00
1.913099e+14	2.884279e-01	-2.875839e+00
1.912855e+14	2.637591e-01	-3.079352e+00
1.912610e+14	2.362286e-01	2.998169e+00
1.912366e+14	2.068414e-01	2.790435e+00
1.912122e+14	1.766641e-01	2.580761e+00
1.911877e+14	1.467662e-01	2.369240e+00
1.911633e+14	1.181526e-01	2.155813e+00
1.911389e+14	9.169814e-02	1.940097e+00
1.911145e+14	6.809657e-02	1.721108e+00
1.910901e+14	4.782882e-02	1.496649e+00
1.910657e+14	3.115266e-02	1.261717e+00
1.910413e+14	1.811309e-02	1.003045e+00
1.910170e+14	8.584561e-03	6.718496e-01
1.909926e+14	2.576431e-03	-1.009172e-01
1.909682e+14	2.668522e-03	-2.016571e+00
1.909439e+14	4.266337e-03	-2.569142e+00
1.909195e+14	4.765522e-03	-2.900680e+00
1.908952e+14	4.713094e-03	3.078030e+00
1.908708e+14	4.816206e-03	2.776824e+00
1.908465e+14	5.747373e-03	2.508728e+00
1.908222e+14	8.090826e-03	2.296378e+00
1.907979e+14	1.235718e-02	2.116184e+00
1.907735e+14	1.896020e-02	1.941077e+00
1.907492e+14	2.817070e-02	1.761012e+00
1.907249e+14	4.009506e-02	1.574877e+00
1.907006e+14	5.466848e-02	1.383876e+00
1.906763e+14	7.165566e-02	1.189383e+00
1.906521e+14	9.065940e-02	9.925062e-01
1.906278e+14	1.111389e-01	7.940979e-01
1.906035e+14	1.324380e-01	5.948212e-01
1.905792e+14	1.538217e-01	3.952028e-01
1.905550e+14	1.745178e-01	1.956573e-01
1.905307e+14	1.937586e-01	-3.505865e-03
1.905065e+14	2.108169e-01	-2.020855e-01
1.904822e+14	2.250347e-01	-3.999930e-01
1.904580e+14	2.358399e-01	-5.972519e-01
1.904338e+14	2.427552e-01	-7.939915e-01
1.904096e+14	2.453992e-01	-9.904316e-01
1.903853e+14	2.434860e-01	-1.186861e+00
1.903611e+14	2.368253e-01	-1.383610e+00
1.903369e+14	2.253273e-01	-1.581017e+00
1.903127e+14	2.090145e-01	-1.779397e+00
1.902885e+14	1.880386e-01	-1.979013e+00
1.902644e+14	1.627005e-01	-2.180046e+00
1.902402e+14	1.334685e-01	-2.382604e+00
1.902160e+14	1.009867e-01	-2.586777e+00
1.901918e+14	6.606771e-02	-2.792965e+00
1.901677e+14	2.966428e-02	-3.004616e+00
1.901435e+14	7.195026e-03	-5.994418e-03
1.901194e+14	4.341225e-02	-2.528095e-01
1.900952e+14	7.799086e-02	-4.609274e-01
1.900711e+14	1.100091e-01	-6.658031e-01
1.900470e+14	1.387032e-01	-8.688914e-01
1.900228e+14	1.634852e-01	-1.070489e+00
1.899987e+14	1.839459e-01	-1.270770e+00
1.899746e+14	1.998429e-01	-1.469944e+00
1.899505e+14	2.110811e-01	-1.668279e+00
1.899264e+14	2.176912e-01	-1.866086e+00
1.899023e+14	2.198112e-01	-2.063692e+00
1.898782e+14	2.176728e-01	-2.261422e+00
1.898542e+14	2.115929e-01	-2.459569e+00
1.898301e+14	2.019684e-01	-2.658378e+00
1.898060e+14	1.892718e-01	-2.858039e+00
1.897819e+14	1.740445e-01	-3.058684e+00
1.897579e+14	1.568861e-01	3.022790e+00
1.897338e+14	1.384362e-01	2.819956e+00
1.897098e+14	1.193517e-01	2.615936e+00
1.896858e+14	1.002783e-01	2.410610e+00
1.896617e+14	8.182124e-02	2.203725e+00
1.896377e+14	6.451629e-02	1.994768e+00
1.896137e+14	4.880657e-02	1.782722e+00
1.895897e+14	3.502537e-02	1.565529e+00
1.895657e+14	2.338717e-02	1.338628e+00
1.895417e+14	1.398839e-02	1.089934e+00
1.895177e+14	6.828627e-03	7.743308e-01
1.894937e+14	2.037417e-03	2.576732e-02
1.894697e+14	2.297382e-03	-1.970069e+00
1.894457e+14	3.960934e-03	-2.486415e+00
1.894217e+14	4.683757e-03	-2.788553e+00
1.893978e+14	4.765691e-03	-3.056655e+00
1.893738e+14	4.640315e-03	2.961067e+00
1.893499e+14	4.753591e-03	2.697838e+00
1.893259e+14	5.522004e-03	2.456181e+00
1.893020e+14	7.311122e-03	2.248355e+00
1.892780e+14	1.043377e-02	2.062896e+00
1.892541e+14	1.513642e-02	1.883684e+00
1.892302e+14	2.157762e-02	1.702752e+00
1.892063e+14	2.981552e-02	1.518121e+00
1.891824e+14	3.980335e-02	1.330039e+00
1.891585e+14	5.138999e-02	1.139259e+00
1.891346e+14	6.432496e-02	9.465089e-01
1.891107e+14	7.826837e-02	7.523815e-01
1.890868e+14	9.280556e-02	5.573433e-01
1.890629e+14	1.074661e-01	3.617593e-01
1.890390e+14	1.217453e-01	1.659135e-01
1.890152e+14	1.351276e-01	-2.998032e-02
1.889913e+14	1.471082e-01	-2.257740e-01
1.889674e+14	1.572133e-01	-4.213831e-01
1.889436e+14	1.650159e-01	-6.167847e-01
1.889197e+14	1.701484e-01	-8.120138e-01
1.888959e+14	1.723113e-01	-1.007156e+00
1.888721e+14	1.712800e-01	-1.202336e+00
1.888482e+14	1.669097e-01	-1.397705e+00
1.888244e+14	1.591407e-01	-1.593425e+00
1.888006e+14	1.480040e-01	-1.789654e+00
1.887768e+14	1.336269e-01	-1.986531e+00
1.887530e+14	1.162376e-01	-2.184173e+00
1.887292e+14	9.616795e-02	-2.382693e+00
1.887054e+14	7.385051e-02	-2.582274e+00
1.886816e+14	4.980990e-02	-2.783498e+00
1.886578e+14	2.464621e-02	-2.989765e+00
1.886341e+14	1.049934e-03	2.915093e-01
1.886103e+14	2.643885e-02	-2.208984e-01
1.885865e+14	5.102448e-02	-4.262972e-01
1.885628e+14	7.414013e-02	-6.272287e-01
1.885390e+14	9.523933e-02	-8.265922e-01
1.885153e+14	1.138645e-01	-1.024946e+00
1.884916e+14	1.296577e-01	-1.222495e+00
1.884678e+14	1.423641e-01	-1.419385e+00
1.884441e+14	1.518305e-01	-1.615765e+00
1.884204e+14	1.579998e-01	-1.811801e+00
1.883967e+14	1.609040e-01	-2.007673e+00
1.883730e+14	1.606577e-01	-2.203564e+00
1.883493e+14	1.574505e-01	-2.399649e+00
1.883256e+14	1.515413e-01	-2.596083e+00
1.883019e+14	1.432509e-01	-2.793000e+00
1.882782e+14	1.329535e-01	-2.990513e+00
1.882545e+14	1.210670e-01	3.094473e+00
1.882309e+14	1.080393e-01	2.895500e+00
1.882072e+14	9.433303e-02	2.695648e+00
1.881835e+14	8.040786e-02	2.494763e+00
1.881599e+14	6.670221e-02	2.292584e+00
1.881362e+14	5.361538e-02	2.088645e+00
1.881126e+14	4.149182e-02	1.882096e+00
1.880890e+14	3.060857e-02	1.671290e+00
1.880653e+14	2.116695e-02	1.452718e+00
1.880417e+14	1.328966e-02	1.217547e+00
1.880181e+14	7.029015e-03	9.357436e-01
1.879945e+14	2.457069e-03	4.101151e-01
1.879709e+14	1.614526e-03	-1.684143e+00
1.879473e+14	3.424513e-03	-2.342865e+00
1.879237e+14	4.452023e-03	-2.648141e+00
1.879001e+14	4.786870e-03	-2.902596e+00
1.878765e+14	4.715633e-03	3.136198e+00
1.878529e+14	4.554924e-03	2.890724e+00
1.878294e+14	4.621532e-03	2.646727e+00
1.878058e+14	5.210622e-03	2.417583e+00
1.877822e+14	6.581944e-03	2.212518e+00
1.877587e+14	8.955333e-03	2.025599e+00
1.877351e+14	1.250203e-02	1.845549e+00
1.877116e+14	1.733182e-02	1.665445e+00
1.876881e+14	2.348452e-02	1.482892e+00
1.876645e+14	3.092660e-02	1.297637e+00
1.876410e+14	3.955145e-02	1.110098e+00
1.876175e+14	4.918265e-02	9.208030e-01
1.875940e+14	5.958035e-02	7.302174e-01
1.875705e+14	7.045059e-02	5.387181e-01
1.875470e+14	8.145723e-02	3.466016e-01
1.875235e+14	9.223590e-02	1.540977e-01
1.875000e+14	1.024090e-01	-3.861904e-02
("port 2","TE",1,"port 1",1,"modulation")
(1,1)
0.00057
(500,3)
2.000000e+14	9.999965e-01	-2.822724e-01
1.999733e+14	1.000000e+00	-5.044050e-01
1.999466e+14	1.000006e+00	-7.265179e-01
1.999199e+14	1.000003e+00	-9.486311e-01
1.998932e+14	9.999733e-01	-1.170765e+00
1.998665e+14	9.998819e-01	-1.392936e+00
1.998398e+14	9.996827e-01	-1.615148e+00
1.998131e+14	9.993212e-01	-1.837386e+00
1.997865e+14	9.987423e-01	-2.059607e+00
1.997598e+14	9.979025e-01	-2.281746e+00
1.997332e+14	9.967820e-01	-2.503711e+00
1.997065e+14	9.953954e-01	-2.725395e+00
1.996799e+14	9.937993e-01	-2.946694e+00
1.996532e+14	9.920922e-01	3.115668e+00
1.996266e+14	9.904088e-01	2.895376e+00
1.996000e+14	9.889057e-01	2.675622e+00
1.995734e+14	9.877437e-01	2.456357e+00
1.995468e+14	9.870662e-01	2.237469e+00
1.995202e+14	9.869785e-01	2.018797e+00
1.994936e+14	9.875298e-01	1.800141e+00
1.994670e+14	9.887006e-01	1.581286e+00
1.994404e+14	9.903976e-01	1.362027e+00
1.994139e+14	9.924574e-01	1.142195e+00
1.993873e+14	9.946600e-01	9.216840e-01
1.993608e+14	9.967522e-01	7.004716e-01
1.993342e+14	9.984784e-01	4.786261e-01
1.993077e+14	9.996158e-01	2.563044e-01
1.992812e+14	1.000008e+00	3.373554e-02
1.992546e+14	9.995877e-01	-1.888079e-01
1.992281e+14	9.983928e-01	-4.110467e-01
1.992016e+14	9.965567e-01	-6.327319e-01
1.991751e+14	9.942901e-01	-8.536785e-01
1.991486e+14	9.918501e-01	-1.073787e+00
1.991221e+14	9.895043e-01	-1.293053e+00
1.990956e+14	9.874966e-01	-1.511560e+00
1.990691e+14	9.860206e-01	-1.729470e+00
1.990427e+14	9.852004e-01	-1.946990e+00
1.990162e+14	9.850830e-01	-2.164352e+00
1.989898e+14	9.856395e-01	-2.381780e+00
1.989633e+14	9.867753e-01	-2.599467e+00
1.989369e+14	9.883467e-01	-2.817552e+00
1.989104e+14	9.901821e-01	-3.036117e+00
1.988840e+14	9.921053e-01	3.028010e+00
1.988576e+14	9.939573e-01	2.808502e+00
1.988312e+14	9.956135e-01	2.588630e+00
1.988048e+14	9.969945e-01	2.368508e+00
1.987784e+14	9.980678e-01	2.148254e+00
1.987520e+14	9.988431e-01	1.927975e+00
1.987256e+14	9.993604e-01	1.707754e+00
1.986992e+14	9.996766e-01	1.487644e+00
1.986729e+14	9.998518e-01	1.267670e+00
1.986465e+14	9.999388e-01	1.047834e+00
1.986201e+14	9.999771e-01	8.281217e-01
1.985938e+14	9.999921e-01	6.085114e-01
1.985674e+14	9.999968e-01	3.889825e-01
1.985411e+14	9.999973e-01	1.695168e-01
1.985148e+14	9.999966e-01	-4.990100e-02
1.984885e+14	9.999975e-01	-2.692863e-01
1.984622e+14	1.000002e+00	-4.886585e-01
1.984358e+14	1.000007e+00	-7.080439e-01
1.984095e+14	9.999986e-01	-9.274758e-01
1.983832e+14	9.999454e-01	-1.146990e+00
1.983570e+14	9.997929e-01	-1.366617e+00
1.983307e+14	9.994643e-01	-1.586368e+00
1.983044e+14	9.988653e-01	-1.806225e+00
1.982781e+14	9.978977e-01	-2.026126e+00
1.982519e+14	9.964776e-01	-2.245966e+00
1.982256e+14	9.945571e-01	-2.465590e+00
1.981994e+14	9.921446e-01	-2.684818e+00
1.981732e+14	9.893189e-01	-2.903458e+00
1.981469e+14	9.862332e-01	-3.121337e+00
1.981207e+14	9.831067e-01	2.944851e+00
1.980945e+14	9.802048e-01	2.728779e+00
1.980683e+14	9.778098e-01	2.513584e+00
1.980421e+14	9.761877e-01	2.299109e+00
1.980159e+14	9.755538e-01	2.085106e+00
1.979897e+14	9.760421e-01	1.871246e+00
1.979635e+14	9.776800e-01	1.657150e+00
1.979373e+14	9.803728e-01	1.442435e+00
1.979112e+14	9.838977e-01	1.226751e+00
1.978850e+14	9.879127e-01	1.009835e+00
1.978588e+14	9.919834e-01	7.915491e-01
1.978327e+14	9.956270e-01	5.719173e-01
1.978066e+14	9.983741e-01	3.511370e-01
1.977804e+14	9.998383e-01	1.295671e-01
1.977543e+14	9.997807e-01	-9.231094e-02
1.977282e+14	9.981540e-01	-3.139560e-01
1.977021e+14	9.951137e-01	-5.348427e-01
1.976760e+14	9.909935e-01	-7.545339e-01
1.976499e+14	9.862506e-01	-9.727377e-01
1.976238e+14	9.813969e-01	-1.189338e+00
1.975977e+14	9.769300e-01	-1.404397e+00
1.975716e+14	9.732754e-01	-1.618137e+00
1.975455e+14	9.707476e-01	-1.830901e+00
1.975195e+14	9.695288e-01	-2.043104e+00
1.974934e+14	9.696632e-01	-2.255185e+00
1.974674e+14	9.710657e-01	-2.467559e+00
1.974413e+14	9.735406e-01	-2.680575e+00
1.974153e+14	9.768093e-01	-2.894484e+00
1.973892e+14	9.805462e-01	-3.109422e+00
1.973632e+14	9.844174e-01	2.957781e+00
1.973372e+14	9.881204e-01	2.740847e+00
1.973112e+14	9.914170e-01	2.523137e+00
1.972852e+14	9.941549e-01	2.304876e+00
1.972592e+14	9.962734e-01	2.086298e+00
1.972332e+14	9.977946e-01	1.867614e+00
1.972072e+14	9.988011e-01	1.648988e+00
1.971812e+14	9.994087e-01	1.430521e+00
1.971553e+14	9.997389e-01	1.212261e+00
1.971293e+14	9.998980e-01	9.942039e-01
1.971034e+14	9.999649e-01	7.763182e-01
1.970774e+14	9.999894e-01	5.585582e-01
1.970515e+14	9.999968e-01	3.408778e-01
1.970255e+14	9.999979e-01	1.232370e-01
1.969996e+14	9.999974e-01	-9.439921e-02
1.969737e+14	9.999995e-01	-3.120670e-01
1.969478e+14	1.000005e+00	-5.298121e-01
1.969219e+14	1.000005e+00	-7.476960e-01
1.968960e+14	9.999614e-01	-9.657958e-01
1.968701e+14	9.997985e-01	-1.184195e+00
1.968442e+14	9.993865e-01	-1.402961e+00
1.968183e+14	9.985424e-01	-1.622125e+00
1.967924e+14	9.970431e-01	-1.841640e+00
1.967666e+14	9.946557e-01	-2.061364e+00
1.967407e+14	9.911825e-01	-2.281042e+00
1.967148e+14	9.865136e-01	-2.500313e+00
1.966890e+14	9.806748e-01	-2.718743e+00
1.966632e+14	9.738588e-01	-2.935876e+00
1.966373e+14	9.664275e-01	3.131882e+00
1.966115e+14	9.588861e-01	2.918452e+00
1.965857e+14	9.518325e-01	2.707135e+00
1.965599e+14	9.458928e-01	2.497837e+00
1.965341e+14	9.416569e-01	2.290235e+00
1.965083e+14	9.396179e-01	2.083793e+00
1.964825e+14	9.401219e-01	1.877789e+00
1.964567e+14	9.433215e-01	1.671369e+00
1.964309e+14	9.491348e-01	1.463608e+00
1.964051e+14	9.572052e-01	1.253597e+00
1.963794e+14	9.668729e-01	1.040546e+00
1.963536e+14	9.771723e-01	8.239060e-01
1.963279e+14	9.868819e-01	6.034912e-01
1.963021e+14	9.946522e-01	3.795852e-01
1.962764e+14	9.992166e-01	1.529841e-01
1.962507e+14	9.996492e-01	-7.505860e-02
1.962249e+14	9.955924e-01	-3.029987e-01
1.961992e+14	9.873603e-01	-5.292511e-01
1.961735e+14	9.758728e-01	-7.524539e-01
1.961478e+14	9.624483e-01	-9.716723e-01
1.961221e+14	9.485414e-01	-1.186496e+00
1.960964e+14	9.355134e-01	-1.397031e+00
1.960707e+14	9.244843e-01	-1.603813e+00
1.960450e+14	9.162666e-01	-1.807695e+00
1.960194e+14	9.113582e-01	-2.009719e+00
1.959937e+14	9.099633e-01	-2.211012e+00
1.959681e+14	9.120215e-01	-2.412687e+00
1.959424e+14	9.172347e-01	-2.615759e+00
1.959168e+14	9.250932e-01	-2.821076e+00
1.958911e+14	9.349084e-01	-3.029253e+00
1.958655e+14	9.458624e-01	3.042568e+00
1.958399e+14	9.570829e-01	2.827996e+00
1.958143e+14	9.677398e-01	2.610495e+00
1.957886e+14	9.771504e-01	2.390589e+00
1.957630e+14	9.848663e-01	2.168949e+00
1.957374e+14	9.907158e-01	1.946281e+00
1.957119e+14	9.947875e-01	1.723206e+00
1.956863e+14	9.973633e-01	1.500187e+00
1.956607e+14	9.988221e-01	1.277483e+00
1.956351e+14	9.995464e-01	1.055166e+00
1.956096e+14	9.998532e-01	8.331606e-01
1.955840e+14	9.999609e-01	6.113088e-01
1.955585e+14	9.999919e-01	3.894216e-01
1.955329e+14	9.999986e-01	1.673161e-01
1.955074e+14	9.999987e-01	-5.517648e-02
1.954818e+14	1.000001e+00	-2.782301e-01
1.954563e+14	1.000007e+00	-5.020608e-01
1.954308e+14	9.999780e-01	-7.269648e-01
1.954053e+14	9.997714e-01	-9.533353e-01
1.953798e+14	9.990481e-01	-1.181638e+00
1.953543e+14	9.971882e-01	-1.412324e+00
1.953288e+14	9.932459e-01	-1.645683e+00
1.953033e+14	9.859994e-01	-1.881636e+00
1.952779e+14	9.741409e-01	-2.119530e+00
1.952524e+14	9.566133e-01	-2.358009e+00
1.952269e+14	9.330077e-01	-2.595053e+00
1.952015e+14	9.038552e-01	-2.828237e+00
1.951760e+14	8.706462e-01	-3.055156e+00
1.951506e+14	8.355490e-01	3.009318e+00
1.951251e+14	8.009678e-01	2.799980e+00
1.950997e+14	7.691467e-01	2.600295e+00
1.950743e+14	7.419517e-01	2.409715e+00
1.950489e+14	7.208454e-01	2.226995e+00
1.950234e+14	7.069919e-01	2.050319e+00
1.949980e+14	7.014225e-01	1.877353e+00
1.949726e+14	7.052076e-01	1.705192e+00
1.949473e+14	7.195944e-01	1.530178e+00
1.949219e+14	7.460449e-01	1.347570e+00
1.948965e+14	7.859959e-01	1.151036e+00
1.948711e+14	8.398712e-01	9.321140e-01
1.948458e+14	9.043230e-01	6.802428e-01
1.948204e+14	9.666140e-01	3.853400e-01
1.947951e+14	9.996240e-01	4.631178e-02
1.947697e+14	9.732637e-01	-3.168135e-01
1.947444e+14	8.862744e-01	-6.660931e-01
1.947190e+14	7.708275e-01	-9.714864e-01
1.946937e+14	6.589207e-01	-1.225879e+00
1.946684e+14	5.647100e-01	-1.436664e+00
1.946431e+14	4.900019e-01	-1.614462e+00
1.946178e+14	4.320964e-01	-1.768332e+00
1.945925e+14	3.875769e-01	-1.904982e+00
1.945672e+14	3.535122e-01	-2.029196e+00
1.945419e+14	3.276620e-01	-2.144404e+00
1.945166e+14	3.083945e-01	-2.253130e+00
1.944914e+14	2.945551e-01	-2.357294e+00
1.944661e+14	2.853544e-01	-2.458436e+00
1.944408e+14	2.802870e-01	-2.557852e+00
1.944156e+14	2.790787e-01	-2.656708e+00
1.943903e+14	2.816569e-01	-2.756121e+00
1.943651e+14	2.881400e-01	-2.857236e+00
1.943399e+14	2.988443e-01	-2.961298e+00
1.943146e+14	3.143064e-01	-3.069737e+00
1.942894e+14	3.353210e-01	3.098916e+00
1.942642e+14	3.629889e-01	2.976163e+00
1.942390e+14	3.987598e-01	2.842494e+00
1.942138e+14	4.444278e-01	2.694459e+00
1.941886e+14	5.019682e-01	2.527702e+00
1.941634e+14	5.729807e-01	2.336986e+00
1.941382e+14	6.573463e-01	2.116775e+00
1.941131e+14	7.508648e-01	1.863032e+00
1.940879e+14	8.430374e-01	1.576586e+00
1.940627e+14	9.189070e-01	1.266386e+00
1.940376e+14	9.675686e-01	9.480814e-01
1.940124e+14	9.899742e-01	6.362982e-01
1.939873e+14	9.962604e-01	3.372963e-01
1.939622e+14	9.968842e-01	4.820626e-02
1.939370e+14	9.967270e-01	-2.391459e-01
1.939119e+14	9.934207e-01	-5.336938e-01
1.938868e+14	9.781089e-01	-8.406679e-01
1.938617e+14	9.396488e-01	-1.157282e+00
1.938366e+14	8.730443e-01	-1.471417e+00
1.938115e+14	7.853910e-01	-1.766887e+00
1.937864e+14	6.912696e-01	-2.031959e+00
1.937613e+14	6.032236e-01	-2.263193e+00
1.937362e+14	5.275152e-01	-2.463314e+00
1.937112e+14	4.654248e-01	-2.637562e+00
1.936861e+14	4.157901e-01	-2.791353e+00
1.936611e+14	3.767010e-01	-2.929345e+00
1.936360e+14	3.462840e-01	-3.055276e+00
1.936110e+14	3.229711e-01	3.111112e+00
1.935859e+14	3.055450e-01	3.001151e+00
1.935609e+14	2.931079e-01	2.896191e+00
1.935359e+14	2.850325e-01	2.794726e+00
1.935109e+14	2.809203e-01	2.695468e+00
1.934858e+14	2.805728e-01	2.597264e+00
1.934608e+14	2.839781e-01	2.499018e+00
1.934358e+14	2.913126e-01	2.399623e+00
1.934109e+14	3.029602e-01	2.297883e+00
1.933859e+14	3.195519e-01	2.192424e+00
1.933609e+14	3.420284e-01	2.081577e+00
1.933359e+14	3.717309e-01	1.963203e+00
1.933110e+14	4.105171e-01	1.834458e+00
1.932860e+14	4.608693e-01	1.691436e+00
1.932610e+14	5.258706e-01	1.528694e+00
1.932361e+14	6.086571e-01	1.338741e+00
1.932112e+14	7.103397e-01	1.112009e+00
1.931862e+14	8.246826e-01	8.389730e-01
1.931613e+14	9.302418e-01	5.174150e-01
1.931364e+14	9.926293e-01	1.638099e-01
1.931115e+14	9.921116e-01	-1.868990e-01
1.930865e+14	9.445437e-01	-5.036238e-01
1.930616e+14	8.803740e-01	-7.763359e-01
1.930368e+14	8.201021e-01	-1.010689e+00
1.930119e+14	7.718113e-01	-1.216959e+00
1.929870e+14	7.369899e-01	-1.404542e+00
1.929621e+14	7.147449e-01	-1.580735e+00
1.929372e+14	7.036530e-01	-1.750993e+00
1.929124e+14	7.023785e-01	-1.919449e+00
1.928875e+14	7.097913e-01	-2.089322e+00
1.928627e+14	7.249001e-01	-2.263192e+00
1.928378e+14	7.467181e-01	-2.443128e+00
1.928130e+14	7.741082e-01	-2.630720e+00
1.927882e+14	8.056428e-01	-2.827014e+00
1.927633e+14	8.395259e-01	-3.032406e+00
1.927385e+14	8.736395e-01	3.036661e+00
1.927137e+14	9.057587e-01	2.814986e+00
1.926889e+14	9.339114e-01	2.587601e+00
1.926641e+14	9.567624e-01	2.356749e+00
1.926393e+14	9.738477e-01	2.124667e+00
1.926145e+14	9.855472e-01	1.893220e+00
1.925897e+14	9.928274e-01	1.663679e+00
1.925650e+14	9.968919e-01	1.436676e+00
1.925402e+14	9.988821e-01	1.212319e+00
1.925154e+14	9.997009e-01	9.903695e-01
1.924907e+14	9.999591e-01	7.704226e-01
1.924659e+14	1.000006e+00	5.520454e-01
1.924412e+14	1.000003e+00	3.348602e-01
1.924165e+14	9.999989e-01	1.185756e-01
1.923917e+14	9.999991e-01	-9.702214e-02
1.923670e+14	9.999958e-01	-3.120990e-01
1.923423e+14	9.999777e-01	-5.268067e-01
1.923176e+14	9.999127e-01	-7.413058e-01
1.922929e+14	9.997194e-01	-9.557675e-01
1.922682e+14	9.992403e-01	-1.170352e+00
1.922435e+14	9.982301e-01	-1.385169e+00
1.922188e+14	9.963693e-01	-1.600225e+00
1.921941e+14	9.933075e-01	-1.815381e+00
1.921694e+14	9.887329e-01	-2.030324e+00
1.921448e+14	9.824539e-01	-2.244580e+00
1.921201e+14	9.744719e-01	-2.457554e+00
1.920955e+14	9.650232e-01	-2.668619e+00
1.920708e+14	9.545748e-01	-2.877204e+00
1.920462e+14	9.437764e-01	-3.082894e+00
1.920215e+14	9.333817e-01	2.997686e+00
1.919969e+14	9.241617e-01	2.798098e+00
1.919723e+14	9.168273e-01	2.601196e+00
1.919477e+14	9.119718e-01	2.406412e+00
1.919231e+14	9.100325e-01	2.212986e+00
1.918985e+14	9.112658e-01	2.020019e+00
1.918739e+14	9.157271e-01	1.826532e+00
1.918493e+14	9.232500e-01	1.631534e+00
1.918247e+14	9.334241e-01	1.434099e+00
1.918001e+14	9.455775e-01	1.233451e+00
1.917756e+14	9.587787e-01	1.029060e+00
1.917510e+14	9.718788e-01	8.207386e-01
1.917264e+14	9.836136e-01	6.087172e-01
1.917019e+14	9.927709e-01	3.936680e-01
1.916773e+14	9.983966e-01	1.766569e-01
1.916528e+14	9.999845e-01	-4.099079e-02
1.916283e+14	9.975805e-01	-2.578877e-01
1.916037e+14	9.917593e-01	-4.727952e-01
1.915792e+14	9.834848e-01	-6.847930e-01
1.915547e+14	9.739089e-01	-8.933711e-01
1.915302e+14	9.641768e-01	-1.098437e+00
1.915057e+14	9.552834e-01	-1.300258e+00
1.914812e+14	9.479947e-01	-1.499374e+00
1.914567e+14	9.428216e-01	-1.696494e+00
1.914322e+14	9.400299e-01	-1.892409e+00
1.914077e+14	9.396650e-01	-2.087906e+00
1.913833e+14	9.415842e-01	-2.283714e+00
1.913588e+14	9.454900e-01	-2.480448e+00
1.913344e+14	9.509652e-01	-2.678574e+00
1.913099e+14	9.575124e-01	-2.878384e+00
1.912855e+14	9.645994e-01	-3.079987e+00
1.912610e+14	9.717084e-01	2.999867e+00
1.912366e+14	9.783854e-01	2.795021e+00
1.912122e+14	9.842822e-01	2.588984e+00
1.911877e+14	9.891822e-01	2.382133e+00
1.911633e+14	9.930064e-01	2.174851e+00
1.911389e+14	9.957979e-01	1.967477e+00
1.911145e+14	9.976898e-01	1.760276e+00
1.910901e+14	9.988666e-01	1.553424e+00
1.910657e+14	9.995257e-01	1.347009e+00
1.910413e+14	9.998470e-01	1.141049e+00
1.910170e+14	9.999742e-01	9.355089e-01
1.909926e+14	1.000008e+00	7.303264e-01
1.909682e+14	1.000008e+00	5.254322e-01
1.909439e+14	1.000002e+00	3.207621e-01
1.909195e+14	9.999997e-01	1.162647e-01
1.908952e+14	1.000000e+00	-8.809867e-02
1.908708e+14	9.999995e-01	-2.923587e-01
1.908465e+14	9.999946e-01	-4.965439e-01
1.908222e+14	9.999784e-01	-7.006860e-01
1.907979e+14	9.999348e-01	-9.048217e-01
1.907735e+14	9.998314e-01	-1.108990e+00
1.907492e+14	9.996143e-01	-1.313223e+00
1.907249e+14	9.992071e-01	-1.517537e+00
1.907006e+14	9.985158e-01	-1.721920e+00
1.906763e+14	9.974407e-01	-1.926316e+00
1.906521e+14	9.958932e-01	-2.130627e+00
1.906278e+14	9.938162e-01	-2.334709e+00
1.906035e+14	9.912026e-01	-2.538386e+00
1.905792e+14	9.881099e-01	-2.741467e+00
1.905550e+14	9.846653e-01	-2.943770e+00
1.905307e+14	9.810605e-01	3.138032e+00
1.905065e+14	9.775368e-01	2.937652e+00
1.904822e+14	9.743620e-01	2.738275e+00
1.904580e+14	9.718032e-01	2.539815e+00
1.904338e+14	9.700988e-01	2.342094e+00
1.904096e+14	9.694334e-01	2.144858e+00
1.903853e+14	9.699157e-01	1.947793e+00
1.903611e+14	9.715635e-01	1.750550e+00
1.903369e+14	9.742944e-01	1.552783e+00
1.903127e+14	9.779239e-01	1.354173e+00
1.902885e+14	9.821730e-01	1.154472e+00
1.902644e+14	9.866869e-01	9.535266e-01
1.902402e+14	9.910645e-01	7.513055e-01
1.902160e+14	9.948993e-01	5.479106e-01
1.901918e+14	9.978267e-01	3.435728e-01
1.901677e+14	9.995715e-01	1.386312e-01
1.901435e+14	9.999857e-01	-6.650509e-02
1.901194e+14	9.990689e-01	-2.714046e-01
1.900952e+14	9.969657e-01	-4.756660e-01
1.900711e+14	9.939422e-01	-6.789633e-01
1.900470e+14	9.903456e-01	-8.810796e-01
1.900228e+14	9.865573e-01	-1.081923e+00
1.899987e+14	9.829479e-01	-1.281525e+00
1.899746e+14	9.798395e-01	-1.480029e+00
1.899505e+14	9.774801e-01	-1.677658e+00
1.899264e+14	9.760292e-01	-1.874695e+00
1.899023e+14	9.755539e-01	-2.071440e+00
1.898782e+14	9.760333e-01	-2.268188e+00
1.898542e+14	9.773694e-01	-2.465200e+00
1.898301e+14	9.794036e-01	-2.662684e+00
1.898060e+14	9.819363e-01	-2.860778e+00
1.897819e+14	9.847494e-01	-3.059548e+00
1.897579e+14	9.876284e-01	3.024195e+00
1.897338e+14	9.903830e-01	2.824150e+00
1.897098e+14	9.928637e-01	2.623613e+00
1.896858e+14	9.949711e-01	2.422726e+00
1.896617e+14	9.966588e-01	2.221638e+00
1.896377e+14	9.979284e-01	2.020485e+00
1.896137e+14	9.988200e-01	1.819382e+00
1.895897e+14	9.993982e-01	1.618413e+00
1.895657e+14	9.997383e-01	1.417627e+00
1.895417e+14	9.999139e-01	1.217043e+00
1.895177e+14	9.999885e-01	1.016658e+00
1.894937e+14	1.000010e+00	8.164517e-01
1.894697e+14	1.000009e+00	6.163981e-01
1.894457e+14	1.000004e+00	4.164700e-01
1.894217e+14	1.000001e+00	2.166439e-01
1.893978e+14	1.000000e+00	1.690127e-02
1.893738e+14	1.000001e+00	-1.827716e-01
1.893499e+14	1.000001e+00	-3.823861e-01
1.893259e+14	9.999966e-01	-5.819539e-01
1.893020e+14	9.999852e-01	-7.814883e-01
1.892780e+14	9.999575e-01	-9.810048e-01
1.892541e+14	9.998974e-01	-1.180520e+00
1.892302e+14	9.997791e-01	-1.380046e+00
1.892063e+14	9.995674e-01	-1.579588e+00
1.891824e+14	9.992195e-01	-1.779139e+00
1.891585e+14	9.986907e-01	-1.978671e+00
1.891346e+14	9.979410e-01	-2.178139e+00
1.891107e+14	9.969443e-01	-2.377477e+00
1.890868e+14	9.956963e-01	-2.576605e+00
1.890629e+14	9.942208e-01	-2.775436e+00
1.890390e+14	9.925734e-01	-2.973884e+00
1.890152e+14	9.908403e-01	3.111304e+00
1.889913e+14	9.891324e-01	2.913800e+00
1.889674e+14	9.875767e-01	2.716795e+00
1.889436e+14	9.863029e-01	2.520255e+00
1.889197e+14	9.854305e-01	2.324100e+00
1.888959e+14	9.850546e-01	2.128215e+00
1.888721e+14	9.852344e-01	1.932450e+00
1.888482e+14	9.859843e-01	1.736641e+00
1.888244e+14	9.872680e-01	1.540619e+00
1.888006e+14	9.889989e-01	1.344228e+00
1.887768e+14	9.910438e-01	1.147347e+00
1.887530e+14	9.932336e-01	9.498957e-01
1.887292e+14	9.953773e-01	7.518532e-01
1.887054e+14	9.972815e-01	5.532590e-01
1.886816e+14	9.987710e-01	3.542128e-01
1.886578e+14	9.997085e-01	1.548657e-01
1.886341e+14	1.000012e+00	-4.459554e-02
1.886103e+14	9.996627e-01	-2.439682e-01
1.885865e+14	9.987097e-01	-4.430558e-01
1.885628e+14	9.972601e-01	-6.416896e-01
1.885390e+14	9.954667e-01	-8.397449e-01
1.885153e+14	9.935086e-01	-1.037153e+00
1.884916e+14	9.915711e-01	-1.233903e+00
1.884678e+14	9.898266e-01	-1.430042e+00
1.884441e+14	9.884188e-01	-1.625665e+00
1.884204e+14	9.874514e-01	-1.820900e+00
1.883967e+14	9.869823e-01	-2.015898e+00
1.883730e+14	9.870225e-01	-2.210811e+00
1.883493e+14	9.875392e-01	-2.405783e+00
1.883256e+14	9.884632e-01	-2.600933e+00
1.883019e+14	9.896988e-01	-2.796350e+00
1.882782e+14	9.911346e-01	-2.992087e+00
1.882545e+14	9.926567e-01	3.095028e+00
1.882309e+14	9.941590e-01	2.898644e+00
1.882072e+14	9.955531e-01	2.701993e+00
1.881835e+14	9.967745e-01	2.505142e+00
1.881599e+14	9.977854e-01	2.308165e+00
1.881362e+14	9.985741e-01	2.111139e+00
1.881126e+14	9.991513e-01	1.914128e+00
1.880890e+14	9.995439e-01	1.717185e+00
1.880653e+14	9.997885e-01	1.520347e+00
1.880417e+14	9.999242e-01	1.323631e+00
1.880181e+14	9.999878e-01	1.127045e+00
1.879945e+14	1.000010e+00	9.305811e-01
1.879709e+14	1.000011e+00	7.342283e-01
1.879473e+14	1.000007e+00	5.379720e-01
1.879237e+14	1.000003e+00	3.417981e-01
1.879001e+14	1.000001e+00	1.456948e-01
1.878765e+14	1.000001e+00	-5.034682e-02
1.878529e+14	1.000002e+00	-2.463335e-01
1.878294e+14	1.000002e+00	-4.422710e-01
1.878058e+14	9.999990e-01	-6.381652e-01
1.877822e+14	9.999910e-01	-8.340232e-01
1.877587e+14	9.999725e-01	-1.029853e+00
1.877351e+14	9.999345e-01	-1.225664e+00
1.877116e+14	9.998625e-01	-1.421462e+00
1.876881e+14	9.997369e-01	-1.617249e+00
1.876645e+14	9.995344e-01	-1.813020e+00
1.876410e+14	9.992302e-01	-2.008762e+00
1.876175e+14	9.988025e-01	-2.204449e+00
1.875940e+14	9.982363e-01	-2.400044e+00
1.875705e+14	9.975280e-01	-2.595504e+00
1.875470e+14	9.966896e-01	-2.790781e+00
1.875235e+14	9.957499e-01	-2.985827e+00
1.875000e+14	9.947551e-01	3.102583e+00
("port 2","TE",1,"port 2",1,"modulation")
(1,1)
0.00057
(500,3)
2.000000e+14	4.655947e-03	3.033478e+00
1.999733e+14	3.723257e-03	2.917072e+00
1.999466e+14	1.812749e-03	-3.130195e+00
1.999199e+14	2.828504e-03	-1.454057e+00
1.998932e+14	8.261376e-03	-1.349646e+00
1.998665e+14	1.584669e-02	-1.488647e+00
1.998398e+14	2.548105e-02	-1.674008e+00
1.998131e+14	3.704180e-02	-1.875796e+00
1.997865e+14	5.028666e-02	-2.085195e+00
1.997598e+14	6.484971e-02	-2.298647e+00
1.997332e+14	8.025369e-02	-2.514401e+00
1.997065e+14	9.593178e-02	-2.731462e+00
1.996799e+14	1.112561e-01	-2.949210e+00
1.996532e+14	1.255702e-01	3.115952e+00
1.996266e+14	1.382220e-01	2.897917e+00
1.996000e+14	1.485947e-01	2.680020e+00
1.995734e+14	1.561321e-01	2.462313e+00
1.995468e+14	1.603593e-01	2.244760e+00
1.995202e+14	1.608982e-01	2.027261e+00
1.994936e+14	1.574793e-01	1.809666e+00
1.994670e+14	1.499534e-01	1.591810e+00
1.994404e+14	1.383026e-01	1.373547e+00
1.994139e+14	1.226517e-01	1.154791e+00
1.993873e+14	1.032796e-01	9.355841e-01
1.993608e+14	8.062495e-02	7.162258e-01
1.993342e+14	5.528384e-02	4.977389e-01
1.993077e+14	2.799534e-02	2.850744e-01
1.992812e+14	6.667225e-04	2.259160e+00
1.992546e+14	2.898058e-02	2.944461e+00
1.992281e+14	5.680856e-02	2.731307e+00
1.992016e+14	8.300766e-02	2.512600e+00
1.991751e+14	1.067831e-01	2.293039e+00
1.991486e+14	1.274705e-01	2.073634e+00
1.991221e+14	1.445568e-01	1.854688e+00
1.990956e+14	1.576886e-01	1.636240e+00
1.990691e+14	1.666693e-01	1.418183e+00
1.990427e+14	1.714511e-01	1.200329e+00
1.990162e+14	1.721245e-01	9.824512e-01
1.989898e+14	1.689086e-01	7.643116e-01
1.989633e+14	1.621414e-01	5.456936e-01
1.989369e+14	1.522703e-01	3.264173e-01
1.989104e+14	1.398390e-01	1.063483e-01
1.988840e+14	1.254698e-01	-1.146052e-01
1.988576e+14	1.098390e-01	-3.365076e-01
1.988312e+14	9.364542e-02	-5.594218e-01
1.988048e+14	7.757466e-02	-7.834457e-01
1.987784e+14	6.226132e-02	-1.008757e+00
1.987520e+14	4.825348e-02	-1.235658e+00
1.987256e+14	3.598284e-02	-1.464610e+00
1.986992e+14	2.574290e-02	-1.696167e+00
1.986729e+14	1.767608e-02	-1.930568e+00
1.986465e+14	1.176970e-02	-2.166214e+00
1.986201e+14	7.860914e-03	-2.395727e+00
1.985938e+14	5.652886e-03	-2.602251e+00
1.985674e+14	4.743253e-03	-2.773180e+00
1.985411e+14	4.644741e-03	-2.924614e+00
1.985148e+14	4.796968e-03	-3.076925e+00
1.984885e+14	4.608575e-03	3.062434e+00
1.984622e+14	3.530908e-03	2.991402e+00
1.984358e+14	1.570763e-03	-2.693330e+00
1.984095e+14	4.367071e-03	-1.315739e+00
1.983832e+14	1.120809e-02	-1.308950e+00
1.983570e+14	2.074787e-02	-1.457875e+00
1.983307e+14	3.297900e-02	-1.643938e+00
1.983044e+14	4.779773e-02	-1.844417e+00
1.982781e+14	6.493610e-02	-2.051915e+00
1.982519e+14	8.395770e-02	-2.263243e+00
1.982256e+14	1.042719e-01	-2.476735e+00
1.981994e+14	1.251620e-01	-2.691377e+00
1.981732e+14	1.458235e-01	-2.906486e+00
1.981469e+14	1.654099e-01	-3.121584e+00
1.981207e+14	1.830778e-01	2.946841e+00
1.980945e+14	1.980273e-01	2.732600e+00
1.980683e+14	2.095332e-01	2.518927e+00
1.980421e+14	2.169647e-01	2.305740e+00
1.980159e+14	2.197972e-01	2.092844e+00
1.979897e+14	2.176190e-01	1.879956e+00
1.979635e+14	2.101379e-01	1.666739e+00
1.979373e+14	1.971938e-01	1.452849e+00
1.979112e+14	1.787786e-01	1.237989e+00
1.978850e+14	1.550645e-01	1.021971e+00
1.978588e+14	1.264346e-01	8.048094e-01
1.978327e+14	9.350840e-02	5.869015e-01
1.978066e+14	5.715055e-02	3.698211e-01
1.977804e+14	1.845281e-02	1.670912e-01
1.977543e+14	2.134832e-02	3.035541e+00
1.977282e+14	6.087516e-02	2.829423e+00
1.977021e+14	9.882168e-02	2.611743e+00
1.976760e+14	1.339734e-01	2.393340e+00
1.976499e+14	1.653077e-01	2.175731e+00
1.976238e+14	1.920333e-01	1.959367e+00
1.975977e+14	2.135989e-01	1.744308e+00
1.975716e+14	2.296772e-01	1.530384e+00
1.975455e+14	2.401365e-01	1.317274e+00
1.975195e+14	2.450110e-01	1.104562e+00
1.974934e+14	2.444786e-01	8.917999e-01
1.974674e+14	2.388470e-01	6.785500e-01
1.974413e+14	2.285507e-01	4.644304e-01
1.974153e+14	2.141503e-01	2.491420e-01
1.973892e+14	1.963316e-01	3.248282e-02
1.973632e+14	1.758961e-01	-1.856548e-01
1.973372e+14	1.537374e-01	-4.053067e-01
1.973112e+14	1.308033e-01	-6.264792e-01
1.972852e+14	1.080436e-01	-8.492098e-01
1.972592e+14	8.635223e-02	-1.073646e+00
1.972332e+14	6.650901e-02	-1.300137e+00
1.972072e+14	4.913132e-02	-1.529342e+00
1.971812e+14	3.463862e-02	-1.762293e+00
1.971553e+14	2.323256e-02	-2.000211e+00
1.971293e+14	1.489100e-02	-2.243143e+00
1.971034e+14	9.373713e-03	-2.484700e+00
1.970774e+14	6.243278e-03	-2.701365e+00
1.970515e+14	4.914653e-03	-2.861915e+00
1.970255e+14	4.698420e-03	-2.981457e+00
1.969996e+14	4.792881e-03	-3.097170e+00
1.969737e+14	4.344976e-03	3.096509e+00
1.969478e+14	2.688765e-03	-3.034275e+00
1.969219e+14	2.941869e-03	-1.495519e+00
1.968960e+14	9.757942e-03	-1.206804e+00
1.968701e+14	2.052075e-02	-1.309620e+00
1.968442e+14	3.528235e-02	-1.479574e+00
1.968183e+14	5.414135e-02	-1.672372e+00
1.967924e+14	7.696245e-02	-1.875674e+00
1.967666e+14	1.033354e-01	-2.084593e+00
1.967407e+14	1.325724e-01	-2.296659e+00
1.967148e+14	1.637350e-01	-2.510345e+00
1.966890e+14	1.956909e-01	-2.724546e+00
1.966632e+14	2.271938e-01	-2.938397e+00
1.966373e+14	2.569741e-01	3.131962e+00
1.966115e+14	2.838220e-01	2.920627e+00
1.965857e+14	3.066468e-01	2.711024e+00
1.965599e+14	3.245056e-01	2.503146e+00
1.965341e+14	3.365997e-01	2.296735e+00
1.965083e+14	3.422500e-01	2.091304e+00
1.964825e+14	3.408634e-01	1.886171e+00
1.964567e+14	3.319059e-01	1.680513e+00
1.964309e+14	3.148975e-01	1.473436e+00
1.964051e+14	2.894404e-01	1.264066e+00
1.963794e+14	2.552932e-01	1.051658e+00
1.963536e+14	2.124913e-01	8.357434e-01
1.963279e+14	1.615016e-01	6.163239e-01
1.963021e+14	1.033726e-01	3.943220e-01
1.962764e+14	3.981817e-02	1.753906e-01
1.962507e+14	2.684794e-02	3.058649e+00
1.962249e+14	9.388879e-02	2.843698e+00
1.961992e+14	1.585522e-01	2.619535e+00
1.961735e+14	2.183829e-01	2.397087e+00
1.961478e+14	2.714990e-01	2.178153e+00
1.961221e+14	3.166818e-01	1.963365e+00
1.960964e+14	3.533163e-01	1.752692e+00
1.960707e+14	3.812429e-01	1.545629e+00
1.960450e+14	4.005903e-01	1.341330e+00
1.960194e+14	4.116346e-01	1.138746e+00
1.959937e+14	4.147090e-01	9.367392e-01
1.959681e+14	4.101630e-01	7.341717e-01
1.959424e+14	3.983687e-01	5.299932e-01
1.959168e+14	3.797630e-01	3.233090e-01
1.958911e+14	3.549141e-01	1.134409e-01
1.958655e+14	3.245955e-01	-1.000303e-01
1.958399e+14	2.898459e-01	-3.172504e-01
1.958143e+14	2.519889e-01	-5.381208e-01
1.957886e+14	2.125939e-01	-7.623818e-01
1.957630e+14	1.733713e-01	-9.897559e-01
1.957374e+14	1.360212e-01	-1.220147e+00
1.957119e+14	1.020658e-01	-1.453895e+00
1.956863e+14	7.270656e-02	-1.692105e+00
1.956607e+14	4.872638e-02	-1.937060e+00
1.956351e+14	3.044468e-02	-2.192540e+00
1.956096e+14	1.771025e-02	-2.462254e+00
1.955840e+14	9.912485e-03	-2.737264e+00
1.955585e+14	6.023952e-03	-2.956451e+00
1.955329e+14	4.787837e-03	-3.037532e+00
1.955074e+14	4.794272e-03	-3.054368e+00
1.954818e+14	4.345649e-03	-3.022494e+00
1.954563e+14	2.732603e-03	-2.315999e+00
1.954308e+14	8.039832e-03	-1.183261e+00
1.954053e+14	2.186304e-02	-1.151463e+00
1.953798e+14	4.386286e-02	-1.293302e+00
1.953543e+14	7.507992e-02	-1.482341e+00
1.953288e+14	1.161204e-01	-1.691868e+00
1.953033e+14	1.668135e-01	-1.912737e+00
1.952779e+14	2.259890e-01	-2.140421e+00
1.952524e+14	2.913974e-01	-2.371647e+00
1.952269e+14	3.598856e-01	-2.603347e+00
1.952015e+14	4.278623e-01	-2.832478e+00
1.951760e+14	4.919296e-01	-3.056251e+00
1.951506e+14	5.494328e-01	3.010712e+00
1.951251e+14	5.987220e-01	2.803375e+00
1.950997e+14	6.390852e-01	2.605321e+00
1.950743e+14	6.704649e-01	2.416084e+00
1.950489e+14	6.931066e-01	2.234482e+00
1.950234e+14	7.072318e-01	2.058745e+00
1.949980e+14	7.127556e-01	1.886573e+00
1.949726e+14	7.090108e-01	1.715089e+00
1.949473e+14	6.944051e-01	1.540660e+00
1.949219e+14	6.659072e-01	1.358565e+00
1.948965e+14	6.182454e-01	1.162497e+00
1.948711e+14	5.428034e-01	9.440340e-01
1.948458e+14	4.268753e-01	6.927033e-01
1.948204e+14	2.562891e-01	3.988114e-01
1.947951e+14	2.796690e-02	7.547903e-02
1.947697e+14	2.297581e-01	2.834624e+00
1.947444e+14	4.631909e-01	2.486536e+00
1.947190e+14	6.370624e-01	2.181503e+00
1.946937e+14	7.522252e-01	1.927247e+00
1.946684e+14	8.252989e-01	1.716484e+00
1.946431e+14	8.717288e-01	1.538627e+00
1.946178e+14	9.018336e-01	1.384630e+00
1.945925e+14	9.218426e-01	1.247788e+00
1.945672e+14	9.354346e-01	1.123314e+00
1.945419e+14	9.447992e-01	1.007775e+00
1.945166e+14	9.512624e-01	8.986391e-01
1.944914e+14	9.556381e-01	7.939739e-01
1.944661e+14	9.584255e-01	6.922273e-01
1.944408e+14	9.599195e-01	5.920829e-01
1.944156e+14	9.602714e-01	4.923504e-01
1.943903e+14	9.595183e-01	3.918797e-01
1.943651e+14	9.575914e-01	2.894829e-01
1.943399e+14	9.543050e-01	1.838558e-01
1.943146e+14	9.493249e-01	7.348776e-02
1.942894e+14	9.421074e-01	-4.344866e-02
1.942642e+14	9.317972e-01	-1.692407e-01
1.942390e+14	9.170596e-01	-3.068200e-01
1.942138e+14	8.958196e-01	-4.599906e-01
1.941886e+14	8.648920e-01	-6.336674e-01
1.941634e+14	8.195763e-01	-8.340068e-01
1.941382e+14	7.535984e-01	-1.068138e+00
1.941131e+14	6.604693e-01	-1.343061e+00
1.940879e+14	5.378742e-01	-1.663943e+00
1.940627e+14	3.945036e-01	-2.035369e+00
1.940376e+14	2.526564e-01	-2.476460e+00
1.940124e+14	1.413351e-01	-3.068470e+00
1.939873e+14	8.654138e-02	2.355023e+00
1.939622e+14	7.903098e-02	1.664711e+00
1.939370e+14	8.099117e-02	1.579093e+00
1.939119e+14	1.146314e-01	1.876087e+00
1.938868e+14	2.081558e-01	1.944734e+00
1.938617e+14	3.421783e-01	1.790416e+00
1.938366e+14	4.876661e-01	1.553409e+00
1.938115e+14	6.190178e-01	1.299696e+00
1.937864e+14	7.226102e-01	1.059602e+00
1.937613e+14	7.975823e-01	8.444472e-01
1.937362e+14	8.495538e-01	6.552684e-01
1.937112e+14	8.850942e-01	4.887927e-01
1.936861e+14	9.094663e-01	3.407150e-01
1.936611e+14	9.263399e-01	2.070385e-01
1.936360e+14	9.381342e-01	8.444222e-02
1.936110e+14	9.464129e-01	-2.973015e-02
1.935859e+14	9.521813e-01	-1.375934e-01
1.935609e+14	9.560828e-01	-2.408548e-01
1.935359e+14	9.585211e-01	-3.409311e-01
1.935109e+14	9.597342e-01	-4.390438e-01
1.934858e+14	9.598358e-01	-5.362983e-01
1.934608e+14	9.588337e-01	-6.337537e-01
1.934358e+14	9.566309e-01	-7.324900e-01
1.934109e+14	9.530062e-01	-8.336814e-01
1.933859e+14	9.475718e-01	-9.386853e-01
1.933609e+14	9.396928e-01	-1.049161e+00
1.933359e+14	9.283440e-01	-1.167235e+00
1.933110e+14	9.118568e-01	-1.295748e+00
1.932860e+14	8.874725e-01	-1.438599e+00
1.932610e+14	8.505702e-01	-1.601234e+00
1.932361e+14	7.934406e-01	-1.791146e+00
1.932112e+14	7.038693e-01	-2.017919e+00
1.931862e+14	5.656120e-01	-2.291122e+00
1.931613e+14	3.669776e-01	-2.613138e+00
1.931364e+14	1.212930e-01	-2.969055e+00
1.931115e+14	1.254557e-01	-1.719245e-01
1.930865e+14	3.284195e-01	-4.908093e-01
1.930616e+14	4.743006e-01	-7.641446e-01
1.930368e+14	5.722321e-01	-9.989405e-01
1.930119e+14	6.358636e-01	-1.205633e+00
1.929870e+14	6.759142e-01	-1.393672e+00
1.929621e+14	6.993948e-01	-1.570377e+00
1.929372e+14	7.105528e-01	-1.741226e+00
1.929124e+14	7.118126e-01	-1.910369e+00
1.928875e+14	7.044212e-01	-2.081049e+00
1.928627e+14	6.888637e-01	-2.255872e+00
1.928378e+14	6.651511e-01	-2.436943e+00
1.928130e+14	6.330649e-01	-2.625895e+00
1.927882e+14	5.924147e-01	-2.823836e+00
1.927633e+14	5.433349e-01	-3.031241e+00
1.927385e+14	4.865916e-01	3.035332e+00
1.927137e+14	4.238154e-01	2.810521e+00
1.926889e+14	3.575313e-01	2.579123e+00
1.926641e+14	2.909045e-01	2.343019e+00
1.926393e+14	2.272461e-01	2.103878e+00
1.926145e+14	1.694611e-01	1.862615e+00
1.925897e+14	1.196420e-01	1.618799e+00
1.925650e+14	7.891199e-02	1.369736e+00
1.925402e+14	4.748844e-02	1.108075e+00
1.925154e+14	2.487179e-02	8.129274e-01
1.924907e+14	1.011504e-02	3.997447e-01
1.924659e+14	2.882034e-03	-7.893837e-01
1.924412e+14	3.938212e-03	-2.314039e+00
1.924165e+14	4.766521e-03	-2.837548e+00
1.923917e+14	4.737024e-03	3.023592e+00
1.923670e+14	5.390778e-03	2.637400e+00
1.923423e+14	8.082786e-03	2.381147e+00
1.923176e+14	1.397935e-02	2.213788e+00
1.922929e+14	2.412510e-02	2.054297e+00
1.922682e+14	3.923937e-02	1.880214e+00
1.922435e+14	5.964527e-02	1.692871e+00
1.922188e+14	8.525936e-02	1.496513e+00
1.921941e+14	1.155905e-01	1.294407e+00
1.921694e+14	1.497605e-01	1.088837e+00
1.921448e+14	1.865616e-01	8.814967e-01
1.921201e+14	2.245555e-01	6.737464e-01
1.920955e+14	2.622037e-01	4.667096e-01
1.920708e+14	2.980054e-01	2.612829e-01
1.920462e+14	3.306147e-01	5.810410e-02
1.920215e+14	3.589124e-01	-1.424803e-01
1.919969e+14	3.820266e-01	-3.404287e-01
1.919723e+14	3.993077e-01	-5.359922e-01
1.919477e+14	4.102758e-01	-7.296795e-01
1.919231e+14	4.145595e-01	-9.222079e-01
1.918985e+14	4.118415e-01	-1.114445e+00
1.918739e+14	4.018243e-01	-1.307347e+00
1.918493e+14	3.842245e-01	-1.501888e+00
1.918247e+14	3.588019e-01	-1.698988e+00
1.918001e+14	3.254274e-01	-1.899422e+00
1.917756e+14	2.841896e-01	-2.103734e+00
1.917510e+14	2.355259e-01	-2.312150e+00
1.917264e+14	1.803483e-01	-2.524547e+00
1.917019e+14	1.201148e-01	-2.740596e+00
1.916773e+14	5.679937e-02	-2.961150e+00
1.916528e+14	7.282409e-03	2.204865e-02
1.916283e+14	6.967874e-02	-2.420191e-01
1.916037e+14	1.281997e-01	-4.595869e-01
1.915792e+14	1.810499e-01	-6.726664e-01
1.915547e+14	2.269859e-01	-8.819430e-01
1.915302e+14	2.652998e-01	-1.087588e+00
1.915057e+14	2.957263e-01	-1.289967e+00
1.914812e+14	3.183180e-01	-1.489665e+00
1.914567e+14	3.333278e-01	-1.687424e+00
1.914322e+14	3.411214e-01	-1.884057e+00
1.914077e+14	3.421252e-01	-2.080378e+00
1.913833e+14	3.368073e-01	-2.277142e+00
1.913588e+14	3.256820e-01	-2.474996e+00
1.913344e+14	3.093309e-01	-2.674447e+00
1.913099e+14	2.884279e-01	-2.875839e+00
1.912855e+14	2.637591e-01	-3.079352e+00
1.912610e+14	2.362286e-01	2.998169e+00
1.912366e+14	2.068414e-01	2.790435e+00
1.912122e+14	1.766641e-01	2.580761e+00
1.911877e+14	1.467662e-01	2.369240e+00
1.911633e+14	1.181526e-01	2.155813e+00
1.911389e+14	9.169814e-02	1.940097e+00
1.911145e+14	6.809657e-02	1.721108e+00
1.910901e+14	4.782882e-02	1.496649e+00
1.910657e+14	3.115266e-02	1.261717e+00
1.910413e+14	1.811309e-02	1.003045e+00
1.910170e+14	8.584561e-03	6.718496e-01
1.909926e+14	2.576431e-03	-1.009172e-01
1.909682e+14	2.668522e-03	-2.016571e+00
1.909439e+14	4.266337e-03	-2.569142e+00
1.909195e+14	4.765522e-03	-2.900680e+00
1.908952e+14	4.713094e-03	3.078030e+00
1.908708e+14	4.816206e-03	2.776824e+00
1.908465e+14	5.747373e-03	2.508728e+00
1.908222e+14	8.090826e-03	2.296378e+00
1.907979e+14	1.235718e-02	2.116184e+00
1.907735e+14	1.896020e-02	1.941077e+00
1.907492e+14	2.817070e-02	1.761012e+00
1.907249e+14	4.009506e-02	1.574877e+00
1.907006e+14	5.466848e-02	1.383876e+00
1.906763e+14	7.165566e-02	1.189383e+00
1.906521e+14	9.065940e-02	9.925062e-01
1.906278e+14	1.111389e-01	7.940979e-01
1.906035e+14	1.324380e-01	5.948212e-01
1.905792e+14	1.538217e-01	3.952028e-01
1.905550e+14	1.745178e-01	1.956573e-01
1.905307e+14	1.937586e-01	-3.505865e-03
1.905065e+14	2.108169e-01	-2.020855e-01
1.904822e+14	2.250347e-01	-3.999930e-01
1.904580e+14	2.358399e-01	-5.972519e-01
1.904338e+14	2.427552e-01	-7.939915e-01
1.904096e+14	2.453992e-01	-9.904316e-01
1.903853e+14	2.434860e-01	-1.186861e+00
1.903611e+14	2.368253e-01	-1.383610e+00
1.903369e+14	2.253273e-01	-1.581017e+00
1.903127e+14	2.090145e-01	-1.779397e+00
1.902885e+14	1.880386e-01	-1.979013e+00
1.902644e+14	1.627005e-01	-2.180046e+00
1.902402e+14	1.334685e-01	-2.382604e+00
1.902160e+14	1.009867e-01	-2.586777e+00
1.901918e+14	6.606771e-02	-2.792965e+00
1.901677e+14	2.966428e-02	-3.004616e+00
1.901435e+14	7.195026e-03	-5.994418e-03
1.901194e+14	4.341225e-02	-2.528095e-01
1.900952e+14	7.799086e-02	-4.609274e-01
1.900711e+14	1.100091e-01	-6.658031e-01
1.900470e+14	1.387032e-01	-8.688914e-01
1.900228e+14	1.634852e-01	-1.070489e+00
1.899987e+14	1.839459e-01	-1.270770e+00
1.899746e+14	1.998429e-01	-1.469944e+00
1.899505e+14	2.110811e-01	-1.668279e+00
1.899264e+14	2.176912e-01	-1.866086e+00
1.899023e+14	2.198112e-01	-2.063692e+00
1.898782e+14	2.176728e-01	-2.261422e+00
1.898542e+14	2.115929e-01	-2.459569e+00
1.898301e+14	2.019684e-01	-2.658378e+00
1.898060e+14	1.892718e-01	-2.858039e+00
1.897819e+14	1.740445e-01	-3.058684e+00
1.897579e+14	1.568861e-01	3.022790e+00
1.897338e+14	1.384362e-01	2.819956e+00
1.897098e+14	1.193517e-01	2.615936e+00
1.896858e+14	1.002783e-01	2.410610e+00
1.896617e+14	8.182124e-02	2.203725e+00
1.896377e+14	6.451629e-02	1.994768e+00
1.896137e+14	4.880657e-02	1.782722e+00
1.895897e+14	3.502537e-02	1.565529e+00
1.895657e+14	2.338717e-02	1.338628e+00
1.895417e+14	1.398839e-02	1.089934e+00
1.895177e+14	6.828627e-03	7.743308e-01
1.894937e+14	2.037417e-03	2.576732e-02
1.894697e+14	2.297382e-03	-1.970069e+00
1.894457e+14	3.960934e-03	-2.486415e+00
1.894217e+14	4.683757e-03	-2.788553e+00
1.893978e+14	4.765691e-03	-3.056655e+00
1.893738e+14	4.640315e-03	2.961067e+00
1.893499e+14	4.753591e-03	2.697838e+00
1.893259e+14	5.522004e-03	2.456181e+00
1.893020e+14	7.311122e-03	2.248355e+00
1.892780e+14	1.043377e-02	2.062896e+00
1.892541e+14	1.513642e-02	1.883684e+00
1.892302e+14	2.157762e-02	1.702752e+00
1.892063e+14	2.981552e-02	1.518121e+00
1.891824e+14	3.980335e-02	1.330039e+00
1.891585e+14	5.138999e-02	1.139259e+00
1.891346e+14	6.432496e-02	9.465089e-01
1.891107e+14	7.826837e-02	7.523815e-01
1.890868e+14	9.280556e-02	5.573433e-01
1.890629e+14	1.074661e-01	3.617593e-01
1.890390e+14	1.217453e-01	1.659135e-01
1.890152e+14	1.351276e-01	-2.998032e-02
1.889913e+14	1.471082e-01	-2.257740e-01
1.889674e+14	1.572133e-01	-4.213831e-01
1.889436e+14	1.650159e-01	-6.167847e-01
1.889197e+14	1.701484e-01	-8.120138e-01
1.888959e+14	1.723113e-01	-1.007156e+00
1.888721e+14	1.712800e-01	-1.202336e+00
1.888482e+14	1.669097e-01	-1.397705e+00
1.888244e+14	1.591407e-01	-1.593425e+00
1.888006e+14	1.480040e-01	-1.789654e+00
1.887768e+14	1.336269e-01	-1.986531e+00
1.887530e+14	1.162376e-01	-2.184173e+00
1.887292e+14	9.616795e-02	-2.382693e+00
1.887054e+14	7.385051e-02	-2.582274e+00
1.886816e+14	4.980990e-02	-2.783498e+00
1.886578e+14	2.464621e-02	-2.989765e+00
1.886341e+14	1.049934e-03	2.915093e-01
1.886103e+14	2.643885e-02	-2.208984e-01
1.885865e+14	5.102448e-02	-4.262972e-01
1.885628e+14	7.414013e-02	-6.272287e-01
1.885390e+14	9.523933e-02	-8.265922e-01
1.885153e+14	1.138645e-01	-1.024946e+00
1.884916e+14	1.296577e-01	-1.222495e+00
1.884678e+14	1.423641e-01	-1.419385e+00
1.884441e+14	1.518305e-01	-1.615765e+00
1.884204e+14	1.579998e-01	-1.811801e+00
1.883967e+14	1.609040e-01	-2.007673e+00
1.883730e+14	1.606577e-01	-2.203564e+00
1.883493e+14	1.574505e-01	-2.399649e+00
1.883256e+14	1.515413e-01	-2.596083e+00
1.883019e+14	1.432509e-01	-2.793000e+00
1.882782e+14	1.329535e-01	-2.990513e+00
1.882545e+14	1.210670e-01	3.094473e+00
1.882309e+14	1.080393e-01	2.895500e+00
1.882072e+14	9.433303e-02	2.695648e+00
1.881835e+14	8.040786e-02	2.494763e+00
1.881599e+14	6.670221e-02	2.292584e+00
1.881362e+14	5.361538e-02	2.088645e+00
1.881126e+14	4.149182e-02	1.882096e+00
1.880890e+14	3.060857e-02	1.671290e+00
1.880653e+14	2.116695e-02	1.452718e+00
1.880417e+14	1.328966e-02	1.217547e+00
1.880181e+14	7.029015e-03	9.357436e-01
1.879945e+14	2.457069e-03	4.101151e-01
1.879709e+14	1.614526e-03	-1.684143e+00
1.879473e+14	3.424513e-03	-2.342865e+00
1.879237e+14	4.452023e-03	-2.648141e+00
1.879001e+14	4.786870e-03	-2.902596e+00
1.878765e+14	4.715633e-03	3.136198e+00
1.878529e+14	4.554924e-03	2.890724e+00
1.878294e+14	4.621532e-03	2.646727e+00
1.878058e+14	5.210622e-03	2.417583e+00
1.877822e+14	6.581944e-03	2.212518e+00
1.877587e+14	8.955333e-03	2.025599e+00
1.877351e+14	1.250203e-02	1.845549e+00
1.877116e+14	1.733182e-02	1.665445e+00
1.876881e+14	2.348452e-02	1.482892e+00
1.876645e+14	3.092660e-02	1.297637e+00
1.876410e+14	3.955145e-02	1.110098e+00
1.876175e+14	4.918265e-02	9.208030e-01
1.875940e+14	5.958035e-02	7.302174e-01
1.875705e+14	7.045059e-02	5.387181e-01
1.875470e+14	8.145723e-02	3.466016e-01
1.875235e+14	9.223590e-02	1.540977e-01
1.875000e+14	1.024090e-01	-3.861904e-02
