("port 1","TE",1,"port 1",1,"modulation")
(1,1)
0.00371
(500,3)
2.000000e+14	8.561179e-02	-2.780217e-01
1.999733e+14	7.309770e-02	-5.033795e-01
1.999466e+14	6.065382e-02	-7.296184e-01
1.999199e+14	4.878567e-02	-9.568986e-01
1.998932e+14	3.792856e-02	-1.185455e+00
1.998665e+14	2.842498e-02	-1.415577e+00
1.998398e+14	2.050798e-02	-1.647465e+00
1.998131e+14	1.429124e-02	-1.880686e+00
1.997865e+14	9.766043e-03	-2.112642e+00
1.997598e+14	6.805829e-03	-2.335746e+00
1.997332e+14	5.179328e-03	-2.537760e+00
1.997065e+14	4.569629e-03	-2.715579e+00
1.996799e+14	4.588309e-03	-2.884781e+00
1.996532e+14	4.792746e-03	-3.057222e+00
1.996266e+14	4.720157e-03	3.057865e+00
1.996000e+14	3.931140e-03	2.928519e+00
1.995734e+14	2.144084e-03	3.042176e+00
1.995468e+14	2.233445e-03	-1.567026e+00
1.995202e+14	7.279152e-03	-1.339178e+00
1.994936e+14	1.453708e-02	-1.463208e+00
1.994670e+14	2.385256e-02	-1.644068e+00
1.994404e+14	3.511849e-02	-1.843867e+00
1.994139e+14	4.811253e-02	-2.052180e+00
1.993873e+14	6.248820e-02	-2.264958e+00
1.993608e+14	7.778538e-02	-2.480257e+00
1.993342e+14	9.345064e-02	-2.696997e+00
1.993077e+14	1.088649e-01	-2.914510e+00
1.992812e+14	1.233752e-01	-3.132357e+00
1.992546e+14	1.363279e-01	2.932933e+00
1.992281e+14	1.470998e-01	2.715157e+00
1.992016e+14	1.551246e-01	2.497566e+00
1.991751e+14	1.599140e-01	2.280139e+00
1.991486e+14	1.610740e-01	2.062784e+00
1.991221e+14	1.583174e-01	1.845360e+00
1.990956e+14	1.514746e-01	1.627701e+00
1.990691e+14	1.405055e-01	1.409656e+00
1.990427e+14	1.255106e-01	1.191127e+00
1.990162e+14	1.067421e-01	9.721282e-01
1.989898e+14	8.461123e-02	7.529013e-01
1.989633e+14	5.968741e-02	5.342769e-01
1.989369e+14	3.268599e-02	3.198412e-01
1.989104e+14	4.463179e-03	2.014642e-01
1.988840e+14	2.416629e-02	2.978437e+00
1.988576e+14	5.216643e-02	2.768242e+00
1.988312e+14	7.868561e-02	2.550072e+00
1.988048e+14	1.029113e-01	2.330697e+00
1.987784e+14	1.241562e-01	2.111374e+00
1.987520e+14	1.418814e-01	1.892481e+00
1.987256e+14	1.557067e-01	1.674088e+00
1.986992e+14	1.654092e-01	1.456112e+00
1.986729e+14	1.709161e-01	1.238374e+00
1.986465e+14	1.722946e-01	1.020652e+00
1.986201e+14	1.697414e-01	8.027076e-01
1.985938e+14	1.635739e-01	5.843205e-01
1.985674e+14	1.542202e-01	3.653030e-01
1.985411e+14	1.422070e-01	1.455126e-01
1.985148e+14	1.281433e-01	-7.514961e-02
1.984885e+14	1.126964e-01	-2.967518e-01
1.984622e+14	9.656256e-02	-5.193553e-01
1.984358e+14	8.043111e-02	-7.430498e-01
1.984095e+14	6.494736e-02	-9.679959e-01
1.983832e+14	5.067636e-02	-1.194473e+00
1.983570e+14	3.807193e-02	-1.422915e+00
1.983307e+14	2.745329e-02	-1.653876e+00
1.983044e+14	1.899063e-02	-1.887720e+00
1.982781e+14	1.269951e-02	-2.123392e+00
1.982519e+14	8.444067e-03	-2.354968e+00
1.982256e+14	5.950727e-03	-2.567093e+00
1.981994e+14	4.835219e-03	-2.744009e+00
1.981732e+14	4.626512e-03	-2.896520e+00
1.981469e+14	4.776860e-03	-3.047893e+00
1.981207e+14	4.697263e-03	3.087942e+00
1.980945e+14	3.823461e-03	2.992457e+00
1.980683e+14	1.895842e-03	-2.979026e+00
1.980421e+14	3.399002e-03	-1.384327e+00
1.980159e+14	9.700089e-03	-1.291074e+00
1.979897e+14	1.872038e-02	-1.425850e+00
1.979635e+14	3.043293e-02	-1.607170e+00
1.979373e+14	4.476198e-02	-1.805448e+00
1.979112e+14	6.147250e-02	-2.011721e+00
1.978850e+14	8.016055e-02	-2.222293e+00
1.978588e+14	1.002645e-01	-2.435294e+00
1.978327e+14	1.210906e-01	-2.649616e+00
1.978066e+14	1.418495e-01	-2.864525e+00
1.977804e+14	1.617007e-01	-3.079507e+00
1.977543e+14	1.797984e-01	2.988978e+00
1.977282e+14	1.953329e-01	2.774769e+00
1.977021e+14	2.075636e-01	2.561127e+00
1.976760e+14	2.158414e-01	2.347994e+00
1.976499e+14	2.196210e-01	2.135197e+00
1.976238e+14	2.184684e-01	1.922469e+00
1.975977e+14	2.120677e-01	1.709482e+00
1.975716e+14	2.002313e-01	1.495889e+00
1.975455e+14	1.829188e-01	1.281379e+00
1.975195e+14	1.602632e-01	1.065739e+00
1.974934e+14	1.326022e-01	8.489313e-01
1.974674e+14	1.005052e-01	6.312506e-01
1.974413e+14	6.478589e-02	4.138718e-01
1.974153e+14	2.649039e-02	2.041522e-01
1.973892e+14	1.317390e-02	3.066089e+00
1.973632e+14	5.283588e-02	2.873672e+00
1.973372e+14	9.118871e-02	2.656803e+00
1.973112e+14	1.269864e-01	2.438500e+00
1.972852e+14	1.591645e-01	2.220808e+00
1.972592e+14	1.868835e-01	2.004303e+00
1.972332e+14	2.095442e-01	1.789112e+00
1.972072e+14	2.267754e-01	1.575104e+00
1.971812e+14	2.384072e-01	1.361983e+00
1.971553e+14	2.444415e-01	1.149352e+00
1.971293e+14	2.450269e-01	9.367640e-01
1.971034e+14	2.404440e-01	7.237767e-01
1.970774e+14	2.310997e-01	5.099943e-01
1.970515e+14	2.175267e-01	2.950986e-01
1.970255e+14	2.003837e-01	7.886664e-02
1.969996e+14	1.804474e-01	-1.388283e-01
1.969737e+14	1.585929e-01	-3.580352e-01
1.969478e+14	1.357585e-01	-5.787629e-01
1.969219e+14	1.128968e-01	-8.010375e-01
1.968960e+14	9.091696e-02	-1.024977e+00
1.968701e+14	7.062674e-02	-1.250880e+00
1.968442e+14	5.268102e-02	-1.479334e+00
1.968183e+14	3.754366e-02	-1.711294e+00
1.967924e+14	2.546430e-02	-1.947995e+00
1.967666e+14	1.646957e-02	-2.189995e+00
1.967407e+14	1.036624e-02	-2.433099e+00
1.967148e+14	6.757742e-03	-2.658240e+00
1.966890e+14	5.087195e-03	-2.831931e+00
1.966632e+14	4.689748e-03	-2.955962e+00
1.966373e+14	4.789338e-03	-3.071073e+00
1.966115e+14	4.534872e-03	3.110733e+00
1.965857e+14	3.169269e-03	-3.126263e+00
1.965599e+14	2.147462e-03	-1.811371e+00
1.965341e+14	7.871093e-03	-1.209777e+00
1.965083e+14	1.775185e-02	-1.278180e+00
1.964825e+14	3.158572e-02	-1.438826e+00
1.964567e+14	4.950780e-02	-1.627741e+00
1.964309e+14	7.144140e-02	-1.829017e+00
1.964051e+14	9.704062e-02	-2.036741e+00
1.963794e+14	1.256807e-01	-2.248075e+00
1.963536e+14	1.564779e-01	-2.461340e+00
1.963279e+14	1.883400e-01	-2.675356e+00
1.963021e+14	2.200411e-01	-2.889207e+00
1.962764e+14	2.503114e-01	-3.102178e+00
1.962507e+14	2.779231e-01	2.969435e+00
1.962249e+14	3.017562e-01	2.759557e+00
1.961992e+14	3.208345e-01	2.551424e+00
1.961735e+14	3.343290e-01	2.344837e+00
1.961478e+14	3.415367e-01	2.139359e+00
1.961221e+14	3.418485e-01	1.934353e+00
1.960964e+14	3.347192e-01	1.729024e+00
1.960707e+14	3.196555e-01	1.522489e+00
1.960450e+14	2.962364e-01	1.313862e+00
1.960194e+14	2.641748e-01	1.102358e+00
1.959937e+14	2.234274e-01	8.874284e-01
1.959681e+14	1.743436e-01	6.689408e-01
1.959424e+14	1.178206e-01	4.475174e-01
1.959168e+14	5.540916e-02	2.264380e-01
1.958911e+14	1.071785e-02	3.085923e+00
1.958655e+14	7.787658e-02	2.897389e+00
1.958399e+14	1.433156e-01	2.673585e+00
1.958143e+14	2.044737e-01	2.450623e+00
1.957886e+14	2.593193e-01	2.230883e+00
1.957630e+14	3.064764e-01	2.015198e+00
1.957374e+14	3.451962e-01	1.803680e+00
1.957119e+14	3.752246e-01	1.595925e+00
1.956863e+14	3.966343e-01	1.391161e+00
1.956607e+14	4.096754e-01	1.188378e+00
1.956351e+14	4.146722e-01	9.864519e-01
1.956096e+14	4.119706e-01	7.842394e-01
1.955840e+14	4.019337e-01	5.806634e-01
1.955585e+14	3.849763e-01	3.747861e-01
1.955329e+14	3.616262e-01	1.658719e-01
1.955074e+14	3.325982e-01	-4.656485e-02
1.954818e+14	2.988595e-01	-2.627374e-01
1.954563e+14	2.616617e-01	-4.826032e-01
1.954308e+14	2.225175e-01	-7.059336e-01
1.954053e+14	1.831119e-01	-9.324412e-01
1.953798e+14	1.451603e-01	-1.161966e+00
1.953543e+14	1.102421e-01	-1.394714e+00
1.953288e+14	7.964834e-02	-1.631568e+00
1.953033e+14	5.427240e-02	-1.874478e+00
1.952779e+14	3.455215e-02	-2.126865e+00
1.952524e+14	2.045514e-02	-2.392931e+00
1.952269e+14	1.148665e-02	-2.669536e+00
1.952015e+14	6.716678e-03	-2.912901e+00
1.951760e+14	4.924784e-03	-3.029018e+00
1.951506e+14	4.766171e-03	-3.049987e+00
1.951251e+14	4.598340e-03	-3.045639e+00
1.950997e+14	3.064210e-03	-2.675535e+00
1.950743e+14	5.717770e-03	-1.292395e+00
1.950489e+14	1.754015e-02	-1.132870e+00
1.950234e+14	3.729811e-02	-1.250579e+00
1.949980e+14	6.601496e-02	-1.430935e+00
1.949726e+14	1.044503e-01	-1.636080e+00
1.949473e+14	1.526609e-01	-1.854304e+00
1.949219e+14	2.097547e-01	-2.080352e+00
1.948965e+14	2.737635e-01	-2.310772e+00
1.948711e+14	3.417427e-01	-2.542480e+00
1.948458e+14	4.101638e-01	-2.772421e+00
1.948204e+14	4.755226e-01	-2.997705e+00
1.947951e+14	5.349333e-01	3.067230e+00
1.947697e+14	5.864775e-01	2.857589e+00
1.947444e+14	6.292173e-01	2.657202e+00
1.947190e+14	6.629551e-01	2.465821e+00
1.946937e+14	6.878894e-01	2.282442e+00
1.946684e+14	7.042767e-01	2.105445e+00
1.946431e+14	7.121405e-01	1.932676e+00
1.946178e+14	7.109999e-01	1.761431e+00
1.945925e+14	6.995550e-01	1.588311e+00
1.945672e+14	6.752320e-01	1.408938e+00
1.945419e+14	6.334710e-01	1.217501e+00
1.945166e+14	5.666890e-01	1.006202e+00
1.944914e+14	4.632847e-01	7.650420e-01
1.944661e+14	3.088156e-01	4.835323e-01
1.944408e+14	9.518198e-02	1.595831e-01
1.944156e+14	1.592676e-01	2.933462e+00
1.943903e+14	4.043026e-01	2.578750e+00
1.943651e+14	5.956396e-01	2.260308e+00
1.943399e+14	7.254544e-01	1.992589e+00
1.943146e+14	8.083471e-01	1.771014e+00
1.942894e+14	8.608653e-01	1.585172e+00
1.942642e+14	8.947054e-01	1.425424e+00
1.942390e+14	9.170500e-01	1.284451e+00
1.942138e+14	9.321490e-01	1.157002e+00
1.941886e+14	9.425238e-01	1.039325e+00
1.941634e+14	9.496939e-01	9.286774e-01
1.941382e+14	9.545897e-01	8.229888e-01
1.941131e+14	9.577835e-01	7.206200e-01
1.940879e+14	9.596192e-01	6.202031e-01
1.940627e+14	9.602840e-01	5.205238e-01
1.940376e+14	9.598453e-01	4.204306e-01
1.940124e+14	9.582645e-01	3.187558e-01
1.939873e+14	9.553916e-01	2.142382e-01
1.939622e+14	9.509396e-01	1.054382e-01
1.939370e+14	9.444332e-01	-9.366693e-03
1.939119e+14	9.351211e-01	-1.323130e-01
1.938868e+14	9.218289e-01	-2.661237e-01
1.938617e+14	9.027294e-01	-4.143243e-01
1.938366e+14	8.750032e-01	-5.814848e-01
1.938115e+14	8.344254e-01	-7.734022e-01
1.937864e+14	7.751368e-01	-9.969899e-01
1.937613e+14	6.904325e-01	-1.259457e+00
1.937362e+14	5.761420e-01	-1.566642e+00
1.937112e+14	4.371354e-01	-1.922702e+00
1.936861e+14	2.920799e-01	-2.339543e+00
1.936611e+14	1.690265e-01	-2.873396e+00
1.936360e+14	9.622194e-02	2.621641e+00
1.936110e+14	7.966278e-02	1.807362e+00
1.935859e+14	7.980239e-02	1.540412e+00
1.935609e+14	9.889673e-02	1.790996e+00
1.935359e+14	1.753493e-01	1.954280e+00
1.935109e+14	3.002691e-01	1.847751e+00
1.934858e+14	4.452549e-01	1.626437e+00
1.934608e+14	5.827574e-01	1.373752e+00
1.934358e+14	6.950640e-01	1.128069e+00
1.934109e+14	7.780417e-01	9.053047e-01
1.933859e+14	8.360983e-01	7.088142e-01
1.933609e+14	8.758803e-01	5.361637e-01
1.933359e+14	9.031151e-01	3.831620e-01
1.933110e+14	9.219160e-01	2.456640e-01
1.932860e+14	9.350269e-01	1.201463e-01
1.932610e+14	9.442281e-01	3.770962e-03
1.932361e+14	9.506658e-01	-1.057199e-01
1.932112e+14	9.550751e-01	-2.101391e-01
1.931862e+14	9.579213e-01	-3.109766e-01
1.931613e+14	9.594864e-01	-4.095016e-01
1.931364e+14	9.599184e-01	-5.068446e-01
1.931115e+14	9.592564e-01	-6.040698e-01
1.930865e+14	9.574362e-01	-7.022416e-01
1.930616e+14	9.542778e-01	-8.024951e-01
1.930368e+14	9.494512e-01	-9.061190e-01
1.930119e+14	9.424092e-01	-1.014663e+00
1.929870e+14	9.322676e-01	-1.130086e+00
1.929621e+14	9.175934e-01	-1.254974e+00
1.929372e+14	8.960299e-01	-1.392851e+00
1.929124e+14	8.636420e-01	-1.548623e+00
1.928875e+14	8.138384e-01	-1.729099e+00
1.928627e+14	7.359244e-01	-1.943277e+00
1.928378e+14	6.145560e-01	-2.201185e+00
1.928130e+14	4.349202e-01	-2.508569e+00
1.927882e+14	2.002611e-01	-2.856381e+00
1.927633e+14	5.182912e-02	-6.075630e-02
1.927385e+14	2.713200e-01	-3.964094e-01
1.927137e+14	4.345547e-01	-6.833565e-01
1.926889e+14	5.459043e-01	-9.289767e-01
1.926641e+14	6.188906e-01	-1.143240e+00
1.926393e+14	6.653936e-01	-1.336134e+00
1.926145e+14	6.934960e-01	-1.515636e+00
1.925897e+14	7.081907e-01	-1.687735e+00
1.925650e+14	7.123874e-01	-1.856940e+00
1.925402e+14	7.076479e-01	-2.026737e+00
1.925154e+14	6.946615e-01	-2.199910e+00
1.924907e+14	6.735618e-01	-2.378709e+00
1.924659e+14	6.441767e-01	-2.564918e+00
1.924412e+14	6.062771e-01	-2.759818e+00
1.924165e+14	5.598602e-01	-2.964099e+00
1.923917e+14	5.054587e-01	3.105442e+00
1.923670e+14	4.444098e-01	2.883207e+00
1.923423e+14	3.789627e-01	2.653824e+00
1.923176e+14	3.121175e-01	2.419130e+00
1.922929e+14	2.471951e-01	2.180916e+00
1.922682e+14	1.872807e-01	1.940391e+00
1.922435e+14	1.347538e-01	1.697627e+00
1.922188e+14	9.104971e-02	1.450796e+00
1.921941e+14	5.666094e-02	1.194496e+00
1.921694e+14	3.129546e-02	9.141328e-01
1.921448e+14	1.411386e-02	5.590050e-01
1.921201e+14	4.265891e-03	-1.949984e-01
1.920955e+14	3.345422e-03	-2.023170e+00
1.920708e+14	4.659486e-03	-2.690302e+00
1.920462e+14	4.747466e-03	-3.122190e+00
1.920215e+14	5.011731e-03	2.752451e+00
1.919969e+14	6.904792e-03	2.449096e+00
1.919723e+14	1.162167e-02	2.264289e+00
1.919477e+14	2.026712e-02	2.107408e+00
1.919231e+14	3.368174e-02	1.938759e+00
1.918985e+14	5.232041e-02	1.755561e+00
1.918739e+14	7.623448e-02	1.561972e+00
1.918493e+14	1.050673e-01	1.361658e+00
1.918247e+14	1.380656e-01	1.157190e+00
1.918001e+14	1.741239e-01	9.504235e-01
1.917756e+14	2.118691e-01	7.428152e-01
1.917510e+14	2.497831e-01	5.355634e-01
1.917264e+14	2.863404e-01	3.296432e-01
1.917019e+14	3.201350e-01	1.257830e-01
1.916773e+14	3.499692e-01	-7.557026e-02
1.916528e+14	3.748905e-01	-2.742728e-01
1.916283e+14	3.941808e-01	-4.704798e-01
1.916037e+14	4.073111e-01	-6.646172e-01
1.915792e+14	4.138806e-01	-8.573370e-01
1.915547e+14	4.135593e-01	-1.049462e+00
1.915302e+14	4.060459e-01	-1.241923e+00
1.915057e+14	3.910513e-01	-1.435696e+00
1.914812e+14	3.683153e-01	-1.631725e+00
1.914567e+14	3.376613e-01	-1.830845e+00
1.914322e+14	2.990900e-01	-2.033686e+00
1.914077e+14	2.529047e-01	-2.240590e+00
1.913833e+14	1.998423e-01	-2.451551e+00
1.913588e+14	1.411700e-01	-2.666270e+00
1.913344e+14	7.869391e-02	-2.884770e+00
1.913099e+14	1.464637e-02	-3.123652e+00
1.912855e+14	4.856937e-02	-1.651358e-01
1.912610e+14	1.086204e-01	-3.852501e-01
1.912366e+14	1.635630e-01	-5.995972e-01
1.912122e+14	2.119638e-01	-8.100620e-01
1.911877e+14	2.529389e-01	-1.016826e+00
1.911633e+14	2.860842e-01	-1.220174e+00
1.911389e+14	3.113568e-01	-1.420620e+00
1.911145e+14	3.289514e-01	-1.618859e+00
1.910901e+14	3.392018e-01	-1.815689e+00
1.910657e+14	3.425164e-01	-2.011929e+00
1.910413e+14	3.393485e-01	-2.208359e+00
1.910170e+14	3.301938e-01	-2.405669e+00
1.909926e+14	3.156066e-01	-2.604415e+00
1.909682e+14	2.962247e-01	-2.805000e+00
1.909439e+14	2.727922e-01	-3.007660e+00
1.909195e+14	2.461712e-01	3.070709e+00
1.908952e+14	2.173330e-01	2.863785e+00
1.908708e+14	1.873268e-01	2.654874e+00
1.908465e+14	1.572268e-01	2.444090e+00
1.908222e+14	1.280670e-01	2.231442e+00
1.907979e+14	1.007733e-01	2.016685e+00
1.907735e+14	7.610731e-02	1.799088e+00
1.907492e+14	5.462667e-02	1.576984e+00
1.907249e+14	3.666780e-02	1.346664e+00
1.907006e+14	2.234863e-02	1.098960e+00
1.906763e+14	1.159573e-02	8.047392e-01
1.906521e+14	4.269156e-03	3.050560e-01
1.906278e+14	1.970681e-03	-1.538489e+00
1.906035e+14	3.833631e-03	-2.420361e+00
1.905792e+14	4.686088e-03	-2.787514e+00
1.905550e+14	4.751313e-03	-3.095542e+00
1.905307e+14	4.717079e-03	2.883576e+00
1.905065e+14	5.278053e-03	2.598474e+00
1.904822e+14	7.048991e-03	2.366796e+00
1.904580e+14	1.056498e-02	2.179088e+00
1.904338e+14	1.628010e-02	2.004322e+00
1.904096e+14	2.452027e-02	1.826663e+00
1.903853e+14	3.545251e-02	1.642829e+00
1.903611e+14	4.907446e-02	1.453600e+00
1.903369e+14	6.521251e-02	1.260388e+00
1.903127e+14	8.352734e-02	1.064412e+00
1.902885e+14	1.035285e-01	8.666104e-01
1.902644e+14	1.245989e-01	6.677107e-01
1.902402e+14	1.460290e-01	4.682856e-01
1.902160e+14	1.670563e-01	2.687901e-01
1.901918e+14	1.869081e-01	6.957255e-02
1.901677e+14	2.048398e-01	-1.291254e-01
1.901435e+14	2.201663e-01	-3.271731e-01
1.901194e+14	2.322836e-01	-5.245530e-01
1.900952e+14	2.406796e-01	-7.213561e-01
1.900711e+14	2.449383e-01	-9.177707e-01
1.900470e+14	2.447391e-01	-1.114063e+00
1.900228e+14	2.398564e-01	-1.310549e+00
1.899987e+14	2.301623e-01	-1.507570e+00
1.899746e+14	2.156360e-01	-1.705451e+00
1.899505e+14	1.963787e-01	-1.904478e+00
1.899264e+14	1.726330e-01	-2.104865e+00
1.899023e+14	1.448026e-01	-2.306743e+00
1.898782e+14	1.134649e-01	-2.510195e+00
1.898542e+14	7.937068e-02	-2.715426e+00
1.898301e+14	4.342332e-02	-2.923859e+00
1.898060e+14	6.643731e-03	3.108034e+00
1.897819e+14	2.993226e-02	-1.719081e-01
1.897579e+14	6.522564e-02	-3.830574e-01
1.897338e+14	9.829014e-02	-5.887280e-01
1.897098e+14	1.283017e-01	-7.923389e-01
1.896858e+14	1.546058e-01	-9.943799e-01
1.896617e+14	1.767270e-01	-1.195039e+00
1.896377e+14	1.943623e-01	-1.394506e+00
1.896137e+14	2.073637e-01	-1.593027e+00
1.895897e+14	2.157167e-01	-1.790899e+00
1.895657e+14	2.195200e-01	-1.988446e+00
1.895417e+14	2.189708e-01	-2.185997e+00
1.895177e+14	2.143538e-01	-2.383857e+00
1.894937e+14	2.060353e-01	-2.582293e+00
1.894697e+14	1.944589e-01	-2.781516e+00
1.894457e+14	1.801399e-01	-2.981680e+00
1.894217e+14	1.636564e-01	3.100302e+00
1.893978e+14	1.456342e-01	2.897994e+00
1.893738e+14	1.267256e-01	2.694527e+00
1.893499e+14	1.075832e-01	2.489807e+00
1.893259e+14	8.883041e-02	2.283644e+00
1.893020e+14	7.103191e-02	2.075642e+00
1.892780e+14	5.466836e-02	1.865015e+00
1.892541e+14	4.011645e-02	1.650204e+00
1.892302e+14	2.763675e-02	1.427893e+00
1.892063e+14	1.737041e-02	1.190007e+00
1.891824e+14	9.349206e-03	9.109325e-01
1.891585e+14	3.572289e-03	4.497426e-01
1.891346e+14	1.554954e-03	-1.439091e+00
1.891107e+14	3.428144e-03	-2.334948e+00
1.890868e+14	4.500526e-03	-2.677115e+00
1.890629e+14	4.783317e-03	-2.952383e+00
1.890390e+14	4.685416e-03	3.065550e+00
1.890152e+14	4.653115e-03	2.799722e+00
1.889913e+14	5.117808e-03	2.546791e+00
1.889674e+14	6.465034e-03	2.325904e+00
1.889436e+14	9.028169e-03	2.133951e+00
1.889197e+14	1.308210e-02	1.953885e+00
1.888959e+14	1.882186e-02	1.774273e+00
1.888721e+14	2.634598e-02	1.591305e+00
1.888482e+14	3.564935e-02	1.404659e+00
1.888244e+14	4.662193e-02	1.214994e+00
1.888006e+14	5.905200e-02	1.023078e+00
1.887768e+14	7.263409e-02	8.295584e-01
1.887530e+14	8.698174e-02	6.349519e-01
1.887292e+14	1.016449e-01	4.396611e-01
1.887054e+14	1.161304e-01	2.440012e-01
1.886816e+14	1.299252e-01	4.821350e-02
1.886578e+14	1.425184e-01	-1.475277e-01
1.886341e+14	1.534224e-01	-3.431124e-01
1.886103e+14	1.621903e-01	-5.384932e-01
1.885865e+14	1.684302e-01	-7.336823e-01
1.885628e+14	1.718149e-01	-9.287457e-01
1.885390e+14	1.720893e-01	-1.123794e+00
1.885153e+14	1.690762e-01	-1.318969e+00
1.884916e+14	1.626813e-01	-1.514430e+00
1.884678e+14	1.528983e-01	-1.710338e+00
1.884441e+14	1.398148e-01	-1.906841e+00
1.884204e+14	1.236176e-01	-2.104064e+00
1.883967e+14	1.045961e-01	-2.302119e+00
1.883730e+14	8.314214e-02	-2.501143e+00
1.883493e+14	5.974397e-02	-2.701478e+00
1.883256e+14	3.497258e-02	-2.904647e+00
1.883019e+14	9.463222e-03	-3.130116e+00
1.882782e+14	1.613672e-02	-1.312975e-01
1.882545e+14	4.113513e-02	-3.433271e-01
1.882309e+14	6.490981e-02	-5.453001e-01
1.882072e+14	8.688321e-02	-7.451048e-01
1.881835e+14	1.065604e-01	-9.437472e-01
1.881599e+14	1.235425e-01	-1.141516e+00
1.881362e+14	1.375327e-01	-1.338567e+00
1.881126e+14	1.483370e-01	-1.535045e+00
1.880890e+14	1.558596e-01	-1.731110e+00
1.880653e+14	1.600969e-01	-1.926936e+00
1.880417e+14	1.611300e-01	-2.122707e+00
1.880181e+14	1.591183e-01	-2.318601e+00
1.879945e+14	1.542925e-01	-2.514784e+00
1.879709e+14	1.469482e-01	-2.711398e+00
1.879473e+14	1.374383e-01	-2.908565e+00
1.879237e+14	1.261634e-01	-3.106383e+00
1.879001e+14	1.135599e-01	2.978246e+00
1.878765e+14	1.000859e-01	2.778856e+00
1.878529e+14	8.620371e-02	2.578504e+00
1.878294e+14	7.236223e-02	2.376979e+00
1.878058e+14	5.897851e-02	2.173916e+00
1.877822e+14	4.642107e-02	1.968654e+00
1.877587e+14	3.499596e-02	1.759950e+00
1.877351e+14	2.493652e-02	1.545274e+00
1.877116e+14	1.639806e-02	1.318761e+00
1.876881e+14	9.459928e-03	1.063257e+00
1.876645e+14	4.156388e-03	6.996070e-01
1.876410e+14	1.143965e-03	-7.257009e-01
1.876175e+14	2.739692e-03	-2.159121e+00
1.875940e+14	4.118151e-03	-2.529466e+00
1.875705e+14	4.713111e-03	-2.796937e+00
1.875470e+14	4.775376e-03	-3.043435e+00
1.875235e+14	4.613291e-03	2.995081e+00
1.875000e+14	4.545950e-03	2.749151e+00
("port 1","TE",1,"port 2",1,"modulation")
(1,1)
0.00371
(500,3)
2.000000e+14	8.561179e-02	-2.780217e-01
1.999733e+14	7.309770e-02	-5.033795e-01
1.999466e+14	6.065382e-02	-7.296184e-01
1.999199e+14	4.878567e-02	-9.568986e-01
1.998932e+14	3.792856e-02	-1.185455e+00
1.998665e+14	2.842498e-02	-1.415577e+00
1.998398e+14	2.050798e-02	-1.647465e+00
1.998131e+14	1.429124e-02	-1.880686e+00
1.997865e+14	9.766043e-03	-2.112642e+00
1.997598e+14	6.805829e-03	-2.335746e+00
1.997332e+14	5.179328e-03	-2.537760e+00
1.997065e+14	4.569629e-03	-2.715579e+00
1.996799e+14	4.588309e-03	-2.884781e+00
1.996532e+14	4.792746e-03	-3.057222e+00
1.996266e+14	4.720157e-03	3.057865e+00
1.996000e+14	3.931140e-03	2.928519e+00
1.995734e+14	2.144084e-03	3.042176e+00
1.995468e+14	2.233445e-03	-1.567026e+00
1.995202e+14	7.279152e-03	-1.339178e+00
1.994936e+14	1.453708e-02	-1.463208e+00
1.994670e+14	2.385256e-02	-1.644068e+00
1.994404e+14	3.511849e-02	-1.843867e+00
1.994139e+14	4.811253e-02	-2.052180e+00
1.993873e+14	6.248820e-02	-2.264958e+00
1.993608e+14	7.778538e-02	-2.480257e+00
1.993342e+14	9.345064e-02	-2.696997e+00
1.993077e+14	1.088649e-01	-2.914510e+00
1.992812e+14	1.233752e-01	-3.132357e+00
1.992546e+14	1.363279e-01	2.932933e+00
1.992281e+14	1.470998e-01	2.715157e+00
1.992016e+14	1.551246e-01	2.497566e+00
1.991751e+14	1.599140e-01	2.280139e+00
1.991486e+14	1.610740e-01	2.062784e+00
1.991221e+14	1.583174e-01	1.845360e+00
1.990956e+14	1.514746e-01	1.627701e+00
1.990691e+14	1.405055e-01	1.409656e+00
1.990427e+14	1.255106e-01	1.191127e+00
1.990162e+14	1.067421e-01	9.721282e-01
1.989898e+14	8.461123e-02	7.529013e-01
1.989633e+14	5.968741e-02	5.342769e-01
1.989369e+14	3.268599e-02	3.198412e-01
1.989104e+14	4.463179e-03	2.014642e-01
1.988840e+14	2.416629e-02	2.978437e+00
1.988576e+14	5.216643e-02	2.768242e+00
1.988312e+14	7.868561e-02	2.550072e+00
1.988048e+14	1.029113e-01	2.330697e+00
1.987784e+14	1.241562e-01	2.111374e+00
1.987520e+14	1.418814e-01	1.892481e+00
1.987256e+14	1.557067e-01	1.674088e+00
1.986992e+14	1.654092e-01	1.456112e+00
1.986729e+14	1.709161e-01	1.238374e+00
1.986465e+14	1.722946e-01	1.020652e+00
1.986201e+14	1.697414e-01	8.027076e-01
1.985938e+14	1.635739e-01	5.843205e-01
1.985674e+14	1.542202e-01	3.653030e-01
1.985411e+14	1.422070e-01	1.455126e-01
1.985148e+14	1.281433e-01	-7.514961e-02
1.984885e+14	1.126964e-01	-2.967518e-01
1.984622e+14	9.656256e-02	-5.193553e-01
1.984358e+14	8.043111e-02	-7.430498e-01
1.984095e+14	6.494736e-02	-9.679959e-01
1.983832e+14	5.067636e-02	-1.194473e+00
1.983570e+14	3.807193e-02	-1.422915e+00
1.983307e+14	2.745329e-02	-1.653876e+00
1.983044e+14	1.899063e-02	-1.887720e+00
1.982781e+14	1.269951e-02	-2.123392e+00
1.982519e+14	8.444067e-03	-2.354968e+00
1.982256e+14	5.950727e-03	-2.567093e+00
1.981994e+14	4.835219e-03	-2.744009e+00
1.981732e+14	4.626512e-03	-2.896520e+00
1.981469e+14	4.776860e-03	-3.047893e+00
1.981207e+14	4.697263e-03	3.087942e+00
1.980945e+14	3.823461e-03	2.992457e+00
1.980683e+14	1.895842e-03	-2.979026e+00
1.980421e+14	3.399002e-03	-1.384327e+00
1.980159e+14	9.700089e-03	-1.291074e+00
1.979897e+14	1.872038e-02	-1.425850e+00
1.979635e+14	3.043293e-02	-1.607170e+00
1.979373e+14	4.476198e-02	-1.805448e+00
1.979112e+14	6.147250e-02	-2.011721e+00
1.978850e+14	8.016055e-02	-2.222293e+00
1.978588e+14	1.002645e-01	-2.435294e+00
1.978327e+14	1.210906e-01	-2.649616e+00
1.978066e+14	1.418495e-01	-2.864525e+00
1.977804e+14	1.617007e-01	-3.079507e+00
1.977543e+14	1.797984e-01	2.988978e+00
1.977282e+14	1.953329e-01	2.774769e+00
1.977021e+14	2.075636e-01	2.561127e+00
1.976760e+14	2.158414e-01	2.347994e+00
1.976499e+14	2.196210e-01	2.135197e+00
1.976238e+14	2.184684e-01	1.922469e+00
1.975977e+14	2.120677e-01	1.709482e+00
1.975716e+14	2.002313e-01	1.495889e+00
1.975455e+14	1.829188e-01	1.281379e+00
1.975195e+14	1.602632e-01	1.065739e+00
1.974934e+14	1.326022e-01	8.489313e-01
1.974674e+14	1.005052e-01	6.312506e-01
1.974413e+14	6.478589e-02	4.138718e-01
1.974153e+14	2.649039e-02	2.041522e-01
1.973892e+14	1.317390e-02	3.066089e+00
1.973632e+14	5.283588e-02	2.873672e+00
1.973372e+14	9.118871e-02	2.656803e+00
1.973112e+14	1.269864e-01	2.438500e+00
1.972852e+14	1.591645e-01	2.220808e+00
1.972592e+14	1.868835e-01	2.004303e+00
1.972332e+14	2.095442e-01	1.789112e+00
1.972072e+14	2.267754e-01	1.575104e+00
1.971812e+14	2.384072e-01	1.361983e+00
1.971553e+14	2.444415e-01	1.149352e+00
1.971293e+14	2.450269e-01	9.367640e-01
1.971034e+14	2.404440e-01	7.237767e-01
1.970774e+14	2.310997e-01	5.099943e-01
1.970515e+14	2.175267e-01	2.950986e-01
1.970255e+14	2.003837e-01	7.886664e-02
1.969996e+14	1.804474e-01	-1.388283e-01
1.969737e+14	1.585929e-01	-3.580352e-01
1.969478e+14	1.357585e-01	-5.787629e-01
1.969219e+14	1.128968e-01	-8.010375e-01
1.968960e+14	9.091696e-02	-1.024977e+00
1.968701e+14	7.062674e-02	-1.250880e+00
1.968442e+14	5.268102e-02	-1.479334e+00
1.968183e+14	3.754366e-02	-1.711294e+00
1.967924e+14	2.546430e-02	-1.947995e+00
1.967666e+14	1.646957e-02	-2.189995e+00
1.967407e+14	1.036624e-02	-2.433099e+00
1.967148e+14	6.757742e-03	-2.658240e+00
1.966890e+14	5.087195e-03	-2.831931e+00
1.966632e+14	4.689748e-03	-2.955962e+00
1.966373e+14	4.789338e-03	-3.071073e+00
1.966115e+14	4.534872e-03	3.110733e+00
1.965857e+14	3.169269e-03	-3.126263e+00
1.965599e+14	2.147462e-03	-1.811371e+00
1.965341e+14	7.871093e-03	-1.209777e+00
1.965083e+14	1.775185e-02	-1.278180e+00
1.964825e+14	3.158572e-02	-1.438826e+00
1.964567e+14	4.950780e-02	-1.627741e+00
1.964309e+14	7.144140e-02	-1.829017e+00
1.964051e+14	9.704062e-02	-2.036741e+00
1.963794e+14	1.256807e-01	-2.248075e+00
1.963536e+14	1.564779e-01	-2.461340e+00
1.963279e+14	1.883400e-01	-2.675356e+00
1.963021e+14	2.200411e-01	-2.889207e+00
1.962764e+14	2.503114e-01	-3.102178e+00
1.962507e+14	2.779231e-01	2.969435e+00
1.962249e+14	3.017562e-01	2.759557e+00
1.961992e+14	3.208345e-01	2.551424e+00
1.961735e+14	3.343290e-01	2.344837e+00
1.961478e+14	3.415367e-01	2.139359e+00
1.961221e+14	3.418485e-01	1.934353e+00
1.960964e+14	3.347192e-01	1.729024e+00
1.960707e+14	3.196555e-01	1.522489e+00
1.960450e+14	2.962364e-01	1.313862e+00
1.960194e+14	2.641748e-01	1.102358e+00
1.959937e+14	2.234274e-01	8.874284e-01
1.959681e+14	1.743436e-01	6.689408e-01
1.959424e+14	1.178206e-01	4.475174e-01
1.959168e+14	5.540916e-02	2.264380e-01
1.958911e+14	1.071785e-02	3.085923e+00
1.958655e+14	7.787658e-02	2.897389e+00
1.958399e+14	1.433156e-01	2.673585e+00
1.958143e+14	2.044737e-01	2.450623e+00
1.957886e+14	2.593193e-01	2.230883e+00
1.957630e+14	3.064764e-01	2.015198e+00
1.957374e+14	3.451962e-01	1.803680e+00
1.957119e+14	3.752246e-01	1.595925e+00
1.956863e+14	3.966343e-01	1.391161e+00
1.956607e+14	4.096754e-01	1.188378e+00
1.956351e+14	4.146722e-01	9.864519e-01
1.956096e+14	4.119706e-01	7.842394e-01
1.955840e+14	4.019337e-01	5.806634e-01
1.955585e+14	3.849763e-01	3.747861e-01
1.955329e+14	3.616262e-01	1.658719e-01
1.955074e+14	3.325982e-01	-4.656485e-02
1.954818e+14	2.988595e-01	-2.627374e-01
1.954563e+14	2.616617e-01	-4.826032e-01
1.954308e+14	2.225175e-01	-7.059336e-01
1.954053e+14	1.831119e-01	-9.324412e-01
1.953798e+14	1.451603e-01	-1.161966e+00
1.953543e+14	1.102421e-01	-1.394714e+00
1.953288e+14	7.964834e-02	-1.631568e+00
1.953033e+14	5.427240e-02	-1.874478e+00
1.952779e+14	3.455215e-02	-2.126865e+00
1.952524e+14	2.045514e-02	-2.392931e+00
1.952269e+14	1.148665e-02	-2.669536e+00
1.952015e+14	6.716678e-03	-2.912901e+00
1.951760e+14	4.924784e-03	-3.029018e+00
1.951506e+14	4.766171e-03	-3.049987e+00
1.951251e+14	4.598340e-03	-3.045639e+00
1.950997e+14	3.064210e-03	-2.675535e+00
1.950743e+14	5.717770e-03	-1.292395e+00
1.950489e+14	1.754015e-02	-1.132870e+00
1.950234e+14	3.729811e-02	-1.250579e+00
1.949980e+14	6.601496e-02	-1.430935e+00
1.949726e+14	1.044503e-01	-1.636080e+00
1.949473e+14	1.526609e-01	-1.854304e+00
1.949219e+14	2.097547e-01	-2.080352e+00
1.948965e+14	2.737635e-01	-2.310772e+00
1.948711e+14	3.417427e-01	-2.542480e+00
1.948458e+14	4.101638e-01	-2.772421e+00
1.948204e+14	4.755226e-01	-2.997705e+00
1.947951e+14	5.349333e-01	3.067230e+00
1.947697e+14	5.864775e-01	2.857589e+00
1.947444e+14	6.292173e-01	2.657202e+00
1.947190e+14	6.629551e-01	2.465821e+00
1.946937e+14	6.878894e-01	2.282442e+00
1.946684e+14	7.042767e-01	2.105445e+00
1.946431e+14	7.121405e-01	1.932676e+00
1.946178e+14	7.109999e-01	1.761431e+00
1.945925e+14	6.995550e-01	1.588311e+00
1.945672e+14	6.752320e-01	1.408938e+00
1.945419e+14	6.334710e-01	1.217501e+00
1.945166e+14	5.666890e-01	1.006202e+00
1.944914e+14	4.632847e-01	7.650420e-01
1.944661e+14	3.088156e-01	4.835323e-01
1.944408e+14	9.518198e-02	1.595831e-01
1.944156e+14	1.592676e-01	2.933462e+00
1.943903e+14	4.043026e-01	2.578750e+00
1.943651e+14	5.956396e-01	2.260308e+00
1.943399e+14	7.254544e-01	1.992589e+00
1.943146e+14	8.083471e-01	1.771014e+00
1.942894e+14	8.608653e-01	1.585172e+00
1.942642e+14	8.947054e-01	1.425424e+00
1.942390e+14	9.170500e-01	1.284451e+00
1.942138e+14	9.321490e-01	1.157002e+00
1.941886e+14	9.425238e-01	1.039325e+00
1.941634e+14	9.496939e-01	9.286774e-01
1.941382e+14	9.545897e-01	8.229888e-01
1.941131e+14	9.577835e-01	7.206200e-01
1.940879e+14	9.596192e-01	6.202031e-01
1.940627e+14	9.602840e-01	5.205238e-01
1.940376e+14	9.598453e-01	4.204306e-01
1.940124e+14	9.582645e-01	3.187558e-01
1.939873e+14	9.553916e-01	2.142382e-01
1.939622e+14	9.509396e-01	1.054382e-01
1.939370e+14	9.444332e-01	-9.366693e-03
1.939119e+14	9.351211e-01	-1.323130e-01
1.938868e+14	9.218289e-01	-2.661237e-01
1.938617e+14	9.027294e-01	-4.143243e-01
1.938366e+14	8.750032e-01	-5.814848e-01
1.938115e+14	8.344254e-01	-7.734022e-01
1.937864e+14	7.751368e-01	-9.969899e-01
1.937613e+14	6.904325e-01	-1.259457e+00
1.937362e+14	5.761420e-01	-1.566642e+00
1.937112e+14	4.371354e-01	-1.922702e+00
1.936861e+14	2.920799e-01	-2.339543e+00
1.936611e+14	1.690265e-01	-2.873396e+00
1.936360e+14	9.622194e-02	2.621641e+00
1.936110e+14	7.966278e-02	1.807362e+00
1.935859e+14	7.980239e-02	1.540412e+00
1.935609e+14	9.889673e-02	1.790996e+00
1.935359e+14	1.753493e-01	1.954280e+00
1.935109e+14	3.002691e-01	1.847751e+00
1.934858e+14	4.452549e-01	1.626437e+00
1.934608e+14	5.827574e-01	1.373752e+00
1.934358e+14	6.950640e-01	1.128069e+00
1.934109e+14	7.780417e-01	9.053047e-01
1.933859e+14	8.360983e-01	7.088142e-01
1.933609e+14	8.758803e-01	5.361637e-01
1.933359e+14	9.031151e-01	3.831620e-01
1.933110e+14	9.219160e-01	2.456640e-01
1.932860e+14	9.350269e-01	1.201463e-01
1.932610e+14	9.442281e-01	3.770962e-03
1.932361e+14	9.506658e-01	-1.057199e-01
1.932112e+14	9.550751e-01	-2.101391e-01
1.931862e+14	9.579213e-01	-3.109766e-01
1.931613e+14	9.594864e-01	-4.095016e-01
1.931364e+14	9.599184e-01	-5.068446e-01
1.931115e+14	9.592564e-01	-6.040698e-01
1.930865e+14	9.574362e-01	-7.022416e-01
1.930616e+14	9.542778e-01	-8.024951e-01
1.930368e+14	9.494512e-01	-9.061190e-01
1.930119e+14	9.424092e-01	-1.014663e+00
1.929870e+14	9.322676e-01	-1.130086e+00
1.929621e+14	9.175934e-01	-1.254974e+00
1.929372e+14	8.960299e-01	-1.392851e+00
1.929124e+14	8.636420e-01	-1.548623e+00
1.928875e+14	8.138384e-01	-1.729099e+00
1.928627e+14	7.359244e-01	-1.943277e+00
1.928378e+14	6.145560e-01	-2.201185e+00
1.928130e+14	4.349202e-01	-2.508569e+00
1.927882e+14	2.002611e-01	-2.856381e+00
1.927633e+14	5.182912e-02	-6.075630e-02
1.927385e+14	2.713200e-01	-3.964094e-01
1.927137e+14	4.345547e-01	-6.833565e-01
1.926889e+14	5.459043e-01	-9.289767e-01
1.926641e+14	6.188906e-01	-1.143240e+00
1.926393e+14	6.653936e-01	-1.336134e+00
1.926145e+14	6.934960e-01	-1.515636e+00
1.925897e+14	7.081907e-01	-1.687735e+00
1.925650e+14	7.123874e-01	-1.856940e+00
1.925402e+14	7.076479e-01	-2.026737e+00
1.925154e+14	6.946615e-01	-2.199910e+00
1.924907e+14	6.735618e-01	-2.378709e+00
1.924659e+14	6.441767e-01	-2.564918e+00
1.924412e+14	6.062771e-01	-2.759818e+00
1.924165e+14	5.598602e-01	-2.964099e+00
1.923917e+14	5.054587e-01	3.105442e+00
1.923670e+14	4.444098e-01	2.883207e+00
1.923423e+14	3.789627e-01	2.653824e+00
1.923176e+14	3.121175e-01	2.419130e+00
1.922929e+14	2.471951e-01	2.180916e+00
1.922682e+14	1.872807e-01	1.940391e+00
1.922435e+14	1.347538e-01	1.697627e+00
1.922188e+14	9.104971e-02	1.450796e+00
1.921941e+14	5.666094e-02	1.194496e+00
1.921694e+14	3.129546e-02	9.141328e-01
1.921448e+14	1.411386e-02	5.590050e-01
1.921201e+14	4.265891e-03	-1.949984e-01
1.920955e+14	3.345422e-03	-2.023170e+00
1.920708e+14	4.659486e-03	-2.690302e+00
1.920462e+14	4.747466e-03	-3.122190e+00
1.920215e+14	5.011731e-03	2.752451e+00
1.919969e+14	6.904792e-03	2.449096e+00
1.919723e+14	1.162167e-02	2.264289e+00
1.919477e+14	2.026712e-02	2.107408e+00
1.919231e+14	3.368174e-02	1.938759e+00
1.918985e+14	5.232041e-02	1.755561e+00
1.918739e+14	7.623448e-02	1.561972e+00
1.918493e+14	1.050673e-01	1.361658e+00
1.918247e+14	1.380656e-01	1.157190e+00
1.918001e+14	1.741239e-01	9.504235e-01
1.917756e+14	2.118691e-01	7.428152e-01
1.917510e+14	2.497831e-01	5.355634e-01
1.917264e+14	2.863404e-01	3.296432e-01
1.917019e+14	3.201350e-01	1.257830e-01
1.916773e+14	3.499692e-01	-7.557026e-02
1.916528e+14	3.748905e-01	-2.742728e-01
1.916283e+14	3.941808e-01	-4.704798e-01
1.916037e+14	4.073111e-01	-6.646172e-01
1.915792e+14	4.138806e-01	-8.573370e-01
1.915547e+14	4.135593e-01	-1.049462e+00
1.915302e+14	4.060459e-01	-1.241923e+00
1.915057e+14	3.910513e-01	-1.435696e+00
1.914812e+14	3.683153e-01	-1.631725e+00
1.914567e+14	3.376613e-01	-1.830845e+00
1.914322e+14	2.990900e-01	-2.033686e+00
1.914077e+14	2.529047e-01	-2.240590e+00
1.913833e+14	1.998423e-01	-2.451551e+00
1.913588e+14	1.411700e-01	-2.666270e+00
1.913344e+14	7.869391e-02	-2.884770e+00
1.913099e+14	1.464637e-02	-3.123652e+00
1.912855e+14	4.856937e-02	-1.651358e-01
1.912610e+14	1.086204e-01	-3.852501e-01
1.912366e+14	1.635630e-01	-5.995972e-01
1.912122e+14	2.119638e-01	-8.100620e-01
1.911877e+14	2.529389e-01	-1.016826e+00
1.911633e+14	2.860842e-01	-1.220174e+00
1.911389e+14	3.113568e-01	-1.420620e+00
1.911145e+14	3.289514e-01	-1.618859e+00
1.910901e+14	3.392018e-01	-1.815689e+00
1.910657e+14	3.425164e-01	-2.011929e+00
1.910413e+14	3.393485e-01	-2.208359e+00
1.910170e+14	3.301938e-01	-2.405669e+00
1.909926e+14	3.156066e-01	-2.604415e+00
1.909682e+14	2.962247e-01	-2.805000e+00
1.909439e+14	2.727922e-01	-3.007660e+00
1.909195e+14	2.461712e-01	3.070709e+00
1.908952e+14	2.173330e-01	2.863785e+00
1.908708e+14	1.873268e-01	2.654874e+00
1.908465e+14	1.572268e-01	2.444090e+00
1.908222e+14	1.280670e-01	2.231442e+00
1.907979e+14	1.007733e-01	2.016685e+00
1.907735e+14	7.610731e-02	1.799088e+00
1.907492e+14	5.462667e-02	1.576984e+00
1.907249e+14	3.666780e-02	1.346664e+00
1.907006e+14	2.234863e-02	1.098960e+00
1.906763e+14	1.159573e-02	8.047392e-01
1.906521e+14	4.269156e-03	3.050560e-01
1.906278e+14	1.970681e-03	-1.538489e+00
1.906035e+14	3.833631e-03	-2.420361e+00
1.905792e+14	4.686088e-03	-2.787514e+00
1.905550e+14	4.751313e-03	-3.095542e+00
1.905307e+14	4.717079e-03	2.883576e+00
1.905065e+14	5.278053e-03	2.598474e+00
1.904822e+14	7.048991e-03	2.366796e+00
1.904580e+14	1.056498e-02	2.179088e+00
1.904338e+14	1.628010e-02	2.004322e+00
1.904096e+14	2.452027e-02	1.826663e+00
1.903853e+14	3.545251e-02	1.642829e+00
1.903611e+14	4.907446e-02	1.453600e+00
1.903369e+14	6.521251e-02	1.260388e+00
1.903127e+14	8.352734e-02	1.064412e+00
1.902885e+14	1.035285e-01	8.666104e-01
1.902644e+14	1.245989e-01	6.677107e-01
1.902402e+14	1.460290e-01	4.682856e-01
1.902160e+14	1.670563e-01	2.687901e-01
1.901918e+14	1.869081e-01	6.957255e-02
1.901677e+14	2.048398e-01	-1.291254e-01
1.901435e+14	2.201663e-01	-3.271731e-01
1.901194e+14	2.322836e-01	-5.245530e-01
1.900952e+14	2.406796e-01	-7.213561e-01
1.900711e+14	2.449383e-01	-9.177707e-01
1.900470e+14	2.447391e-01	-1.114063e+00
1.900228e+14	2.398564e-01	-1.310549e+00
1.899987e+14	2.301623e-01	-1.507570e+00
1.899746e+14	2.156360e-01	-1.705451e+00
1.899505e+14	1.963787e-01	-1.904478e+00
1.899264e+14	1.726330e-01	-2.104865e+00
1.899023e+14	1.448026e-01	-2.306743e+00
1.898782e+14	1.134649e-01	-2.510195e+00
1.898542e+14	7.937068e-02	-2.715426e+00
1.898301e+14	4.342332e-02	-2.923859e+00
1.898060e+14	6.643731e-03	3.108034e+00
1.897819e+14	2.993226e-02	-1.719081e-01
1.897579e+14	6.522564e-02	-3.830574e-01
1.897338e+14	9.829014e-02	-5.887280e-01
1.897098e+14	1.283017e-01	-7.923389e-01
1.896858e+14	1.546058e-01	-9.943799e-01
1.896617e+14	1.767270e-01	-1.195039e+00
1.896377e+14	1.943623e-01	-1.394506e+00
1.896137e+14	2.073637e-01	-1.593027e+00
1.895897e+14	2.157167e-01	-1.790899e+00
1.895657e+14	2.195200e-01	-1.988446e+00
1.895417e+14	2.189708e-01	-2.185997e+00
1.895177e+14	2.143538e-01	-2.383857e+00
1.894937e+14	2.060353e-01	-2.582293e+00
1.894697e+14	1.944589e-01	-2.781516e+00
1.894457e+14	1.801399e-01	-2.981680e+00
1.894217e+14	1.636564e-01	3.100302e+00
1.893978e+14	1.456342e-01	2.897994e+00
1.893738e+14	1.267256e-01	2.694527e+00
1.893499e+14	1.075832e-01	2.489807e+00
1.893259e+14	8.883041e-02	2.283644e+00
1.893020e+14	7.103191e-02	2.075642e+00
1.892780e+14	5.466836e-02	1.865015e+00
1.892541e+14	4.011645e-02	1.650204e+00
1.892302e+14	2.763675e-02	1.427893e+00
1.892063e+14	1.737041e-02	1.190007e+00
1.891824e+14	9.349206e-03	9.109325e-01
1.891585e+14	3.572289e-03	4.497426e-01
1.891346e+14	1.554954e-03	-1.439091e+00
1.891107e+14	3.428144e-03	-2.334948e+00
1.890868e+14	4.500526e-03	-2.677115e+00
1.890629e+14	4.783317e-03	-2.952383e+00
1.890390e+14	4.685416e-03	3.065550e+00
1.890152e+14	4.653115e-03	2.799722e+00
1.889913e+14	5.117808e-03	2.546791e+00
1.889674e+14	6.465034e-03	2.325904e+00
1.889436e+14	9.028169e-03	2.133951e+00
1.889197e+14	1.308210e-02	1.953885e+00
1.888959e+14	1.882186e-02	1.774273e+00
1.888721e+14	2.634598e-02	1.591305e+00
1.888482e+14	3.564935e-02	1.404659e+00
1.888244e+14	4.662193e-02	1.214994e+00
1.888006e+14	5.905200e-02	1.023078e+00
1.887768e+14	7.263409e-02	8.295584e-01
1.887530e+14	8.698174e-02	6.349519e-01
1.887292e+14	1.016449e-01	4.396611e-01
1.887054e+14	1.161304e-01	2.440012e-01
1.886816e+14	1.299252e-01	4.821350e-02
1.886578e+14	1.425184e-01	-1.475277e-01
1.886341e+14	1.534224e-01	-3.431124e-01
1.886103e+14	1.621903e-01	-5.384932e-01
1.885865e+14	1.684302e-01	-7.336823e-01
1.885628e+14	1.718149e-01	-9.287457e-01
1.885390e+14	1.720893e-01	-1.123794e+00
1.885153e+14	1.690762e-01	-1.318969e+00
1.884916e+14	1.626813e-01	-1.514430e+00
1.884678e+14	1.528983e-01	-1.710338e+00
1.884441e+14	1.398148e-01	-1.906841e+00
1.884204e+14	1.236176e-01	-2.104064e+00
1.883967e+14	1.045961e-01	-2.302119e+00
1.883730e+14	8.314214e-02	-2.501143e+00
1.883493e+14	5.974397e-02	-2.701478e+00
1.883256e+14	3.497258e-02	-2.904647e+00
1.883019e+14	9.463222e-03	-3.130116e+00
1.882782e+14	1.613672e-02	-1.312975e-01
1.882545e+14	4.113513e-02	-3.433271e-01
1.882309e+14	6.490981e-02	-5.453001e-01
1.882072e+14	8.688321e-02	-7.451048e-01
1.881835e+14	1.065604e-01	-9.437472e-01
1.881599e+14	1.235425e-01	-1.141516e+00
1.881362e+14	1.375327e-01	-1.338567e+00
1.881126e+14	1.483370e-01	-1.535045e+00
1.880890e+14	1.558596e-01	-1.731110e+00
1.880653e+14	1.600969e-01	-1.926936e+00
1.880417e+14	1.611300e-01	-2.122707e+00
1.880181e+14	1.591183e-01	-2.318601e+00
1.879945e+14	1.542925e-01	-2.514784e+00
1.879709e+14	1.469482e-01	-2.711398e+00
1.879473e+14	1.374383e-01	-2.908565e+00
1.879237e+14	1.261634e-01	-3.106383e+00
1.879001e+14	1.135599e-01	2.978246e+00
1.878765e+14	1.000859e-01	2.778856e+00
1.878529e+14	8.620371e-02	2.578504e+00
1.878294e+14	7.236223e-02	2.376979e+00
1.878058e+14	5.897851e-02	2.173916e+00
1.877822e+14	4.642107e-02	1.968654e+00
1.877587e+14	3.499596e-02	1.759950e+00
1.877351e+14	2.493652e-02	1.545274e+00
1.877116e+14	1.639806e-02	1.318761e+00
1.876881e+14	9.459928e-03	1.063257e+00
1.876645e+14	4.156388e-03	6.996070e-01
1.876410e+14	1.143965e-03	-7.257009e-01
1.876175e+14	2.739692e-03	-2.159121e+00
1.875940e+14	4.118151e-03	-2.529466e+00
1.875705e+14	4.713111e-03	-2.796937e+00
1.875470e+14	4.775376e-03	-3.043435e+00
1.875235e+14	4.613291e-03	2.995081e+00
1.875000e+14	4.545950e-03	2.749151e+00
("port 2","TE",1,"port 1",1,"modulation")
(1,1)
0.00371
(500,3)
2.000000e+14	9.963359e-01	2.866126e+00
1.999733e+14	9.973321e-01	2.643476e+00
1.999466e+14	9.981662e-01	2.420695e+00
1.999199e+14	9.988166e-01	2.197855e+00
1.998932e+14	9.992878e-01	1.975022e+00
1.998665e+14	9.996033e-01	1.752247e+00
1.998398e+14	9.997971e-01	1.529563e+00
1.998131e+14	9.999053e-01	1.306986e+00
1.997865e+14	9.999598e-01	1.084517e+00
1.997598e+14	9.999843e-01	8.621487e-01
1.997332e+14	9.999941e-01	6.398684e-01
1.997065e+14	9.999970e-01	4.176641e-01
1.996799e+14	9.999970e-01	1.955257e-01
1.996532e+14	9.999960e-01	-2.655532e-02
1.996266e+14	9.999964e-01	-2.485876e-01
1.996000e+14	9.999998e-01	-4.705823e-01
1.995734e+14	1.000005e+00	-6.925546e-01
1.995468e+14	1.000005e+00	-9.145241e-01
1.995202e+14	9.999811e-01	-1.136512e+00
1.994936e+14	9.999019e-01	-1.358534e+00
1.994670e+14	9.997231e-01	-1.580598e+00
1.994404e+14	9.993908e-01	-1.802691e+00
1.994139e+14	9.988496e-01	-2.024777e+00
1.993873e+14	9.980534e-01	-2.246793e+00
1.993608e+14	9.969778e-01	-2.468650e+00
1.993342e+14	9.956316e-01	-2.690245e+00
1.993077e+14	9.940642e-01	-2.911470e+00
1.992812e+14	9.923678e-01	-3.132233e+00
1.992546e+14	9.906715e-01	2.930713e+00
1.992281e+14	9.891293e-01	2.711015e+00
1.992016e+14	9.879026e-01	2.491816e+00
1.991751e+14	9.871386e-01	2.273016e+00
1.991486e+14	9.869500e-01	2.054460e+00
1.991221e+14	9.873960e-01	1.835956e+00
1.990956e+14	9.884689e-01	1.617287e+00
1.990691e+14	9.900876e-01	1.398247e+00
1.990427e+14	9.921001e-01	1.178658e+00
1.990162e+14	9.942945e-01	9.584032e-01
1.989898e+14	9.964219e-01	7.374456e-01
1.989633e+14	9.982250e-01	5.158377e-01
1.989369e+14	9.994736e-01	2.937223e-01
1.989104e+14	9.999979e-01	7.131761e-02
1.988840e+14	9.997159e-01	-1.511093e-01
1.988576e+14	9.986463e-01	-3.732781e-01
1.988312e+14	9.969074e-01	-5.949328e-01
1.988048e+14	9.946985e-01	-8.158757e-01
1.987784e+14	9.922706e-01	-1.035992e+00
1.987520e+14	9.898916e-01	-1.255261e+00
1.987256e+14	9.878113e-01	-1.473752e+00
1.986992e+14	9.862330e-01	-1.691614e+00
1.986729e+14	9.852935e-01	-1.909049e+00
1.986465e+14	9.850534e-01	-2.126285e+00
1.986201e+14	9.854966e-01	-2.343550e+00
1.985938e+14	9.865391e-01	-2.561042e+00
1.985674e+14	9.880445e-01	-2.778913e+00
1.985411e+14	9.898450e-01	-2.997252e+00
1.985148e+14	9.917637e-01	3.067098e+00
1.984885e+14	9.936375e-01	2.847803e+00
1.984622e+14	9.953350e-01	2.628126e+00
1.984358e+14	9.967683e-01	2.408178e+00
1.984095e+14	9.978968e-01	2.188078e+00
1.983832e+14	9.987233e-01	1.967934e+00
1.983570e+14	9.992832e-01	1.747835e+00
1.983307e+14	9.996313e-01	1.527840e+00
1.983044e+14	9.998278e-01	1.307979e+00
1.982781e+14	9.999276e-01	1.088255e+00
1.982519e+14	9.999726e-01	8.686587e-01
1.982256e+14	9.999905e-01	6.491682e-01
1.981994e+14	9.999965e-01	4.297626e-01
1.981732e+14	9.999976e-01	2.104231e-01
1.981469e+14	9.999969e-01	-8.865772e-03
1.981207e+14	9.999973e-01	-2.281192e-01
1.980945e+14	1.000001e+00	-4.473555e-01
1.980683e+14	1.000007e+00	-6.665996e-01
1.980421e+14	1.000003e+00	-8.858836e-01
1.980159e+14	9.999613e-01	-1.105243e+00
1.979897e+14	9.998331e-01	-1.324710e+00
1.979635e+14	9.995452e-01	-1.544302e+00
1.979373e+14	9.990061e-01	-1.764005e+00
1.979112e+14	9.981172e-01	-1.983769e+00
1.978850e+14	9.967904e-01	-2.203494e+00
1.978588e+14	9.949693e-01	-2.423038e+00
1.978327e+14	9.926499e-01	-2.642222e+00
1.978066e+14	9.898967e-01	-2.860856e+00
1.977804e+14	9.868483e-01	-3.078760e+00
1.977543e+14	9.837119e-01	2.987383e+00
1.977282e+14	9.807455e-01	2.771264e+00
1.977021e+14	9.782300e-01	2.556037e+00
1.976760e+14	9.764369e-01	2.341569e+00
1.976499e+14	9.755937e-01	2.127629e+00
1.976238e+14	9.758525e-01	1.913901e+00
1.975977e+14	9.772634e-01	1.700015e+00
1.975716e+14	9.797571e-01	1.485586e+00
1.975455e+14	9.831365e-01	1.270254e+00
1.975195e+14	9.870829e-01	1.053735e+00
1.974934e+14	9.911779e-01	8.358638e-01
1.974674e+14	9.949452e-01	6.166295e-01
1.974413e+14	9.979079e-01	3.961940e-01
1.974153e+14	9.996578e-01	1.748852e-01
1.973892e+14	9.999220e-01	-4.683679e-02
1.973632e+14	9.986120e-01	-2.684382e-01
1.973372e+14	9.958424e-01	-4.893852e-01
1.973112e+14	9.919132e-01	-7.092179e-01
1.972852e+14	9.872608e-01	-9.276115e-01
1.972592e+14	9.823908e-01	-1.144412e+00
1.972332e+14	9.778079e-01	-1.359648e+00
1.972072e+14	9.739558e-01	-1.573508e+00
1.971812e+14	9.711740e-01	-1.786313e+00
1.971553e+14	9.696727e-01	-1.998468e+00
1.971293e+14	9.695250e-01	-2.210410e+00
1.971034e+14	9.706717e-01	-2.422560e+00
1.970774e+14	9.729388e-01	-2.635286e+00
1.970515e+14	9.760631e-01	-2.848859e+00
1.970255e+14	9.797263e-01	-3.063442e+00
1.969996e+14	9.835935e-01	3.004111e+00
1.969737e+14	9.873529e-01	2.787501e+00
1.969478e+14	9.907508e-01	2.570072e+00
1.969219e+14	9.936156e-01	2.352042e+00
1.968960e+14	9.958674e-01	2.133646e+00
1.968701e+14	9.975118e-01	1.915102e+00
1.968442e+14	9.986204e-01	1.696585e+00
1.968183e+14	9.993040e-01	1.478210e+00
1.967924e+14	9.996847e-01	1.260036e+00
1.967666e+14	9.998734e-01	1.042068e+00
1.967407e+14	9.999553e-01	8.242802e-01
1.967148e+14	9.999862e-01	6.066284e-01
1.966890e+14	9.999961e-01	3.890657e-01
1.966632e+14	9.999981e-01	1.715507e-01
1.966373e+14	9.999976e-01	-4.595220e-02
1.966115e+14	9.999988e-01	-2.634781e-01
1.965857e+14	1.000004e+00	-4.810699e-01
1.965599e+14	1.000007e+00	-6.987852e-01
1.965341e+14	9.999782e-01	-9.166978e-01
1.965083e+14	9.998516e-01	-1.134891e+00
1.964825e+14	9.995103e-01	-1.353438e+00
1.964567e+14	9.987830e-01	-1.572381e+00
1.964309e+14	9.974541e-01	-1.791693e+00
1.964051e+14	9.952898e-01	-2.011255e+00
1.963794e+14	9.920801e-01	-2.230840e+00
1.963536e+14	9.876908e-01	-2.450110e+00
1.963279e+14	9.821133e-01	-2.668642e+00
1.963021e+14	9.755000e-01	-2.885982e+00
1.962764e+14	9.681747e-01	-3.101705e+00
1.962507e+14	9.606127e-01	2.967699e+00
1.962249e+14	9.533944e-01	2.756019e+00
1.961992e+14	9.471445e-01	2.546397e+00
1.961735e+14	9.424657e-01	2.338564e+00
1.961478e+14	9.398776e-01	2.132033e+00
1.961221e+14	9.397643e-01	1.926123e+00
1.960964e+14	9.423271e-01	1.720005e+00
1.960707e+14	9.475431e-01	1.512767e+00
1.960450e+14	9.551240e-01	1.303490e+00
1.960194e+14	9.644842e-01	1.091346e+00
1.959937e+14	9.747301e-01	8.757182e-01
1.959681e+14	9.846945e-01	6.563251e-01
1.959424e+14	9.930446e-01	4.333313e-01
1.959168e+14	9.984735e-01	2.074101e-01
1.958911e+14	9.999524e-01	-2.028521e-02
1.958655e+14	9.969729e-01	-2.482623e-01
1.958399e+14	9.896869e-01	-4.749236e-01
1.958143e+14	9.788819e-01	-6.988340e-01
1.957886e+14	9.658014e-01	-9.189444e-01
1.957630e+14	9.518880e-01	-1.134716e+00
1.957374e+14	9.385402e-01	-1.346133e+00
1.957119e+14	9.269435e-01	-1.553639e+00
1.956863e+14	9.179862e-01	-1.758018e+00
1.956607e+14	9.122408e-01	-1.960275e+00
1.956351e+14	9.099803e-01	-2.161524e+00
1.956096e+14	9.112066e-01	-2.362886e+00
1.955840e+14	9.156783e-01	-2.565407e+00
1.955585e+14	9.229360e-01	-2.769981e+00
1.955329e+14	9.323328e-01	-2.977284e+00
1.955074e+14	9.430783e-01	3.095467e+00
1.954818e+14	9.543069e-01	2.881805e+00
1.954563e+14	9.651695e-01	2.665122e+00
1.954308e+14	9.749386e-01	2.445888e+00
1.954053e+14	9.831021e-01	2.224746e+00
1.953798e+14	9.894182e-01	2.002403e+00
1.953543e+14	9.939148e-01	1.779511e+00
1.953288e+14	9.968331e-01	1.556576e+00
1.953033e+14	9.985363e-01	1.333910e+00
1.952779e+14	9.994130e-01	1.111627e+00
1.952524e+14	9.998009e-01	8.896849e-01
1.952269e+14	9.999442e-01	6.679415e-01
1.952015e+14	9.999877e-01	4.462112e-01
1.951760e+14	9.999982e-01	2.243079e-01
1.951506e+14	9.999990e-01	2.060568e-03
1.951251e+14	9.999998e-01	-2.207002e-01
1.950997e+14	1.000006e+00	-4.441754e-01
1.950743e+14	9.999942e-01	-6.686371e-01
1.950489e+14	9.998568e-01	-8.944531e-01
1.950234e+14	9.993149e-01	-1.122075e+00
1.949980e+14	9.978295e-01	-1.351969e+00
1.949726e+14	9.945411e-01	-1.584485e+00
1.949473e+14	9.882897e-01	-1.819659e+00
1.949219e+14	9.777653e-01	-2.057008e+00
1.948965e+14	9.618084e-01	-2.295366e+00
1.948711e+14	9.398050e-01	-2.532875e+00
1.948458e+14	9.120234e-01	-2.767184e+00
1.948204e+14	8.797150e-01	-2.995841e+00
1.947951e+14	8.449056e-01	3.066438e+00
1.947697e+14	8.099767e-01	2.854670e+00
1.947444e+14	7.772405e-01	2.652556e+00
1.947190e+14	7.486699e-01	2.459755e+00
1.946937e+14	7.258261e-01	2.275197e+00
1.946684e+14	7.099360e-01	2.097213e+00
1.946431e+14	7.020473e-01	1.923611e+00
1.946178e+14	7.032023e-01	1.751656e+00
1.945925e+14	7.145890e-01	1.577926e+00
1.945672e+14	7.376159e-01	1.398020e+00
1.945419e+14	7.737772e-01	1.206105e+00
1.945166e+14	8.239433e-01	9.943482e-01
1.944914e+14	8.862220e-01	7.526841e-01
1.944661e+14	9.511357e-01	4.703813e-01
1.944408e+14	9.954750e-01	1.426574e-01
1.944156e+14	9.872515e-01	-2.170428e-01
1.943903e+14	9.146415e-01	-5.737523e-01
1.943651e+14	8.032676e-01	-8.926720e-01
1.943399e+14	6.882853e-01	-1.160573e+00
1.943146e+14	5.887204e-01	-1.382196e+00
1.942894e+14	5.088467e-01	-1.568000e+00
1.942642e+14	4.466699e-01	-1.727639e+00
1.942390e+14	3.987852e-01	-1.868437e+00
1.942138e+14	3.620876e-01	-1.995644e+00
1.941886e+14	3.341515e-01	-2.113009e+00
1.941634e+14	3.131919e-01	-2.223267e+00
1.941382e+14	2.979356e-01	-2.328480e+00
1.941131e+14	2.875020e-01	-2.430272e+00
1.940879e+14	2.813136e-01	-2.529994e+00
1.940627e+14	2.790357e-01	-2.628838e+00
1.940376e+14	2.805409e-01	-2.727924e+00
1.940124e+14	2.858937e-01	-2.828380e+00
1.939873e+14	2.953523e-01	-2.931413e+00
1.939622e+14	3.093870e-01	-3.038389e+00
1.939370e+14	3.287134e-01	3.132257e+00
1.939119e+14	3.543384e-01	3.012162e+00
1.938868e+14	3.876071e-01	2.881999e+00
1.938617e+14	4.302189e-01	2.738559e+00
1.938366e+14	4.841275e-01	2.577761e+00
1.938115e+14	5.511317e-01	2.394605e+00
1.937864e+14	6.318048e-01	2.183533e+00
1.937613e+14	7.234087e-01	1.939804e+00
1.937362e+14	8.173621e-01	1.662436e+00
1.937112e+14	8.994086e-01	1.357869e+00
1.936861e+14	9.564068e-01	1.040365e+00
1.936611e+14	9.856242e-01	7.257749e-01
1.936360e+14	9.953723e-01	4.231707e-01
1.936110e+14	9.968342e-01	1.320577e-01
1.935859e+14	9.968231e-01	-1.546586e-01
1.935609e+14	9.951104e-01	-4.461306e-01
1.935359e+14	9.845195e-01	-7.491387e-01
1.935109e+14	9.538684e-01	-1.063612e+00
1.934858e+14	8.954181e-01	-1.379966e+00
1.934608e+14	8.126606e-01	-1.682337e+00
1.934358e+14	7.189621e-01	-1.956978e+00
1.934109e+14	6.282267e-01	-2.198029e+00
1.933859e+14	5.485932e-01	-2.406781e+00
1.933609e+14	4.825418e-01	-2.588042e+00
1.933359e+14	4.294115e-01	-2.747315e+00
1.933110e+14	3.874025e-01	-2.889515e+00
1.932860e+14	3.545893e-01	-3.018644e+00
1.932610e+14	3.293042e-01	-3.137847e+00
1.932361e+14	3.102287e-01	3.033597e+00
1.932112e+14	2.963757e-01	2.927362e+00
1.931862e+14	2.870424e-01	2.825043e+00
1.931613e+14	2.817661e-01	2.725300e+00
1.931364e+14	2.802903e-01	2.626948e+00
1.931115e+14	2.825473e-01	2.528883e+00
1.930865e+14	2.886550e-01	2.430011e+00
1.930616e+14	2.989309e-01	2.329175e+00
1.930368e+14	3.139241e-01	2.225067e+00
1.930119e+14	3.344714e-01	2.116126e+00
1.929870e+14	3.617784e-01	2.000380e+00
1.929621e+14	3.975291e-01	1.875238e+00
1.929372e+14	4.440027e-01	1.737171e+00
1.929124e+14	5.041147e-01	1.581271e+00
1.928875e+14	5.811009e-01	1.400733e+00
1.928627e+14	6.770740e-01	1.186569e+00
1.928378e+14	7.888844e-01	9.287809e-01
1.928130e+14	9.004812e-01	6.217292e-01
1.927882e+14	9.797554e-01	2.751026e-01
1.927633e+14	9.986688e-01	-8.037027e-02
1.927385e+14	9.625015e-01	-4.096146e-01
1.927137e+14	9.006570e-01	-6.957707e-01
1.926889e+14	8.378583e-01	-9.409186e-01
1.926641e+14	7.854875e-01	-1.154758e+00
1.926393e+14	7.465025e-01	-1.347209e+00
1.926145e+14	7.204701e-01	-1.526216e+00
1.925897e+14	7.060306e-01	-1.697749e+00
1.925650e+14	7.017957e-01	-1.866296e+00
1.925402e+14	7.065745e-01	-2.035323e+00
1.925154e+14	7.193461e-01	-2.207588e+00
1.924907e+14	7.391404e-01	-2.385310e+00
1.924659e+14	7.648863e-01	-2.570229e+00
1.924412e+14	7.952632e-01	-2.763575e+00
1.924165e+14	8.285971e-01	-2.965961e+00
1.923917e+14	8.628610e-01	3.105917e+00
1.923670e+14	8.958339e-01	2.886604e+00
1.923423e+14	9.254224e-01	2.660938e+00
1.923176e+14	9.500540e-01	2.431071e+00
1.922929e+14	9.689763e-01	2.199284e+00
1.922682e+14	9.823170e-01	1.967590e+00
1.922435e+14	9.908897e-01	1.737462e+00
1.922188e+14	9.958569e-01	1.509730e+00
1.921941e+14	9.984040e-01	1.284654e+00
1.921694e+14	9.995207e-01	1.062086e+00
1.921448e+14	9.999109e-01	8.416576e-01
1.921201e+14	1.000001e+00	6.229347e-01
1.920955e+14	1.000005e+00	4.055162e-01
1.920708e+14	9.999996e-01	1.890825e-01
1.920462e+14	9.999992e-01	-2.660247e-02
1.920215e+14	9.999980e-01	-2.417160e-01
1.919969e+14	9.999867e-01	-4.564111e-01
1.919723e+14	9.999430e-01	-6.708437e-01
1.919477e+14	9.998052e-01	-8.851825e-01
1.919231e+14	9.994433e-01	-1.099595e+00
1.918985e+14	9.986410e-01	-1.314212e+00
1.918739e+14	9.971006e-01	-1.529080e+00
1.918493e+14	9.944759e-01	-1.744112e+00
1.918247e+14	9.904339e-01	-1.959055e+00
1.918001e+14	9.847346e-01	-2.173484e+00
1.917756e+14	9.773089e-01	-2.386840e+00
1.917510e+14	9.683126e-01	-2.598494e+00
1.917264e+14	9.581387e-01	-2.807849e+00
1.917019e+14	9.473827e-01	-3.014429e+00
1.916773e+14	9.367719e-01	3.065222e+00
1.916528e+14	9.270797e-01	2.864754e+00
1.916283e+14	9.190434e-01	2.667108e+00
1.916037e+14	9.133000e-01	2.471793e+00
1.915792e+14	9.103416e-01	2.278109e+00
1.915547e+14	9.104876e-01	2.085197e+00
1.915302e+14	9.138631e-01	1.892101e+00
1.915057e+14	9.203794e-01	1.697827e+00
1.914812e+14	9.297115e-01	1.501420e+00
1.914567e+14	9.412783e-01	1.302044e+00
1.914322e+14	9.542356e-01	1.099074e+00
1.914077e+14	9.675020e-01	8.921990e-01
1.913833e+14	9.798390e-01	6.814993e-01
1.913588e+14	9.899964e-01	4.674971e-01
1.913344e+14	9.969100e-01	2.511333e-01
1.913099e+14	9.999039e-01	3.366223e-02
1.912855e+14	9.988310e-01	-1.835279e-01
1.912610e+14	9.940945e-01	-3.991272e-01
1.912366e+14	9.865440e-01	-6.120930e-01
1.912122e+14	9.772886e-01	-8.217700e-01
1.911877e+14	9.674933e-01	-1.027926e+00
1.911633e+14	9.582154e-01	-1.230712e+00
1.911389e+14	9.503040e-01	-1.430586e+00
1.911145e+14	9.443577e-01	-1.628207e+00
1.910901e+14	9.407245e-01	-1.824345e+00
1.910657e+14	9.395227e-01	-2.019797e+00
1.910413e+14	9.406715e-01	-2.215317e+00
1.910170e+14	9.439240e-01	-2.411563e+00
1.909926e+14	9.489010e-01	-2.609055e+00
1.909682e+14	9.551292e-01	-2.808148e+00
1.909439e+14	9.620839e-01	-3.009014e+00
1.909195e+14	9.692374e-01	3.071536e+00
1.908952e+14	9.761086e-01	2.867299e+00
1.908708e+14	9.823088e-01	2.661748e+00
1.908465e+14	9.875737e-01	2.455249e+00
1.908222e+14	9.917767e-01	2.248186e+00
1.907979e+14	9.949206e-01	2.040919e+00
1.907735e+14	9.971108e-01	1.833741e+00
1.907492e+14	9.985181e-01	1.626860e+00
1.907249e+14	9.993387e-01	1.420393e+00
1.907006e+14	9.997615e-01	1.214381e+00
1.906763e+14	9.999440e-01	1.008805e+00
1.906521e+14	1.000002e+00	8.036105e-01
1.906278e+14	1.000009e+00	5.987285e-01
1.906035e+14	1.000004e+00	3.940920e-01
1.905792e+14	1.000000e+00	1.896448e-01
1.905550e+14	1.000000e+00	-1.465600e-02
1.905307e+14	1.000000e+00	-2.188432e-01
1.905065e+14	9.999974e-01	-4.229453e-01
1.904822e+14	9.999865e-01	-6.269924e-01
1.904580e+14	9.999555e-01	-8.310194e-01
1.904338e+14	9.998788e-01	-1.035065e+00
1.904096e+14	9.997107e-01	-1.239165e+00
1.903853e+14	9.993828e-01	-1.443344e+00
1.903611e+14	9.988066e-01	-1.647599e+00
1.903369e+14	9.978829e-01	-1.851893e+00
1.903127e+14	9.965170e-01	-2.056143e+00
1.902885e+14	9.946380e-01	-2.260222e+00
1.902644e+14	9.922187e-01	-2.463963e+00
1.902402e+14	9.892918e-01	-2.667178e+00
1.902160e+14	9.859589e-01	-2.869681e+00
1.901918e+14	9.823889e-01	-3.071310e+00
1.901677e+14	9.788070e-01	3.011225e+00
1.901435e+14	9.754738e-01	2.811588e+00
1.901194e+14	9.726596e-01	2.612909e+00
1.900952e+14	9.706161e-01	2.415043e+00
1.900711e+14	9.695501e-01	2.217764e+00
1.900470e+14	9.696004e-01	2.020776e+00
1.900228e+14	9.708198e-01	1.823742e+00
1.899987e+14	9.731637e-01	1.626311e+00
1.899746e+14	9.764853e-01	1.428150e+00
1.899505e+14	9.805397e-01	1.228981e+00
1.899264e+14	9.849978e-01	1.028613e+00
1.899023e+14	9.894722e-01	8.269669e-01
1.898782e+14	9.935537e-01	6.240945e-01
1.898542e+14	9.968569e-01	4.201797e-01
1.898301e+14	9.990685e-01	2.155243e-01
1.898060e+14	9.999897e-01	1.051567e-02
1.897819e+14	9.995637e-01	-1.944176e-01
1.897579e+14	9.978823e-01	-3.988575e-01
1.897338e+14	9.951696e-01	-6.024457e-01
1.897098e+14	9.917470e-01	-8.049217e-01
1.896858e+14	9.879880e-01	-1.006146e+00
1.896617e+14	9.842716e-01	-1.206104e+00
1.896377e+14	9.809415e-01	-1.404900e+00
1.896137e+14	9.782756e-01	-1.602729e+00
1.895897e+14	9.764677e-01	-1.799855e+00
1.895657e+14	9.756197e-01	-1.996575e+00
1.895417e+14	9.757431e-01	-2.193189e+00
1.895177e+14	9.767678e-01	-2.389973e+00
1.894937e+14	9.785563e-01	-2.587156e+00
1.894697e+14	9.809224e-01	-2.784904e+00
1.894457e+14	9.836528e-01	-2.983312e+00
1.894217e+14	9.865292e-01	3.100786e+00
1.893978e+14	9.893504e-01	2.901062e+00
1.893738e+14	9.919497e-01	2.700800e+00
1.893499e+14	9.942080e-01	2.500132e+00
1.893259e+14	9.960587e-01	2.299205e+00
1.893020e+14	9.974860e-01	2.098164e+00
1.892780e+14	9.985165e-01	1.897132e+00
1.892541e+14	9.992070e-01	1.696205e+00
1.892302e+14	9.996300e-01	1.495445e+00
1.892063e+14	9.998611e-01	1.294884e+00
1.891824e+14	9.999683e-01	1.094524e+00
1.891585e+14	1.000006e+00	8.943520e-01
1.891346e+14	1.000011e+00	6.943431e-01
1.891107e+14	1.000006e+00	4.944697e-01
1.890868e+14	1.000002e+00	2.947067e-01
1.890629e+14	1.000001e+00	9.503361e-02
1.890390e+14	1.000001e+00	-1.045649e-01
1.890152e+14	1.000001e+00	-3.041008e-01
1.889913e+14	9.999990e-01	-5.035854e-01
1.889674e+14	9.999912e-01	-7.030312e-01
1.889436e+14	9.999713e-01	-9.024529e-01
1.889197e+14	9.999265e-01	-1.101867e+00
1.888959e+14	9.998350e-01	-1.301288e+00
1.888721e+14	9.996650e-01	-1.500724e+00
1.888482e+14	9.993765e-01	-1.700174e+00
1.888244e+14	9.989248e-01	-1.899618e+00
1.888006e+14	9.982671e-01	-2.099019e+00
1.887768e+14	9.973709e-01	-2.298318e+00
1.887530e+14	9.962221e-01	-2.497441e+00
1.887292e+14	9.948330e-01	-2.696301e+00
1.887054e+14	9.932462e-01	-2.894812e+00
1.886816e+14	9.915360e-01	-3.092898e+00
1.886578e+14	9.898044e-01	2.992681e+00
1.886341e+14	9.881729e-01	2.795577e+00
1.886103e+14	9.867717e-01	2.598955e+00
1.885865e+14	9.857258e-01	2.402755e+00
1.885628e+14	9.851415e-01	2.206875e+00
1.885390e+14	9.850936e-01	2.011178e+00
1.885153e+14	9.856152e-01	1.815504e+00
1.884916e+14	9.866909e-01	1.619684e+00
1.884678e+14	9.882542e-01	1.423556e+00
1.884441e+14	9.901900e-01	1.226982e+00
1.884204e+14	9.923423e-01	1.029865e+00
1.883967e+14	9.945271e-01	8.321580e-01
1.883730e+14	9.965501e-01	6.338765e-01
1.883493e+14	9.982262e-01	4.350960e-01
1.883256e+14	9.994007e-01	2.359483e-01
1.883019e+14	9.999677e-01	3.660751e-02
1.882782e+14	9.998823e-01	-1.627278e-01
1.882545e+14	9.991661e-01	-3.618562e-01
1.882309e+14	9.979036e-01	-5.605957e-01
1.882072e+14	9.962310e-01	-7.588019e-01
1.881835e+14	9.943187e-01	-9.563824e-01
1.881599e+14	9.923518e-01	-1.153303e+00
1.881362e+14	9.905097e-01	-1.349588e+00
1.881126e+14	9.889493e-01	-1.545313e+00
1.880890e+14	9.877917e-01	-1.740595e+00
1.880653e+14	9.871138e-01	-1.935577e+00
1.880417e+14	9.869457e-01	-2.130411e+00
1.880181e+14	9.872720e-01	-2.325248e+00
1.879945e+14	9.880377e-01	-2.520216e+00
1.879709e+14	9.891567e-01	-2.715419e+00
1.879473e+14	9.905229e-01	-2.910925e+00
1.879237e+14	9.920220e-01	-3.106762e+00
1.879001e+14	9.935437e-01	2.980260e+00
1.878765e+14	9.949914e-01	2.783808e+00
1.878529e+14	9.962902e-01	2.587127e+00
1.878294e+14	9.973911e-01	2.390289e+00
1.878058e+14	9.982719e-01	2.193370e+00
1.877822e+14	9.989346e-01	1.996441e+00
1.877587e+14	9.994001e-01	1.799560e+00
1.877351e+14	9.997017e-01	1.602770e+00
1.877116e+14	9.998782e-01	1.406097e+00
1.876881e+14	9.999679e-01	1.209551e+00
1.876645e+14	1.000004e+00	1.013132e+00
1.876410e+14	1.000012e+00	8.168288e-01
1.876175e+14	1.000009e+00	6.206283e-01
1.875940e+14	1.000004e+00	4.245158e-01
1.875705e+14	1.000002e+00	2.284783e-01
1.875470e+14	1.000001e+00	3.250592e-02
1.875235e+14	1.000002e+00	-1.634091e-01
1.875000e+14	1.000002e+00	-3.592726e-01
("port 2","TE",1,"port 2",1,"modulation")
(1,1)
0.00371
(500,3)
2.000000e+14	8.561179e-02	-2.780217e-01
1.999733e+14	7.309770e-02	-5.033795e-01
1.999466e+14	6.065382e-02	-7.296184e-01
1.999199e+14	4.878567e-02	-9.568986e-01
1.998932e+14	3.792856e-02	-1.185455e+00
1.998665e+14	2.842498e-02	-1.415577e+00
1.998398e+14	2.050798e-02	-1.647465e+00
1.998131e+14	1.429124e-02	-1.880686e+00
1.997865e+14	9.766043e-03	-2.112642e+00
1.997598e+14	6.805829e-03	-2.335746e+00
1.997332e+14	5.179328e-03	-2.537760e+00
1.997065e+14	4.569629e-03	-2.715579e+00
1.996799e+14	4.588309e-03	-2.884781e+00
1.996532e+14	4.792746e-03	-3.057222e+00
1.996266e+14	4.720157e-03	3.057865e+00
1.996000e+14	3.931140e-03	2.928519e+00
1.995734e+14	2.144084e-03	3.042176e+00
1.995468e+14	2.233445e-03	-1.567026e+00
1.995202e+14	7.279152e-03	-1.339178e+00
1.994936e+14	1.453708e-02	-1.463208e+00
1.994670e+14	2.385256e-02	-1.644068e+00
1.994404e+14	3.511849e-02	-1.843867e+00
1.994139e+14	4.811253e-02	-2.052180e+00
1.993873e+14	6.248820e-02	-2.264958e+00
1.993608e+14	7.778538e-02	-2.480257e+00
1.993342e+14	9.345064e-02	-2.696997e+00
1.993077e+14	1.088649e-01	-2.914510e+00
1.992812e+14	1.233752e-01	-3.132357e+00
1.992546e+14	1.363279e-01	2.932933e+00
1.992281e+14	1.470998e-01	2.715157e+00
1.992016e+14	1.551246e-01	2.497566e+00
1.991751e+14	1.599140e-01	2.280139e+00
1.991486e+14	1.610740e-01	2.062784e+00
1.991221e+14	1.583174e-01	1.845360e+00
1.990956e+14	1.514746e-01	1.627701e+00
1.990691e+14	1.405055e-01	1.409656e+00
1.990427e+14	1.255106e-01	1.191127e+00
1.990162e+14	1.067421e-01	9.721282e-01
1.989898e+14	8.461123e-02	7.529013e-01
1.989633e+14	5.968741e-02	5.342769e-01
1.989369e+14	3.268599e-02	3.198412e-01
1.989104e+14	4.463179e-03	2.014642e-01
1.988840e+14	2.416629e-02	2.978437e+00
1.988576e+14	5.216643e-02	2.768242e+00
1.988312e+14	7.868561e-02	2.550072e+00
1.988048e+14	1.029113e-01	2.330697e+00
1.987784e+14	1.241562e-01	2.111374e+00
1.987520e+14	1.418814e-01	1.892481e+00
1.987256e+14	1.557067e-01	1.674088e+00
1.986992e+14	1.654092e-01	1.456112e+00
1.986729e+14	1.709161e-01	1.238374e+00
1.986465e+14	1.722946e-01	1.020652e+00
1.986201e+14	1.697414e-01	8.027076e-01
1.985938e+14	1.635739e-01	5.843205e-01
1.985674e+14	1.542202e-01	3.653030e-01
1.985411e+14	1.422070e-01	1.455126e-01
1.985148e+14	1.281433e-01	-7.514961e-02
1.984885e+14	1.126964e-01	-2.967518e-01
1.984622e+14	9.656256e-02	-5.193553e-01
1.984358e+14	8.043111e-02	-7.430498e-01
1.984095e+14	6.494736e-02	-9.679959e-01
1.983832e+14	5.067636e-02	-1.194473e+00
1.983570e+14	3.807193e-02	-1.422915e+00
1.983307e+14	2.745329e-02	-1.653876e+00
1.983044e+14	1.899063e-02	-1.887720e+00
1.982781e+14	1.269951e-02	-2.123392e+00
1.982519e+14	8.444067e-03	-2.354968e+00
1.982256e+14	5.950727e-03	-2.567093e+00
1.981994e+14	4.835219e-03	-2.744009e+00
1.981732e+14	4.626512e-03	-2.896520e+00
1.981469e+14	4.776860e-03	-3.047893e+00
1.981207e+14	4.697263e-03	3.087942e+00
1.980945e+14	3.823461e-03	2.992457e+00
1.980683e+14	1.895842e-03	-2.979026e+00
1.980421e+14	3.399002e-03	-1.384327e+00
1.980159e+14	9.700089e-03	-1.291074e+00
1.979897e+14	1.872038e-02	-1.425850e+00
1.979635e+14	3.043293e-02	-1.607170e+00
1.979373e+14	4.476198e-02	-1.805448e+00
1.979112e+14	6.147250e-02	-2.011721e+00
1.978850e+14	8.016055e-02	-2.222293e+00
1.978588e+14	1.002645e-01	-2.435294e+00
1.978327e+14	1.210906e-01	-2.649616e+00
1.978066e+14	1.418495e-01	-2.864525e+00
1.977804e+14	1.617007e-01	-3.079507e+00
1.977543e+14	1.797984e-01	2.988978e+00
1.977282e+14	1.953329e-01	2.774769e+00
1.977021e+14	2.075636e-01	2.561127e+00
1.976760e+14	2.158414e-01	2.347994e+00
1.976499e+14	2.196210e-01	2.135197e+00
1.976238e+14	2.184684e-01	1.922469e+00
1.975977e+14	2.120677e-01	1.709482e+00
1.975716e+14	2.002313e-01	1.495889e+00
1.975455e+14	1.829188e-01	1.281379e+00
1.975195e+14	1.602632e-01	1.065739e+00
1.974934e+14	1.326022e-01	8.489313e-01
1.974674e+14	1.005052e-01	6.312506e-01
1.974413e+14	6.478589e-02	4.138718e-01
1.974153e+14	2.649039e-02	2.041522e-01
1.973892e+14	1.317390e-02	3.066089e+00
1.973632e+14	5.283588e-02	2.873672e+00
1.973372e+14	9.118871e-02	2.656803e+00
1.973112e+14	1.269864e-01	2.438500e+00
1.972852e+14	1.591645e-01	2.220808e+00
1.972592e+14	1.868835e-01	2.004303e+00
1.972332e+14	2.095442e-01	1.789112e+00
1.972072e+14	2.267754e-01	1.575104e+00
1.971812e+14	2.384072e-01	1.361983e+00
1.971553e+14	2.444415e-01	1.149352e+00
1.971293e+14	2.450269e-01	9.367640e-01
1.971034e+14	2.404440e-01	7.237767e-01
1.970774e+14	2.310997e-01	5.099943e-01
1.970515e+14	2.175267e-01	2.950986e-01
1.970255e+14	2.003837e-01	7.886664e-02
1.969996e+14	1.804474e-01	-1.388283e-01
1.969737e+14	1.585929e-01	-3.580352e-01
1.969478e+14	1.357585e-01	-5.787629e-01
1.969219e+14	1.128968e-01	-8.010375e-01
1.968960e+14	9.091696e-02	-1.024977e+00
1.968701e+14	7.062674e-02	-1.250880e+00
1.968442e+14	5.268102e-02	-1.479334e+00
1.968183e+14	3.754366e-02	-1.711294e+00
1.967924e+14	2.546430e-02	-1.947995e+00
1.967666e+14	1.646957e-02	-2.189995e+00
1.967407e+14	1.036624e-02	-2.433099e+00
1.967148e+14	6.757742e-03	-2.658240e+00
1.966890e+14	5.087195e-03	-2.831931e+00
1.966632e+14	4.689748e-03	-2.955962e+00
1.966373e+14	4.789338e-03	-3.071073e+00
1.966115e+14	4.534872e-03	3.110733e+00
1.965857e+14	3.169269e-03	-3.126263e+00
1.965599e+14	2.147462e-03	-1.811371e+00
1.965341e+14	7.871093e-03	-1.209777e+00
1.965083e+14	1.775185e-02	-1.278180e+00
1.964825e+14	3.158572e-02	-1.438826e+00
1.964567e+14	4.950780e-02	-1.627741e+00
1.964309e+14	7.144140e-02	-1.829017e+00
1.964051e+14	9.704062e-02	-2.036741e+00
1.963794e+14	1.256807e-01	-2.248075e+00
1.963536e+14	1.564779e-01	-2.461340e+00
1.963279e+14	1.883400e-01	-2.675356e+00
1.963021e+14	2.200411e-01	-2.889207e+00
1.962764e+14	2.503114e-01	-3.102178e+00
1.962507e+14	2.779231e-01	2.969435e+00
1.962249e+14	3.017562e-01	2.759557e+00
1.961992e+14	3.208345e-01	2.551424e+00
1.961735e+14	3.343290e-01	2.344837e+00
1.961478e+14	3.415367e-01	2.139359e+00
1.961221e+14	3.418485e-01	1.934353e+00
1.960964e+14	3.347192e-01	1.729024e+00
1.960707e+14	3.196555e-01	1.522489e+00
1.960450e+14	2.962364e-01	1.313862e+00
1.960194e+14	2.641748e-01	1.102358e+00
1.959937e+14	2.234274e-01	8.874284e-01
1.959681e+14	1.743436e-01	6.689408e-01
1.959424e+14	1.178206e-01	4.475174e-01
1.959168e+14	5.540916e-02	2.264380e-01
1.958911e+14	1.071785e-02	3.085923e+00
1.958655e+14	7.787658e-02	2.897389e+00
1.958399e+14	1.433156e-01	2.673585e+00
1.958143e+14	2.044737e-01	2.450623e+00
1.957886e+14	2.593193e-01	2.230883e+00
1.957630e+14	3.064764e-01	2.015198e+00
1.957374e+14	3.451962e-01	1.803680e+00
1.957119e+14	3.752246e-01	1.595925e+00
1.956863e+14	3.966343e-01	1.391161e+00
1.956607e+14	4.096754e-01	1.188378e+00
1.956351e+14	4.146722e-01	9.864519e-01
1.956096e+14	4.119706e-01	7.842394e-01
1.955840e+14	4.019337e-01	5.806634e-01
1.955585e+14	3.849763e-01	3.747861e-01
1.955329e+14	3.616262e-01	1.658719e-01
1.955074e+14	3.325982e-01	-4.656485e-02
1.954818e+14	2.988595e-01	-2.627374e-01
1.954563e+14	2.616617e-01	-4.826032e-01
1.954308e+14	2.225175e-01	-7.059336e-01
1.954053e+14	1.831119e-01	-9.324412e-01
1.953798e+14	1.451603e-01	-1.161966e+00
1.953543e+14	1.102421e-01	-1.394714e+00
1.953288e+14	7.964834e-02	-1.631568e+00
1.953033e+14	5.427240e-02	-1.874478e+00
1.952779e+14	3.455215e-02	-2.126865e+00
1.952524e+14	2.045514e-02	-2.392931e+00
1.952269e+14	1.148665e-02	-2.669536e+00
1.952015e+14	6.716678e-03	-2.912901e+00
1.951760e+14	4.924784e-03	-3.029018e+00
1.951506e+14	4.766171e-03	-3.049987e+00
1.951251e+14	4.598340e-03	-3.045639e+00
1.950997e+14	3.064210e-03	-2.675535e+00
1.950743e+14	5.717770e-03	-1.292395e+00
1.950489e+14	1.754015e-02	-1.132870e+00
1.950234e+14	3.729811e-02	-1.250579e+00
1.949980e+14	6.601496e-02	-1.430935e+00
1.949726e+14	1.044503e-01	-1.636080e+00
1.949473e+14	1.526609e-01	-1.854304e+00
1.949219e+14	2.097547e-01	-2.080352e+00
1.948965e+14	2.737635e-01	-2.310772e+00
1.948711e+14	3.417427e-01	-2.542480e+00
1.948458e+14	4.101638e-01	-2.772421e+00
1.948204e+14	4.755226e-01	-2.997705e+00
1.947951e+14	5.349333e-01	3.067230e+00
1.947697e+14	5.864775e-01	2.857589e+00
1.947444e+14	6.292173e-01	2.657202e+00
1.947190e+14	6.629551e-01	2.465821e+00
1.946937e+14	6.878894e-01	2.282442e+00
1.946684e+14	7.042767e-01	2.105445e+00
1.946431e+14	7.121405e-01	1.932676e+00
1.946178e+14	7.109999e-01	1.761431e+00
1.945925e+14	6.995550e-01	1.588311e+00
1.945672e+14	6.752320e-01	1.408938e+00
1.945419e+14	6.334710e-01	1.217501e+00
1.945166e+14	5.666890e-01	1.006202e+00
1.944914e+14	4.632847e-01	7.650420e-01
1.944661e+14	3.088156e-01	4.835323e-01
1.944408e+14	9.518198e-02	1.595831e-01
1.944156e+14	1.592676e-01	2.933462e+00
1.943903e+14	4.043026e-01	2.578750e+00
1.943651e+14	5.956396e-01	2.260308e+00
1.943399e+14	7.254544e-01	1.992589e+00
1.943146e+14	8.083471e-01	1.771014e+00
1.942894e+14	8.608653e-01	1.585172e+00
1.942642e+14	8.947054e-01	1.425424e+00
1.942390e+14	9.170500e-01	1.284451e+00
1.942138e+14	9.321490e-01	1.157002e+00
1.941886e+14	9.425238e-01	1.039325e+00
1.941634e+14	9.496939e-01	9.286774e-01
1.941382e+14	9.545897e-01	8.229888e-01
1.941131e+14	9.577835e-01	7.206200e-01
1.940879e+14	9.596192e-01	6.202031e-01
1.940627e+14	9.602840e-01	5.205238e-01
1.940376e+14	9.598453e-01	4.204306e-01
1.940124e+14	9.582645e-01	3.187558e-01
1.939873e+14	9.553916e-01	2.142382e-01
1.939622e+14	9.509396e-01	1.054382e-01
1.939370e+14	9.444332e-01	-9.366693e-03
1.939119e+14	9.351211e-01	-1.323130e-01
1.938868e+14	9.218289e-01	-2.661237e-01
1.938617e+14	9.027294e-01	-4.143243e-01
1.938366e+14	8.750032e-01	-5.814848e-01
1.938115e+14	8.344254e-01	-7.734022e-01
1.937864e+14	7.751368e-01	-9.969899e-01
1.937613e+14	6.904325e-01	-1.259457e+00
1.937362e+14	5.761420e-01	-1.566642e+00
1.937112e+14	4.371354e-01	-1.922702e+00
1.936861e+14	2.920799e-01	-2.339543e+00
1.936611e+14	1.690265e-01	-2.873396e+00
1.936360e+14	9.622194e-02	2.621641e+00
1.936110e+14	7.966278e-02	1.807362e+00
1.935859e+14	7.980239e-02	1.540412e+00
1.935609e+14	9.889673e-02	1.790996e+00
1.935359e+14	1.753493e-01	1.954280e+00
1.935109e+14	3.002691e-01	1.847751e+00
1.934858e+14	4.452549e-01	1.626437e+00
1.934608e+14	5.827574e-01	1.373752e+00
1.934358e+14	6.950640e-01	1.128069e+00
1.934109e+14	7.780417e-01	9.053047e-01
1.933859e+14	8.360983e-01	7.088142e-01
1.933609e+14	8.758803e-01	5.361637e-01
1.933359e+14	9.031151e-01	3.831620e-01
1.933110e+14	9.219160e-01	2.456640e-01
1.932860e+14	9.350269e-01	1.201463e-01
1.932610e+14	9.442281e-01	3.770962e-03
1.932361e+14	9.506658e-01	-1.057199e-01
1.932112e+14	9.550751e-01	-2.101391e-01
1.931862e+14	9.579213e-01	-3.109766e-01
1.931613e+14	9.594864e-01	-4.095016e-01
1.931364e+14	9.599184e-01	-5.068446e-01
1.931115e+14	9.592564e-01	-6.040698e-01
1.930865e+14	9.574362e-01	-7.022416e-01
1.930616e+14	9.542778e-01	-8.024951e-01
1.930368e+14	9.494512e-01	-9.061190e-01
1.930119e+14	9.424092e-01	-1.014663e+00
1.929870e+14	9.322676e-01	-1.130086e+00
1.929621e+14	9.175934e-01	-1.254974e+00
1.929372e+14	8.960299e-01	-1.392851e+00
1.929124e+14	8.636420e-01	-1.548623e+00
1.928875e+14	8.138384e-01	-1.729099e+00
1.928627e+14	7.359244e-01	-1.943277e+00
1.928378e+14	6.145560e-01	-2.201185e+00
1.928130e+14	4.349202e-01	-2.508569e+00
1.927882e+14	2.002611e-01	-2.856381e+00
1.927633e+14	5.182912e-02	-6.075630e-02
1.927385e+14	2.713200e-01	-3.964094e-01
1.927137e+14	4.345547e-01	-6.833565e-01
1.926889e+14	5.459043e-01	-9.289767e-01
1.926641e+14	6.188906e-01	-1.143240e+00
1.926393e+14	6.653936e-01	-1.336134e+00
1.926145e+14	6.934960e-01	-1.515636e+00
1.925897e+14	7.081907e-01	-1.687735e+00
1.925650e+14	7.123874e-01	-1.856940e+00
1.925402e+14	7.076479e-01	-2.026737e+00
1.925154e+14	6.946615e-01	-2.199910e+00
1.924907e+14	6.735618e-01	-2.378709e+00
1.924659e+14	6.441767e-01	-2.564918e+00
1.924412e+14	6.062771e-01	-2.759818e+00
1.924165e+14	5.598602e-01	-2.964099e+00
1.923917e+14	5.054587e-01	3.105442e+00
1.923670e+14	4.444098e-01	2.883207e+00
1.923423e+14	3.789627e-01	2.653824e+00
1.923176e+14	3.121175e-01	2.419130e+00
1.922929e+14	2.471951e-01	2.180916e+00
1.922682e+14	1.872807e-01	1.940391e+00
1.922435e+14	1.347538e-01	1.697627e+00
1.922188e+14	9.104971e-02	1.450796e+00
1.921941e+14	5.666094e-02	1.194496e+00
1.921694e+14	3.129546e-02	9.141328e-01
1.921448e+14	1.411386e-02	5.590050e-01
1.921201e+14	4.265891e-03	-1.949984e-01
1.920955e+14	3.345422e-03	-2.023170e+00
1.920708e+14	4.659486e-03	-2.690302e+00
1.920462e+14	4.747466e-03	-3.122190e+00
1.920215e+14	5.011731e-03	2.752451e+00
1.919969e+14	6.904792e-03	2.449096e+00
1.919723e+14	1.162167e-02	2.264289e+00
1.919477e+14	2.026712e-02	2.107408e+00
1.919231e+14	3.368174e-02	1.938759e+00
1.918985e+14	5.232041e-02	1.755561e+00
1.918739e+14	7.623448e-02	1.561972e+00
1.918493e+14	1.050673e-01	1.361658e+00
1.918247e+14	1.380656e-01	1.157190e+00
1.918001e+14	1.741239e-01	9.504235e-01
1.917756e+14	2.118691e-01	7.428152e-01
1.917510e+14	2.497831e-01	5.355634e-01
1.917264e+14	2.863404e-01	3.296432e-01
1.917019e+14	3.201350e-01	1.257830e-01
1.916773e+14	3.499692e-01	-7.557026e-02
1.916528e+14	3.748905e-01	-2.742728e-01
1.916283e+14	3.941808e-01	-4.704798e-01
1.916037e+14	4.073111e-01	-6.646172e-01
1.915792e+14	4.138806e-01	-8.573370e-01
1.915547e+14	4.135593e-01	-1.049462e+00
1.915302e+14	4.060459e-01	-1.241923e+00
1.915057e+14	3.910513e-01	-1.435696e+00
1.914812e+14	3.683153e-01	-1.631725e+00
1.914567e+14	3.376613e-01	-1.830845e+00
1.914322e+14	2.990900e-01	-2.033686e+00
1.914077e+14	2.529047e-01	-2.240590e+00
1.913833e+14	1.998423e-01	-2.451551e+00
1.913588e+14	1.411700e-01	-2.666270e+00
1.913344e+14	7.869391e-02	-2.884770e+00
1.913099e+14	1.464637e-02	-3.123652e+00
1.912855e+14	4.856937e-02	-1.651358e-01
1.912610e+14	1.086204e-01	-3.852501e-01
1.912366e+14	1.635630e-01	-5.995972e-01
1.912122e+14	2.119638e-01	-8.100620e-01
1.911877e+14	2.529389e-01	-1.016826e+00
1.911633e+14	2.860842e-01	-1.220174e+00
1.911389e+14	3.113568e-01	-1.420620e+00
1.911145e+14	3.289514e-01	-1.618859e+00
1.910901e+14	3.392018e-01	-1.815689e+00
1.910657e+14	3.425164e-01	-2.011929e+00
1.910413e+14	3.393485e-01	-2.208359e+00
1.910170e+14	3.301938e-01	-2.405669e+00
1.909926e+14	3.156066e-01	-2.604415e+00
1.909682e+14	2.962247e-01	-2.805000e+00
1.909439e+14	2.727922e-01	-3.007660e+00
1.909195e+14	2.461712e-01	3.070709e+00
1.908952e+14	2.173330e-01	2.863785e+00
1.908708e+14	1.873268e-01	2.654874e+00
1.908465e+14	1.572268e-01	2.444090e+00
1.908222e+14	1.280670e-01	2.231442e+00
1.907979e+14	1.007733e-01	2.016685e+00
1.907735e+14	7.610731e-02	1.799088e+00
1.907492e+14	5.462667e-02	1.576984e+00
1.907249e+14	3.666780e-02	1.346664e+00
1.907006e+14	2.234863e-02	1.098960e+00
1.906763e+14	1.159573e-02	8.047392e-01
1.906521e+14	4.269156e-03	3.050560e-01
1.906278e+14	1.970681e-03	-1.538489e+00
1.906035e+14	3.833631e-03	-2.420361e+00
1.905792e+14	4.686088e-03	-2.787514e+00
1.905550e+14	4.751313e-03	-3.095542e+00
1.905307e+14	4.717079e-03	2.883576e+00
1.905065e+14	5.278053e-03	2.598474e+00
1.904822e+14	7.048991e-03	2.366796e+00
1.904580e+14	1.056498e-02	2.179088e+00
1.904338e+14	1.628010e-02	2.004322e+00
1.904096e+14	2.452027e-02	1.826663e+00
1.903853e+14	3.545251e-02	1.642829e+00
1.903611e+14	4.907446e-02	1.453600e+00
1.903369e+14	6.521251e-02	1.260388e+00
1.903127e+14	8.352734e-02	1.064412e+00
1.902885e+14	1.035285e-01	8.666104e-01
1.902644e+14	1.245989e-01	6.677107e-01
1.902402e+14	1.460290e-01	4.682856e-01
1.902160e+14	1.670563e-01	2.687901e-01
1.901918e+14	1.869081e-01	6.957255e-02
1.901677e+14	2.048398e-01	-1.291254e-01
1.901435e+14	2.201663e-01	-3.271731e-01
1.901194e+14	2.322836e-01	-5.245530e-01
1.900952e+14	2.406796e-01	-7.213561e-01
1.900711e+14	2.449383e-01	-9.177707e-01
1.900470e+14	2.447391e-01	-1.114063e+00
1.900228e+14	2.398564e-01	-1.310549e+00
1.899987e+14	2.301623e-01	-1.507570e+00
1.899746e+14	2.156360e-01	-1.705451e+00
1.899505e+14	1.963787e-01	-1.904478e+00
1.899264e+14	1.726330e-01	-2.104865e+00
1.899023e+14	1.448026e-01	-2.306743e+00
1.898782e+14	1.134649e-01	-2.510195e+00
1.898542e+14	7.937068e-02	-2.715426e+00
1.898301e+14	4.342332e-02	-2.923859e+00
1.898060e+14	6.643731e-03	3.108034e+00
1.897819e+14	2.993226e-02	-1.719081e-01
1.897579e+14	6.522564e-02	-3.830574e-01
1.897338e+14	9.829014e-02	-5.887280e-01
1.897098e+14	1.283017e-01	-7.923389e-01
1.896858e+14	1.546058e-01	-9.943799e-01
1.896617e+14	1.767270e-01	-1.195039e+00
1.896377e+14	1.943623e-01	-1.394506e+00
1.896137e+14	2.073637e-01	-1.593027e+00
1.895897e+14	2.157167e-01	-1.790899e+00
1.895657e+14	2.195200e-01	-1.988446e+00
1.895417e+14	2.189708e-01	-2.185997e+00
1.895177e+14	2.143538e-01	-2.383857e+00
1.894937e+14	2.060353e-01	-2.582293e+00
1.894697e+14	1.944589e-01	-2.781516e+00
1.894457e+14	1.801399e-01	-2.981680e+00
1.894217e+14	1.636564e-01	3.100302e+00
1.893978e+14	1.456342e-01	2.897994e+00
1.893738e+14	1.267256e-01	2.694527e+00
1.893499e+14	1.075832e-01	2.489807e+00
1.893259e+14	8.883041e-02	2.283644e+00
1.893020e+14	7.103191e-02	2.075642e+00
1.892780e+14	5.466836e-02	1.865015e+00
1.892541e+14	4.011645e-02	1.650204e+00
1.892302e+14	2.763675e-02	1.427893e+00
1.892063e+14	1.737041e-02	1.190007e+00
1.891824e+14	9.349206e-03	9.109325e-01
1.891585e+14	3.572289e-03	4.497426e-01
1.891346e+14	1.554954e-03	-1.439091e+00
1.891107e+14	3.428144e-03	-2.334948e+00
1.890868e+14	4.500526e-03	-2.677115e+00
1.890629e+14	4.783317e-03	-2.952383e+00
1.890390e+14	4.685416e-03	3.065550e+00
1.890152e+14	4.653115e-03	2.799722e+00
1.889913e+14	5.117808e-03	2.546791e+00
1.889674e+14	6.465034e-03	2.325904e+00
1.889436e+14	9.028169e-03	2.133951e+00
1.889197e+14	1.308210e-02	1.953885e+00
1.888959e+14	1.882186e-02	1.774273e+00
1.888721e+14	2.634598e-02	1.591305e+00
1.888482e+14	3.564935e-02	1.404659e+00
1.888244e+14	4.662193e-02	1.214994e+00
1.888006e+14	5.905200e-02	1.023078e+00
1.887768e+14	7.263409e-02	8.295584e-01
1.887530e+14	8.698174e-02	6.349519e-01
1.887292e+14	1.016449e-01	4.396611e-01
1.887054e+14	1.161304e-01	2.440012e-01
1.886816e+14	1.299252e-01	4.821350e-02
1.886578e+14	1.425184e-01	-1.475277e-01
1.886341e+14	1.534224e-01	-3.431124e-01
1.886103e+14	1.621903e-01	-5.384932e-01
1.885865e+14	1.684302e-01	-7.336823e-01
1.885628e+14	1.718149e-01	-9.287457e-01
1.885390e+14	1.720893e-01	-1.123794e+00
1.885153e+14	1.690762e-01	-1.318969e+00
1.884916e+14	1.626813e-01	-1.514430e+00
1.884678e+14	1.528983e-01	-1.710338e+00
1.884441e+14	1.398148e-01	-1.906841e+00
1.884204e+14	1.236176e-01	-2.104064e+00
1.883967e+14	1.045961e-01	-2.302119e+00
1.883730e+14	8.314214e-02	-2.501143e+00
1.883493e+14	5.974397e-02	-2.701478e+00
1.883256e+14	3.497258e-02	-2.904647e+00
1.883019e+14	9.463222e-03	-3.130116e+00
1.882782e+14	1.613672e-02	-1.312975e-01
1.882545e+14	4.113513e-02	-3.433271e-01
1.882309e+14	6.490981e-02	-5.453001e-01
1.882072e+14	8.688321e-02	-7.451048e-01
1.881835e+14	1.065604e-01	-9.437472e-01
1.881599e+14	1.235425e-01	-1.141516e+00
1.881362e+14	1.375327e-01	-1.338567e+00
1.881126e+14	1.483370e-01	-1.535045e+00
1.880890e+14	1.558596e-01	-1.731110e+00
1.880653e+14	1.600969e-01	-1.926936e+00
1.880417e+14	1.611300e-01	-2.122707e+00
1.880181e+14	1.591183e-01	-2.318601e+00
1.879945e+14	1.542925e-01	-2.514784e+00
1.879709e+14	1.469482e-01	-2.711398e+00
1.879473e+14	1.374383e-01	-2.908565e+00
1.879237e+14	1.261634e-01	-3.106383e+00
1.879001e+14	1.135599e-01	2.978246e+00
1.878765e+14	1.000859e-01	2.778856e+00
1.878529e+14	8.620371e-02	2.578504e+00
1.878294e+14	7.236223e-02	2.376979e+00
1.878058e+14	5.897851e-02	2.173916e+00
1.877822e+14	4.642107e-02	1.968654e+00
1.877587e+14	3.499596e-02	1.759950e+00
1.877351e+14	2.493652e-02	1.545274e+00
1.877116e+14	1.639806e-02	1.318761e+00
1.876881e+14	9.459928e-03	1.063257e+00
1.876645e+14	4.156388e-03	6.996070e-01
1.876410e+14	1.143965e-03	-7.257009e-01
1.876175e+14	2.739692e-03	-2.159121e+00
1.875940e+14	4.118151e-03	-2.529466e+00
1.875705e+14	4.713111e-03	-2.796937e+00
1.875470e+14	4.775376e-03	-3.043435e+00
1.875235e+14	4.613291e-03	2.995081e+00
1.875000e+14	4.545950e-03	2.749151e+00
