("port 1","TE",1,"port 1",1,"modulation")
(1,1)
0.00086
(500,3)
2.000000e+14	4.770583e-03	-3.033863e+00
1.999733e+14	4.762540e-03	3.079115e+00
1.999466e+14	4.093386e-03	2.939839e+00
1.999199e+14	2.432876e-03	2.980189e+00
1.998932e+14	1.790048e-03	-1.723522e+00
1.998665e+14	6.464279e-03	-1.332524e+00
1.998398e+14	1.344718e-02	-1.441289e+00
1.998131e+14	2.249822e-02	-1.618260e+00
1.997865e+14	3.352214e-02	-1.816608e+00
1.997598e+14	4.631277e-02	-2.024287e+00
1.997332e+14	6.053914e-02	-2.236783e+00
1.997065e+14	7.575433e-02	-2.451982e+00
1.996799e+14	9.141475e-02	-2.668727e+00
1.996532e+14	1.069070e-01	-2.886312e+00
1.996266e+14	1.215796e-01	-3.104275e+00
1.996000e+14	1.347761e-01	2.960873e+00
1.995734e+14	1.458666e-01	2.742940e+00
1.995468e+14	1.542752e-01	2.525192e+00
1.995202e+14	1.595019e-01	2.307616e+00
1.994936e+14	1.611393e-01	2.090128e+00
1.994670e+14	1.588853e-01	1.872590e+00
1.994404e+14	1.525551e-01	1.654840e+00
1.994139e+14	1.420913e-01	1.436720e+00
1.993873e+14	1.275764e-01	1.218123e+00
1.993608e+14	1.092439e-01	9.990436e-01
1.993342e+14	8.748574e-02	7.796855e-01
1.993077e+14	6.285341e-02	5.607617e-01
1.992812e+14	3.604667e-02	3.451575e-01
1.992546e+14	7.897665e-03	1.756240e-01
1.992281e+14	2.074328e-02	3.001547e+00
1.992016e+14	4.887779e-02	2.794094e+00
1.991751e+14	7.563397e-02	2.576132e+00
1.991486e+14	1.001849e-01	2.356671e+00
1.991221e+14	1.218257e-01	2.137185e+00
1.990956e+14	1.399982e-01	1.918107e+00
1.990691e+14	1.543027e-01	1.699533e+00
1.990427e+14	1.644978e-01	1.481391e+00
1.990162e+14	1.704936e-01	1.263514e+00
1.989898e+14	1.723416e-01	1.045679e+00
1.989633e+14	1.702245e-01	8.276515e-01
1.989369e+14	1.644468e-01	6.092048e-01
1.989104e+14	1.554251e-01	3.901475e-01
1.988840e+14	1.436767e-01	1.703318e-01
1.988576e+14	1.298033e-01	-5.034563e-02
1.988312e+14	1.144681e-01	-2.719549e-01
1.988048e+14	9.836692e-02	-4.945561e-01
1.987784e+14	8.219303e-02	-7.182328e-01
1.987520e+14	6.659953e-02	-9.431344e-01
1.987256e+14	5.216291e-02	-1.169523e+00
1.986992e+14	3.935127e-02	-1.397814e+00
1.986729e+14	2.849996e-02	-1.628553e+00
1.986465e+14	1.979608e-02	-1.862155e+00
1.986201e+14	1.327196e-02	-2.097833e+00
1.985938e+14	8.807380e-03	-2.330451e+00
1.985674e+14	6.141994e-03	-2.545723e+00
1.985411e+14	4.901150e-03	-2.726715e+00
1.985148e+14	4.621567e-03	-2.880896e+00
1.984885e+14	4.761571e-03	-3.032343e+00
1.984622e+14	4.732822e-03	3.101510e+00
1.984358e+14	3.962937e-03	2.994995e+00
1.984095e+14	2.106183e-03	-3.080248e+00
1.983832e+14	2.925990e-03	-1.440894e+00
1.983570e+14	8.933750e-03	-1.282461e+00
1.983307e+14	1.768792e-02	-1.408780e+00
1.983044e+14	2.913765e-02	-1.587689e+00
1.982781e+14	4.322104e-02	-1.785033e+00
1.982519e+14	5.971959e-02	-1.990903e+00
1.982256e+14	7.824530e-02	-2.201313e+00
1.981994e+14	9.825031e-02	-2.414283e+00
1.981732e+14	1.190512e-01	-2.628657e+00
1.981469e+14	1.398647e-01	-2.843673e+00
1.981207e+14	1.598520e-01	-3.058801e+00
1.980945e+14	1.781644e-01	3.009514e+00
1.980683e+14	1.939858e-01	2.795124e+00
1.980421e+14	2.065667e-01	2.581300e+00
1.980159e+14	2.152473e-01	2.367999e+00
1.979897e+14	2.194714e-01	2.155057e+00
1.979635e+14	2.187936e-01	1.942212e+00
1.979373e+14	2.128859e-01	1.729140e+00
1.979112e+14	2.015480e-01	1.515493e+00
1.978850e+14	1.847247e-01	1.300955e+00
1.978588e+14	1.625323e-01	1.085298e+00
1.978327e+14	1.352889e-01	8.684651e-01
1.978066e+14	1.035431e-01	6.507083e-01
1.977804e+14	6.808826e-02	4.330640e-01
1.977543e+14	2.995241e-02	2.214011e-01
1.977282e+14	9.670388e-03	3.071685e+00
1.977021e+14	4.940355e-02	2.892335e+00
1.976760e+14	8.794368e-02	2.675717e+00
1.976499e+14	1.240277e-01	2.457290e+00
1.976238e+14	1.565715e-01	2.239389e+00
1.975977e+14	1.847140e-01	2.022652e+00
1.975716e+14	2.078344e-01	1.807232e+00
1.975455e+14	2.255423e-01	1.593015e+00
1.975195e+14	2.376521e-01	1.379718e+00
1.974934e+14	2.441520e-01	1.166947e+00
1.974674e+14	2.451794e-01	9.542579e-01
1.974413e+14	2.410049e-01	7.412051e-01
1.974153e+14	2.320257e-01	5.273873e-01
1.973892e+14	2.187651e-01	3.124787e-01
1.973632e+14	2.018726e-01	9.624837e-02
1.973372e+14	1.821175e-01	-1.214377e-01
1.973112e+14	1.603694e-01	-3.406329e-01
1.972852e+14	1.375648e-01	-5.613469e-01
1.972592e+14	1.146588e-01	-7.836007e-01
1.972332e+14	9.256762e-02	-1.007500e+00
1.972072e+14	7.211018e-02	-1.233326e+00
1.971812e+14	5.395579e-02	-1.461635e+00
1.971553e+14	3.858477e-02	-1.693350e+00
1.971293e+14	2.626395e-02	-1.929695e+00
1.971034e+14	1.703691e-02	-2.171357e+00
1.970774e+14	1.072630e-02	-2.414782e+00
1.970515e+14	6.949122e-03	-2.642443e+00
1.970255e+14	5.157272e-03	-2.820919e+00
1.969996e+14	4.691865e-03	-2.947648e+00
1.969737e+14	4.783552e-03	-3.063225e+00
1.969478e+14	4.581488e-03	3.115144e+00
1.969219e+14	3.307137e-03	3.136924e+00
1.968960e+14	1.983659e-03	-1.945732e+00
1.968701e+14	7.322415e-03	-1.212677e+00
1.968442e+14	1.694208e-02	-1.268395e+00
1.968183e+14	3.050572e-02	-1.426198e+00
1.967924e+14	4.815809e-02	-1.614130e+00
1.967666e+14	6.983969e-02	-1.815005e+00
1.967407e+14	9.522305e-02	-2.022573e+00
1.967148e+14	1.237008e-01	-2.233881e+00
1.966890e+14	1.544040e-01	-2.447204e+00
1.966632e+14	1.862503e-01	-2.661338e+00
1.966373e+14	2.180178e-01	-2.875357e+00
1.966115e+14	2.484349e-01	-3.088532e+00
1.965857e+14	2.762667e-01	2.982855e+00
1.965599e+14	3.003832e-01	2.772743e+00
1.965341e+14	3.197969e-01	2.564383e+00
1.965083e+14	3.336686e-01	2.357592e+00
1.964825e+14	3.412874e-01	2.151946e+00
1.964567e+14	3.420382e-01	1.946816e+00
1.964309e+14	3.353714e-01	1.741416e+00
1.964051e+14	3.207900e-01	1.534865e+00
1.963794e+14	2.978664e-01	1.326270e+00
1.963536e+14	2.663024e-01	1.114837e+00
1.963279e+14	2.260366e-01	8.999972e-01
1.963021e+14	1.773913e-01	6.815869e-01
1.962764e+14	1.212298e-01	4.601653e-01
1.962507e+14	5.906663e-02	2.386580e-01
1.962249e+14	6.960515e-03	3.074275e+00
1.961992e+14	7.416461e-02	2.909701e+00
1.961735e+14	1.398049e-01	2.685881e+00
1.961478e+14	2.012888e-01	2.462663e+00
1.961221e+14	2.565479e-01	2.242599e+00
1.960964e+14	3.041675e-01	2.026571e+00
1.960707e+14	3.433669e-01	1.814724e+00
1.960450e+14	3.738693e-01	1.606678e+00
1.960194e+14	3.957343e-01	1.401673e+00
1.959937e+14	4.092064e-01	1.198708e+00
1.959681e+14	4.146080e-01	9.966611e-01
1.959424e+14	4.122851e-01	7.943852e-01
1.959168e+14	4.026000e-01	5.907967e-01
1.958911e+14	3.859643e-01	3.849480e-01
1.958655e+14	3.628993e-01	1.760913e-01
1.958399e+14	3.341102e-01	-3.627250e-02
1.958143e+14	3.005524e-01	-2.523696e-01
1.957886e+14	2.634659e-01	-4.721678e-01
1.957630e+14	2.243549e-01	-6.954432e-01
1.957374e+14	1.849021e-01	-9.219056e-01
1.957119e+14	1.468276e-01	-1.151381e+00
1.956863e+14	1.117232e-01	-1.384050e+00
1.956607e+14	8.089771e-02	-1.620751e+00
1.956351e+14	5.526531e-02	-1.863371e+00
1.956096e+14	3.528523e-02	-2.115252e+00
1.955840e+14	2.094543e-02	-2.380619e+00
1.955585e+14	1.177021e-02	-2.657095e+00
1.955329e+14	6.845547e-03	-2.903735e+00
1.955074e+14	4.955972e-03	-3.026491e+00
1.954818e+14	4.760669e-03	-3.049758e+00
1.954563e+14	4.624921e-03	-3.049189e+00
1.954308e+14	3.128992e-03	-2.717300e+00
1.954053e+14	5.405178e-03	-1.314333e+00
1.953798e+14	1.693997e-02	-1.129901e+00
1.953543e+14	3.638917e-02	-1.243951e+00
1.953288e+14	6.476749e-02	-1.423261e+00
1.953033e+14	1.028567e-01	-1.627999e+00
1.952779e+14	1.507447e-01	-1.846051e+00
1.952524e+14	2.075761e-01	-2.072054e+00
1.952269e+14	2.714186e-01	-2.302531e+00
1.952015e+14	3.393524e-01	-2.534396e+00
1.951760e+14	4.078548e-01	-2.764589e+00
1.951506e+14	4.734042e-01	-2.990209e+00
1.951251e+14	5.330820e-01	3.074333e+00
1.950997e+14	5.849321e-01	2.864274e+00
1.950743e+14	6.279856e-01	2.663473e+00
1.950489e+14	6.620262e-01	2.471709e+00
1.950234e+14	6.872451e-01	2.287999e+00
1.949980e+14	7.039021e-01	2.110737e+00
1.949726e+14	7.120319e-01	1.937783e+00
1.949473e+14	7.111725e-01	1.766444e+00
1.949219e+14	7.000517e-01	1.593341e+00
1.948965e+14	6.761375e-01	1.414124e+00
1.948711e+14	6.349329e-01	1.223021e+00
1.948458e+14	5.689441e-01	1.012283e+00
1.948204e+14	4.666667e-01	7.719506e-01
1.947951e+14	3.136462e-01	4.914684e-01
1.947697e+14	1.013732e-01	1.681650e-01
1.947444e+14	1.527009e-01	2.942523e+00
1.947190e+14	3.987672e-01	2.587170e+00
1.946937e+14	5.917606e-01	2.267388e+00
1.946684e+14	7.229882e-01	1.998318e+00
1.946431e+14	8.068225e-01	1.775659e+00
1.946178e+14	8.599148e-01	1.589015e+00
1.945925e+14	8.940995e-01	1.428688e+00
1.945672e+14	9.166542e-01	1.287293e+00
1.945419e+14	9.318852e-01	1.159533e+00
1.945166e+14	9.423460e-01	1.041623e+00
1.944914e+14	9.495743e-01	9.307989e-01
1.944661e+14	9.545114e-01	8.249762e-01
1.944408e+14	9.577359e-01	7.225064e-01
1.944156e+14	9.595960e-01	6.220155e-01
1.943903e+14	9.602815e-01	5.222853e-01
1.943651e+14	9.598622e-01	4.221622e-01
1.943399e+14	9.583012e-01	3.204779e-01
1.943146e+14	9.554503e-01	2.159720e-01
1.942894e+14	9.510246e-01	1.072063e-01
1.942642e+14	9.445520e-01	-7.537951e-03
1.942390e+14	9.352849e-01	-1.303924e-01
1.942138e+14	9.220552e-01	-2.640727e-01
1.941886e+14	9.030444e-01	-4.120950e-01
1.941634e+14	8.754455e-01	-5.790177e-01
1.941382e+14	8.350487e-01	-7.706259e-01
1.941131e+14	7.760052e-01	-9.938262e-01
1.940879e+14	6.915962e-01	-1.255833e+00
1.940627e+14	5.775784e-01	-1.562498e+00
1.940376e+14	4.386817e-01	-1.917939e+00
1.940124e+14	2.934441e-01	-2.333771e+00
1.939873e+14	1.698864e-01	-2.865356e+00
1.939622e+14	9.632148e-02	2.632443e+00
1.939370e+14	7.931863e-02	1.813137e+00
1.939119e+14	7.942230e-02	1.540860e+00
1.938868e+14	9.828716e-02	1.790965e+00
1.938617e+14	1.744773e-01	1.956094e+00
1.938366e+14	2.992972e-01	1.849992e+00
1.938115e+14	4.443550e-01	1.628542e+00
1.937864e+14	5.820499e-01	1.375545e+00
1.937613e+14	6.945743e-01	1.129511e+00
1.937362e+14	7.777298e-01	9.064270e-01
1.937112e+14	8.359088e-01	7.096725e-01
1.936861e+14	8.757680e-01	5.368139e-01
1.936611e+14	9.030499e-01	3.836500e-01
1.936360e+14	9.218790e-01	2.460242e-01
1.936110e+14	9.350069e-01	1.204038e-01
1.935859e+14	9.442183e-01	3.943450e-03
1.935609e+14	9.506621e-01	-1.056198e-01
1.935359e+14	9.550747e-01	-2.101026e-01
1.935109e+14	9.579226e-01	-3.109980e-01
1.934858e+14	9.594882e-01	-4.095773e-01
1.934608e+14	9.599196e-01	-5.069730e-01
1.934358e+14	9.592559e-01	-6.042511e-01
1.934109e+14	9.574327e-01	-7.024776e-01
1.933859e+14	9.542695e-01	-8.027898e-01
1.933609e+14	9.494353e-01	-9.064788e-01
1.933359e+14	9.423815e-01	-1.015097e+00
1.933110e+14	9.322212e-01	-1.130610e+00
1.932860e+14	9.175165e-01	-1.255608e+00
1.932610e+14	8.959020e-01	-1.393627e+00
1.932361e+14	8.634270e-01	-1.549587e+00
1.932112e+14	8.134723e-01	-1.730319e+00
1.931862e+14	7.352998e-01	-1.944847e+00
1.931613e+14	6.135196e-01	-2.203209e+00
1.931364e+14	4.333464e-01	-2.511096e+00
1.931115e+14	1.982468e-01	-2.859303e+00
1.930865e+14	5.389015e-02	-6.408970e-02
1.930616e+14	2.730502e-01	-3.992578e-01
1.930368e+14	4.358397e-01	-6.859302e-01
1.930119e+14	5.468044e-01	-9.313146e-01
1.929870e+14	6.195021e-01	-1.145417e+00
1.929621e+14	6.657941e-01	-1.338223e+00
1.929372e+14	6.937366e-01	-1.517699e+00
1.929124e+14	7.083016e-01	-1.689823e+00
1.928875e+14	7.123835e-01	-1.859097e+00
1.928627e+14	7.075335e-01	-2.029003e+00
1.928378e+14	6.944330e-01	-2.202319e+00
1.928130e+14	6.732102e-01	-2.381293e+00
1.927882e+14	6.436904e-01	-2.567705e+00
1.927633e+14	6.056453e-01	-2.762830e+00
1.927385e+14	5.590775e-01	-2.967348e+00
1.927137e+14	5.045313e-01	3.101954e+00
1.926889e+14	4.433600e-01	2.879492e+00
1.926641e+14	3.778303e-01	2.649907e+00
1.926393e+14	3.109565e-01	2.415044e+00
1.926145e+14	2.460650e-01	2.176691e+00
1.925897e+14	1.862365e-01	1.936051e+00
1.925650e+14	1.338383e-01	1.693172e+00
1.925402e+14	9.028934e-02	1.446191e+00
1.925154e+14	5.606587e-02	1.189622e+00
1.924907e+14	3.086197e-02	9.085949e-01
1.924659e+14	1.382850e-02	5.509631e-01
1.924412e+14	4.129658e-03	-2.234351e-01
1.924165e+14	3.382010e-03	-2.049245e+00
1.923917e+14	4.669676e-03	-2.701892e+00
1.923670e+14	4.745378e-03	-3.132052e+00
1.923423e+14	5.031971e-03	2.744351e+00
1.923176e+14	6.978346e-03	2.444672e+00
1.922929e+14	1.177972e-02	2.261327e+00
1.922682e+14	2.053883e-02	2.104060e+00
1.922435e+14	3.408822e-02	1.934730e+00
1.922188e+14	5.287311e-02	1.750981e+00
1.921941e+14	7.693443e-02	1.556984e+00
1.921694e+14	1.059043e-01	1.356366e+00
1.921448e+14	1.390183e-01	1.151664e+00
1.921201e+14	1.751606e-01	9.447207e-01
1.920955e+14	2.129505e-01	7.369791e-01
1.920708e+14	2.508653e-01	5.296314e-01
1.920462e+14	2.873792e-01	3.236457e-01
1.920215e+14	3.210893e-01	1.197427e-01
1.919969e+14	3.508028e-01	-8.163972e-02
1.919723e+14	3.755737e-01	-2.803673e-01
1.919477e+14	3.946892e-01	-4.766045e-01
1.919231e+14	4.076244e-01	-6.707863e-01
1.918985e+14	4.139811e-01	-8.635719e-01
1.918739e+14	4.134303e-01	-1.055790e+00
1.918493e+14	4.056706e-01	-1.248375e+00
1.918247e+14	3.904131e-01	-1.442305e+00
1.918001e+14	3.673989e-01	-1.638524e+00
1.917756e+14	3.364554e-01	-1.837861e+00
1.917510e+14	2.975917e-01	-2.040939e+00
1.917264e+14	2.511244e-01	-2.248089e+00
1.917019e+14	1.978090e-01	-2.459293e+00
1.916773e+14	1.389347e-01	-2.674243e+00
1.916528e+14	7.632845e-02	-2.893011e+00
1.916283e+14	1.223832e-02	-3.136900e+00
1.916037e+14	5.093004e-02	-1.738478e-01
1.915792e+14	1.108474e-01	-3.936673e-01
1.915547e+14	1.655856e-01	-6.079523e-01
1.915302e+14	2.137311e-01	-8.183667e-01
1.915057e+14	2.544191e-01	-1.025085e+00
1.914812e+14	2.872621e-01	-1.228399e+00
1.914567e+14	3.122287e-01	-1.428835e+00
1.914322e+14	3.295214e-01	-1.627093e+00
1.914077e+14	3.394786e-01	-1.823973e+00
1.913833e+14	3.425116e-01	-2.020297e+00
1.913588e+14	3.390759e-01	-2.216842e+00
1.913344e+14	3.296701e-01	-2.414293e+00
1.913099e+14	3.148524e-01	-2.613201e+00
1.912855e+14	2.952657e-01	-2.813964e+00
1.912610e+14	2.716603e-01	-3.016809e+00
1.912366e+14	2.449048e-01	3.061376e+00
1.912122e+14	2.159761e-01	2.854271e+00
1.911877e+14	1.859275e-01	2.645187e+00
1.911633e+14	1.558344e-01	2.434237e+00
1.911389e+14	1.267285e-01	2.221422e+00
1.911145e+14	9.953080e-02	2.006484e+00
1.910901e+14	7.499465e-02	1.788663e+00
1.910657e+14	5.366826e-02	1.566236e+00
1.910413e+14	3.587761e-02	1.335352e+00
1.910170e+14	2.173049e-02	1.086408e+00
1.909926e+14	1.114514e-02	7.883094e-01
1.909682e+14	3.989174e-03	2.639216e-01
1.909439e+14	2.050201e-03	-1.630755e+00
1.909195e+14	3.904168e-03	-2.444856e+00
1.908952e+14	4.702776e-03	-2.804843e+00
1.908708e+14	4.745657e-03	-3.111804e+00
1.908465e+14	4.725986e-03	2.867792e+00
1.908222e+14	5.336704e-03	2.585089e+00
1.907979e+14	7.188892e-03	2.356475e+00
1.907735e+14	1.081493e-02	2.170037e+00
1.907492e+14	1.666382e-02	1.995153e+00
1.907249e+14	2.505368e-02	1.816978e+00
1.907006e+14	3.614252e-02	1.632636e+00
1.906763e+14	4.991839e-02	1.442992e+00
1.906521e+14	6.619792e-02	1.249454e+00
1.906278e+14	8.463224e-02	1.053222e+00
1.906035e+14	1.047222e-01	8.552185e-01
1.905792e+14	1.258436e-01	6.561588e-01
1.905550e+14	1.472816e-01	4.566075e-01
1.905307e+14	1.682710e-01	2.570125e-01
1.905065e+14	1.880385e-01	5.771564e-02
1.904822e+14	2.058413e-01	-1.410480e-01
1.904580e+14	2.209976e-01	-3.391549e-01
1.904338e+14	2.329080e-01	-5.365945e-01
1.904096e+14	2.410654e-01	-7.334646e-01
1.903853e+14	2.450592e-01	-9.299591e-01
1.903611e+14	2.445741e-01	-1.126348e+00
1.903369e+14	2.393901e-01	-1.322953e+00
1.903127e+14	2.293857e-01	-1.520112e+00
1.902885e+14	2.145472e-01	-1.718153e+00
1.902644e+14	1.949843e-01	-1.917355e+00
1.902402e+14	1.709497e-01	-2.117928e+00
1.902160e+14	1.428587e-01	-2.319998e+00
1.901918e+14	1.113010e-01	-2.523648e+00
1.901677e+14	7.703920e-02	-2.729106e+00
1.901435e+14	4.098691e-02	-2.938010e+00
1.901194e+14	4.177327e-03	3.062407e+00
1.900952e+14	3.236800e-02	-1.867682e-01
1.900711e+14	6.755586e-02	-3.972169e-01
1.900470e+14	1.004518e-01	-6.027944e-01
1.900228e+14	1.302414e-01	-8.063776e-01
1.899987e+14	1.562815e-01	-1.008407e+00
1.899746e+14	1.781083e-01	-1.209066e+00
1.899505e+14	1.954300e-01	-1.408547e+00
1.899264e+14	2.081083e-01	-1.607101e+00
1.899023e+14	2.161372e-01	-1.805027e+00
1.898782e+14	2.196234e-01	-2.002651e+00
1.898542e+14	2.187705e-01	-2.200301e+00
1.898301e+14	2.138699e-01	-2.398281e+00
1.898060e+14	2.052941e-01	-2.596854e+00
1.897819e+14	1.934926e-01	-2.796227e+00
1.897579e+14	1.789867e-01	-2.996548e+00
1.897338e+14	1.623592e-01	3.085270e+00
1.897098e+14	1.442396e-01	2.882797e+00
1.896858e+14	1.252821e-01	2.679160e+00
1.896617e+14	1.061391e-01	2.474265e+00
1.896377e+14	8.743131e-02	2.267909e+00
1.896137e+14	6.971867e-02	2.059678e+00
1.895897e+14	5.347513e-02	1.848748e+00
1.895657e+14	3.906925e-02	1.633475e+00
1.895417e+14	2.675267e-02	1.410342e+00
1.895177e+14	1.665752e-02	1.170642e+00
1.894937e+14	8.808164e-03	8.859187e-01
1.894697e+14	3.214244e-03	3.881879e-01
1.894457e+14	1.681629e-03	-1.589438e+00
1.894217e+14	3.549595e-03	-2.370181e+00
1.893978e+14	4.547280e-03	-2.701354e+00
1.893738e+14	4.783429e-03	-2.974508e+00
1.893499e+14	4.674225e-03	3.043590e+00
1.893259e+14	4.666939e-03	2.778214e+00
1.893020e+14	5.190692e-03	2.527503e+00
1.892780e+14	6.627331e-03	2.309494e+00
1.892541e+14	9.306448e-03	2.119079e+00
1.892302e+14	1.349750e-02	1.939203e+00
1.892063e+14	1.938815e-02	1.759219e+00
1.891824e+14	2.706841e-02	1.575778e+00
1.891585e+14	3.652423e-02	1.388706e+00
1.891346e+14	4.763656e-02	1.198693e+00
1.891107e+14	6.018495e-02	1.006496e+00
1.890868e+14	7.385594e-02	8.127523e-01
1.890629e+14	8.825629e-02	6.179642e-01
1.890390e+14	1.029307e-01	4.225262e-01
1.890152e+14	1.173828e-01	2.267458e-01
1.889913e+14	1.310980e-01	3.085787e-02
1.889674e+14	1.435659e-01	-1.649693e-01
1.889436e+14	1.543014e-01	-3.606314e-01
1.889197e+14	1.628614e-01	-5.560869e-01
1.888959e+14	1.688587e-01	-7.513534e-01
1.888721e+14	1.719722e-01	-9.465016e-01
1.888482e+14	1.719531e-01	-1.141645e+00
1.888244e+14	1.686314e-01	-1.336930e+00
1.888006e+14	1.619205e-01	-1.532515e+00
1.887768e+14	1.518226e-01	-1.728560e+00
1.887530e+14	1.384343e-01	-1.925213e+00
1.887292e+14	1.219520e-01	-2.122597e+00
1.887054e+14	1.026754e-01	-2.320822e+00
1.886816e+14	8.100618e-02	-2.520032e+00
1.886578e+14	5.744172e-02	-2.720612e+00
1.886341e+14	3.256069e-02	-2.924365e+00
1.886103e+14	7.005434e-03	3.121645e+00
1.885865e+14	1.857952e-02	-1.534053e-01
1.885628e+14	4.349822e-02	-3.631285e-01
1.885390e+14	6.713293e-02	-5.648583e-01
1.885153e+14	8.891273e-02	-7.646071e-01
1.884916e+14	1.083509e-01	-9.632380e-01
1.884678e+14	1.250579e-01	-1.161013e+00
1.884441e+14	1.387467e-01	-1.358085e+00
1.884204e+14	1.492329e-01	-1.554598e+00
1.883967e+14	1.564301e-01	-1.750714e+00
1.883730e+14	1.603435e-01	-1.946610e+00
1.883493e+14	1.610624e-01	-2.142467e+00
1.883256e+14	1.587540e-01	-2.338465e+00
1.883019e+14	1.536561e-01	-2.534766e+00
1.882782e+14	1.460709e-01	-2.731512e+00
1.882545e+14	1.363570e-01	-2.928821e+00
1.882309e+14	1.249199e-01	-3.126789e+00
1.882072e+14	1.121996e-01	2.957682e+00
1.881835e+14	9.865586e-02	2.758126e+00
1.881599e+14	8.475120e-02	2.557592e+00
1.881362e+14	7.093259e-02	2.355861e+00
1.881126e+14	5.761330e-02	2.152546e+00
1.880890e+14	4.515638e-02	1.946945e+00
1.880653e+14	3.386098e-02	1.737727e+00
1.880417e+14	2.395264e-02	1.522160e+00
1.880181e+14	1.557848e-02	1.293778e+00
1.879945e+14	8.810474e-03	1.033003e+00
1.879709e+14	3.685027e-03	6.422157e-01
1.879473e+14	1.162641e-03	-1.044363e+00
1.879237e+14	2.929406e-03	-2.214028e+00
1.879001e+14	4.216969e-03	-2.561864e+00
1.878765e+14	4.740280e-03	-2.825017e+00
1.878529e+14	4.762644e-03	-3.070644e+00
1.878294e+14	4.595420e-03	2.967753e+00
1.878058e+14	4.557794e-03	2.722194e+00
1.877822e+14	4.953701e-03	2.486800e+00
1.877587e+14	6.054637e-03	2.274173e+00
1.877351e+14	8.093398e-03	2.082840e+00
1.877116e+14	1.125781e-02	1.901668e+00
1.876881e+14	1.567809e-02	1.722015e+00
1.876645e+14	2.141650e-02	1.540330e+00
1.876410e+14	2.846261e-02	1.355903e+00
1.876175e+14	3.673248e-02	1.169034e+00
1.875940e+14	4.607104e-02	9.802457e-01
1.875705e+14	5.625748e-02	7.900301e-01
1.875470e+14	6.701364e-02	5.987919e-01
1.875235e+14	7.801522e-02	4.068509e-01
1.875000e+14	8.890515e-02	2.144567e-01
("port 1","TE",1,"port 2",1,"modulation")
(1,1)
0.00086
(500,3)
2.000000e+14	4.770583e-03	-3.033863e+00
1.999733e+14	4.762540e-03	3.079115e+00
1.999466e+14	4.093386e-03	2.939839e+00
1.999199e+14	2.432876e-03	2.980189e+00
1.998932e+14	1.790048e-03	-1.723522e+00
1.998665e+14	6.464279e-03	-1.332524e+00
1.998398e+14	1.344718e-02	-1.441289e+00
1.998131e+14	2.249822e-02	-1.618260e+00
1.997865e+14	3.352214e-02	-1.816608e+00
1.997598e+14	4.631277e-02	-2.024287e+00
1.997332e+14	6.053914e-02	-2.236783e+00
1.997065e+14	7.575433e-02	-2.451982e+00
1.996799e+14	9.141475e-02	-2.668727e+00
1.996532e+14	1.069070e-01	-2.886312e+00
1.996266e+14	1.215796e-01	-3.104275e+00
1.996000e+14	1.347761e-01	2.960873e+00
1.995734e+14	1.458666e-01	2.742940e+00
1.995468e+14	1.542752e-01	2.525192e+00
1.995202e+14	1.595019e-01	2.307616e+00
1.994936e+14	1.611393e-01	2.090128e+00
1.994670e+14	1.588853e-01	1.872590e+00
1.994404e+14	1.525551e-01	1.654840e+00
1.994139e+14	1.420913e-01	1.436720e+00
1.993873e+14	1.275764e-01	1.218123e+00
1.993608e+14	1.092439e-01	9.990436e-01
1.993342e+14	8.748574e-02	7.796855e-01
1.993077e+14	6.285341e-02	5.607617e-01
1.992812e+14	3.604667e-02	3.451575e-01
1.992546e+14	7.897665e-03	1.756240e-01
1.992281e+14	2.074328e-02	3.001547e+00
1.992016e+14	4.887779e-02	2.794094e+00
1.991751e+14	7.563397e-02	2.576132e+00
1.991486e+14	1.001849e-01	2.356671e+00
1.991221e+14	1.218257e-01	2.137185e+00
1.990956e+14	1.399982e-01	1.918107e+00
1.990691e+14	1.543027e-01	1.699533e+00
1.990427e+14	1.644978e-01	1.481391e+00
1.990162e+14	1.704936e-01	1.263514e+00
1.989898e+14	1.723416e-01	1.045679e+00
1.989633e+14	1.702245e-01	8.276515e-01
1.989369e+14	1.644468e-01	6.092048e-01
1.989104e+14	1.554251e-01	3.901475e-01
1.988840e+14	1.436767e-01	1.703318e-01
1.988576e+14	1.298033e-01	-5.034563e-02
1.988312e+14	1.144681e-01	-2.719549e-01
1.988048e+14	9.836692e-02	-4.945561e-01
1.987784e+14	8.219303e-02	-7.182328e-01
1.987520e+14	6.659953e-02	-9.431344e-01
1.987256e+14	5.216291e-02	-1.169523e+00
1.986992e+14	3.935127e-02	-1.397814e+00
1.986729e+14	2.849996e-02	-1.628553e+00
1.986465e+14	1.979608e-02	-1.862155e+00
1.986201e+14	1.327196e-02	-2.097833e+00
1.985938e+14	8.807380e-03	-2.330451e+00
1.985674e+14	6.141994e-03	-2.545723e+00
1.985411e+14	4.901150e-03	-2.726715e+00
1.985148e+14	4.621567e-03	-2.880896e+00
1.984885e+14	4.761571e-03	-3.032343e+00
1.984622e+14	4.732822e-03	3.101510e+00
1.984358e+14	3.962937e-03	2.994995e+00
1.984095e+14	2.106183e-03	-3.080248e+00
1.983832e+14	2.925990e-03	-1.440894e+00
1.983570e+14	8.933750e-03	-1.282461e+00
1.983307e+14	1.768792e-02	-1.408780e+00
1.983044e+14	2.913765e-02	-1.587689e+00
1.982781e+14	4.322104e-02	-1.785033e+00
1.982519e+14	5.971959e-02	-1.990903e+00
1.982256e+14	7.824530e-02	-2.201313e+00
1.981994e+14	9.825031e-02	-2.414283e+00
1.981732e+14	1.190512e-01	-2.628657e+00
1.981469e+14	1.398647e-01	-2.843673e+00
1.981207e+14	1.598520e-01	-3.058801e+00
1.980945e+14	1.781644e-01	3.009514e+00
1.980683e+14	1.939858e-01	2.795124e+00
1.980421e+14	2.065667e-01	2.581300e+00
1.980159e+14	2.152473e-01	2.367999e+00
1.979897e+14	2.194714e-01	2.155057e+00
1.979635e+14	2.187936e-01	1.942212e+00
1.979373e+14	2.128859e-01	1.729140e+00
1.979112e+14	2.015480e-01	1.515493e+00
1.978850e+14	1.847247e-01	1.300955e+00
1.978588e+14	1.625323e-01	1.085298e+00
1.978327e+14	1.352889e-01	8.684651e-01
1.978066e+14	1.035431e-01	6.507083e-01
1.977804e+14	6.808826e-02	4.330640e-01
1.977543e+14	2.995241e-02	2.214011e-01
1.977282e+14	9.670388e-03	3.071685e+00
1.977021e+14	4.940355e-02	2.892335e+00
1.976760e+14	8.794368e-02	2.675717e+00
1.976499e+14	1.240277e-01	2.457290e+00
1.976238e+14	1.565715e-01	2.239389e+00
1.975977e+14	1.847140e-01	2.022652e+00
1.975716e+14	2.078344e-01	1.807232e+00
1.975455e+14	2.255423e-01	1.593015e+00
1.975195e+14	2.376521e-01	1.379718e+00
1.974934e+14	2.441520e-01	1.166947e+00
1.974674e+14	2.451794e-01	9.542579e-01
1.974413e+14	2.410049e-01	7.412051e-01
1.974153e+14	2.320257e-01	5.273873e-01
1.973892e+14	2.187651e-01	3.124787e-01
1.973632e+14	2.018726e-01	9.624837e-02
1.973372e+14	1.821175e-01	-1.214377e-01
1.973112e+14	1.603694e-01	-3.406329e-01
1.972852e+14	1.375648e-01	-5.613469e-01
1.972592e+14	1.146588e-01	-7.836007e-01
1.972332e+14	9.256762e-02	-1.007500e+00
1.972072e+14	7.211018e-02	-1.233326e+00
1.971812e+14	5.395579e-02	-1.461635e+00
1.971553e+14	3.858477e-02	-1.693350e+00
1.971293e+14	2.626395e-02	-1.929695e+00
1.971034e+14	1.703691e-02	-2.171357e+00
1.970774e+14	1.072630e-02	-2.414782e+00
1.970515e+14	6.949122e-03	-2.642443e+00
1.970255e+14	5.157272e-03	-2.820919e+00
1.969996e+14	4.691865e-03	-2.947648e+00
1.969737e+14	4.783552e-03	-3.063225e+00
1.969478e+14	4.581488e-03	3.115144e+00
1.969219e+14	3.307137e-03	3.136924e+00
1.968960e+14	1.983659e-03	-1.945732e+00
1.968701e+14	7.322415e-03	-1.212677e+00
1.968442e+14	1.694208e-02	-1.268395e+00
1.968183e+14	3.050572e-02	-1.426198e+00
1.967924e+14	4.815809e-02	-1.614130e+00
1.967666e+14	6.983969e-02	-1.815005e+00
1.967407e+14	9.522305e-02	-2.022573e+00
1.967148e+14	1.237008e-01	-2.233881e+00
1.966890e+14	1.544040e-01	-2.447204e+00
1.966632e+14	1.862503e-01	-2.661338e+00
1.966373e+14	2.180178e-01	-2.875357e+00
1.966115e+14	2.484349e-01	-3.088532e+00
1.965857e+14	2.762667e-01	2.982855e+00
1.965599e+14	3.003832e-01	2.772743e+00
1.965341e+14	3.197969e-01	2.564383e+00
1.965083e+14	3.336686e-01	2.357592e+00
1.964825e+14	3.412874e-01	2.151946e+00
1.964567e+14	3.420382e-01	1.946816e+00
1.964309e+14	3.353714e-01	1.741416e+00
1.964051e+14	3.207900e-01	1.534865e+00
1.963794e+14	2.978664e-01	1.326270e+00
1.963536e+14	2.663024e-01	1.114837e+00
1.963279e+14	2.260366e-01	8.999972e-01
1.963021e+14	1.773913e-01	6.815869e-01
1.962764e+14	1.212298e-01	4.601653e-01
1.962507e+14	5.906663e-02	2.386580e-01
1.962249e+14	6.960515e-03	3.074275e+00
1.961992e+14	7.416461e-02	2.909701e+00
1.961735e+14	1.398049e-01	2.685881e+00
1.961478e+14	2.012888e-01	2.462663e+00
1.961221e+14	2.565479e-01	2.242599e+00
1.960964e+14	3.041675e-01	2.026571e+00
1.960707e+14	3.433669e-01	1.814724e+00
1.960450e+14	3.738693e-01	1.606678e+00
1.960194e+14	3.957343e-01	1.401673e+00
1.959937e+14	4.092064e-01	1.198708e+00
1.959681e+14	4.146080e-01	9.966611e-01
1.959424e+14	4.122851e-01	7.943852e-01
1.959168e+14	4.026000e-01	5.907967e-01
1.958911e+14	3.859643e-01	3.849480e-01
1.958655e+14	3.628993e-01	1.760913e-01
1.958399e+14	3.341102e-01	-3.627250e-02
1.958143e+14	3.005524e-01	-2.523696e-01
1.957886e+14	2.634659e-01	-4.721678e-01
1.957630e+14	2.243549e-01	-6.954432e-01
1.957374e+14	1.849021e-01	-9.219056e-01
1.957119e+14	1.468276e-01	-1.151381e+00
1.956863e+14	1.117232e-01	-1.384050e+00
1.956607e+14	8.089771e-02	-1.620751e+00
1.956351e+14	5.526531e-02	-1.863371e+00
1.956096e+14	3.528523e-02	-2.115252e+00
1.955840e+14	2.094543e-02	-2.380619e+00
1.955585e+14	1.177021e-02	-2.657095e+00
1.955329e+14	6.845547e-03	-2.903735e+00
1.955074e+14	4.955972e-03	-3.026491e+00
1.954818e+14	4.760669e-03	-3.049758e+00
1.954563e+14	4.624921e-03	-3.049189e+00
1.954308e+14	3.128992e-03	-2.717300e+00
1.954053e+14	5.405178e-03	-1.314333e+00
1.953798e+14	1.693997e-02	-1.129901e+00
1.953543e+14	3.638917e-02	-1.243951e+00
1.953288e+14	6.476749e-02	-1.423261e+00
1.953033e+14	1.028567e-01	-1.627999e+00
1.952779e+14	1.507447e-01	-1.846051e+00
1.952524e+14	2.075761e-01	-2.072054e+00
1.952269e+14	2.714186e-01	-2.302531e+00
1.952015e+14	3.393524e-01	-2.534396e+00
1.951760e+14	4.078548e-01	-2.764589e+00
1.951506e+14	4.734042e-01	-2.990209e+00
1.951251e+14	5.330820e-01	3.074333e+00
1.950997e+14	5.849321e-01	2.864274e+00
1.950743e+14	6.279856e-01	2.663473e+00
1.950489e+14	6.620262e-01	2.471709e+00
1.950234e+14	6.872451e-01	2.287999e+00
1.949980e+14	7.039021e-01	2.110737e+00
1.949726e+14	7.120319e-01	1.937783e+00
1.949473e+14	7.111725e-01	1.766444e+00
1.949219e+14	7.000517e-01	1.593341e+00
1.948965e+14	6.761375e-01	1.414124e+00
1.948711e+14	6.349329e-01	1.223021e+00
1.948458e+14	5.689441e-01	1.012283e+00
1.948204e+14	4.666667e-01	7.719506e-01
1.947951e+14	3.136462e-01	4.914684e-01
1.947697e+14	1.013732e-01	1.681650e-01
1.947444e+14	1.527009e-01	2.942523e+00
1.947190e+14	3.987672e-01	2.587170e+00
1.946937e+14	5.917606e-01	2.267388e+00
1.946684e+14	7.229882e-01	1.998318e+00
1.946431e+14	8.068225e-01	1.775659e+00
1.946178e+14	8.599148e-01	1.589015e+00
1.945925e+14	8.940995e-01	1.428688e+00
1.945672e+14	9.166542e-01	1.287293e+00
1.945419e+14	9.318852e-01	1.159533e+00
1.945166e+14	9.423460e-01	1.041623e+00
1.944914e+14	9.495743e-01	9.307989e-01
1.944661e+14	9.545114e-01	8.249762e-01
1.944408e+14	9.577359e-01	7.225064e-01
1.944156e+14	9.595960e-01	6.220155e-01
1.943903e+14	9.602815e-01	5.222853e-01
1.943651e+14	9.598622e-01	4.221622e-01
1.943399e+14	9.583012e-01	3.204779e-01
1.943146e+14	9.554503e-01	2.159720e-01
1.942894e+14	9.510246e-01	1.072063e-01
1.942642e+14	9.445520e-01	-7.537951e-03
1.942390e+14	9.352849e-01	-1.303924e-01
1.942138e+14	9.220552e-01	-2.640727e-01
1.941886e+14	9.030444e-01	-4.120950e-01
1.941634e+14	8.754455e-01	-5.790177e-01
1.941382e+14	8.350487e-01	-7.706259e-01
1.941131e+14	7.760052e-01	-9.938262e-01
1.940879e+14	6.915962e-01	-1.255833e+00
1.940627e+14	5.775784e-01	-1.562498e+00
1.940376e+14	4.386817e-01	-1.917939e+00
1.940124e+14	2.934441e-01	-2.333771e+00
1.939873e+14	1.698864e-01	-2.865356e+00
1.939622e+14	9.632148e-02	2.632443e+00
1.939370e+14	7.931863e-02	1.813137e+00
1.939119e+14	7.942230e-02	1.540860e+00
1.938868e+14	9.828716e-02	1.790965e+00
1.938617e+14	1.744773e-01	1.956094e+00
1.938366e+14	2.992972e-01	1.849992e+00
1.938115e+14	4.443550e-01	1.628542e+00
1.937864e+14	5.820499e-01	1.375545e+00
1.937613e+14	6.945743e-01	1.129511e+00
1.937362e+14	7.777298e-01	9.064270e-01
1.937112e+14	8.359088e-01	7.096725e-01
1.936861e+14	8.757680e-01	5.368139e-01
1.936611e+14	9.030499e-01	3.836500e-01
1.936360e+14	9.218790e-01	2.460242e-01
1.936110e+14	9.350069e-01	1.204038e-01
1.935859e+14	9.442183e-01	3.943450e-03
1.935609e+14	9.506621e-01	-1.056198e-01
1.935359e+14	9.550747e-01	-2.101026e-01
1.935109e+14	9.579226e-01	-3.109980e-01
1.934858e+14	9.594882e-01	-4.095773e-01
1.934608e+14	9.599196e-01	-5.069730e-01
1.934358e+14	9.592559e-01	-6.042511e-01
1.934109e+14	9.574327e-01	-7.024776e-01
1.933859e+14	9.542695e-01	-8.027898e-01
1.933609e+14	9.494353e-01	-9.064788e-01
1.933359e+14	9.423815e-01	-1.015097e+00
1.933110e+14	9.322212e-01	-1.130610e+00
1.932860e+14	9.175165e-01	-1.255608e+00
1.932610e+14	8.959020e-01	-1.393627e+00
1.932361e+14	8.634270e-01	-1.549587e+00
1.932112e+14	8.134723e-01	-1.730319e+00
1.931862e+14	7.352998e-01	-1.944847e+00
1.931613e+14	6.135196e-01	-2.203209e+00
1.931364e+14	4.333464e-01	-2.511096e+00
1.931115e+14	1.982468e-01	-2.859303e+00
1.930865e+14	5.389015e-02	-6.408970e-02
1.930616e+14	2.730502e-01	-3.992578e-01
1.930368e+14	4.358397e-01	-6.859302e-01
1.930119e+14	5.468044e-01	-9.313146e-01
1.929870e+14	6.195021e-01	-1.145417e+00
1.929621e+14	6.657941e-01	-1.338223e+00
1.929372e+14	6.937366e-01	-1.517699e+00
1.929124e+14	7.083016e-01	-1.689823e+00
1.928875e+14	7.123835e-01	-1.859097e+00
1.928627e+14	7.075335e-01	-2.029003e+00
1.928378e+14	6.944330e-01	-2.202319e+00
1.928130e+14	6.732102e-01	-2.381293e+00
1.927882e+14	6.436904e-01	-2.567705e+00
1.927633e+14	6.056453e-01	-2.762830e+00
1.927385e+14	5.590775e-01	-2.967348e+00
1.927137e+14	5.045313e-01	3.101954e+00
1.926889e+14	4.433600e-01	2.879492e+00
1.926641e+14	3.778303e-01	2.649907e+00
1.926393e+14	3.109565e-01	2.415044e+00
1.926145e+14	2.460650e-01	2.176691e+00
1.925897e+14	1.862365e-01	1.936051e+00
1.925650e+14	1.338383e-01	1.693172e+00
1.925402e+14	9.028934e-02	1.446191e+00
1.925154e+14	5.606587e-02	1.189622e+00
1.924907e+14	3.086197e-02	9.085949e-01
1.924659e+14	1.382850e-02	5.509631e-01
1.924412e+14	4.129658e-03	-2.234351e-01
1.924165e+14	3.382010e-03	-2.049245e+00
1.923917e+14	4.669676e-03	-2.701892e+00
1.923670e+14	4.745378e-03	-3.132052e+00
1.923423e+14	5.031971e-03	2.744351e+00
1.923176e+14	6.978346e-03	2.444672e+00
1.922929e+14	1.177972e-02	2.261327e+00
1.922682e+14	2.053883e-02	2.104060e+00
1.922435e+14	3.408822e-02	1.934730e+00
1.922188e+14	5.287311e-02	1.750981e+00
1.921941e+14	7.693443e-02	1.556984e+00
1.921694e+14	1.059043e-01	1.356366e+00
1.921448e+14	1.390183e-01	1.151664e+00
1.921201e+14	1.751606e-01	9.447207e-01
1.920955e+14	2.129505e-01	7.369791e-01
1.920708e+14	2.508653e-01	5.296314e-01
1.920462e+14	2.873792e-01	3.236457e-01
1.920215e+14	3.210893e-01	1.197427e-01
1.919969e+14	3.508028e-01	-8.163972e-02
1.919723e+14	3.755737e-01	-2.803673e-01
1.919477e+14	3.946892e-01	-4.766045e-01
1.919231e+14	4.076244e-01	-6.707863e-01
1.918985e+14	4.139811e-01	-8.635719e-01
1.918739e+14	4.134303e-01	-1.055790e+00
1.918493e+14	4.056706e-01	-1.248375e+00
1.918247e+14	3.904131e-01	-1.442305e+00
1.918001e+14	3.673989e-01	-1.638524e+00
1.917756e+14	3.364554e-01	-1.837861e+00
1.917510e+14	2.975917e-01	-2.040939e+00
1.917264e+14	2.511244e-01	-2.248089e+00
1.917019e+14	1.978090e-01	-2.459293e+00
1.916773e+14	1.389347e-01	-2.674243e+00
1.916528e+14	7.632845e-02	-2.893011e+00
1.916283e+14	1.223832e-02	-3.136900e+00
1.916037e+14	5.093004e-02	-1.738478e-01
1.915792e+14	1.108474e-01	-3.936673e-01
1.915547e+14	1.655856e-01	-6.079523e-01
1.915302e+14	2.137311e-01	-8.183667e-01
1.915057e+14	2.544191e-01	-1.025085e+00
1.914812e+14	2.872621e-01	-1.228399e+00
1.914567e+14	3.122287e-01	-1.428835e+00
1.914322e+14	3.295214e-01	-1.627093e+00
1.914077e+14	3.394786e-01	-1.823973e+00
1.913833e+14	3.425116e-01	-2.020297e+00
1.913588e+14	3.390759e-01	-2.216842e+00
1.913344e+14	3.296701e-01	-2.414293e+00
1.913099e+14	3.148524e-01	-2.613201e+00
1.912855e+14	2.952657e-01	-2.813964e+00
1.912610e+14	2.716603e-01	-3.016809e+00
1.912366e+14	2.449048e-01	3.061376e+00
1.912122e+14	2.159761e-01	2.854271e+00
1.911877e+14	1.859275e-01	2.645187e+00
1.911633e+14	1.558344e-01	2.434237e+00
1.911389e+14	1.267285e-01	2.221422e+00
1.911145e+14	9.953080e-02	2.006484e+00
1.910901e+14	7.499465e-02	1.788663e+00
1.910657e+14	5.366826e-02	1.566236e+00
1.910413e+14	3.587761e-02	1.335352e+00
1.910170e+14	2.173049e-02	1.086408e+00
1.909926e+14	1.114514e-02	7.883094e-01
1.909682e+14	3.989174e-03	2.639216e-01
1.909439e+14	2.050201e-03	-1.630755e+00
1.909195e+14	3.904168e-03	-2.444856e+00
1.908952e+14	4.702776e-03	-2.804843e+00
1.908708e+14	4.745657e-03	-3.111804e+00
1.908465e+14	4.725986e-03	2.867792e+00
1.908222e+14	5.336704e-03	2.585089e+00
1.907979e+14	7.188892e-03	2.356475e+00
1.907735e+14	1.081493e-02	2.170037e+00
1.907492e+14	1.666382e-02	1.995153e+00
1.907249e+14	2.505368e-02	1.816978e+00
1.907006e+14	3.614252e-02	1.632636e+00
1.906763e+14	4.991839e-02	1.442992e+00
1.906521e+14	6.619792e-02	1.249454e+00
1.906278e+14	8.463224e-02	1.053222e+00
1.906035e+14	1.047222e-01	8.552185e-01
1.905792e+14	1.258436e-01	6.561588e-01
1.905550e+14	1.472816e-01	4.566075e-01
1.905307e+14	1.682710e-01	2.570125e-01
1.905065e+14	1.880385e-01	5.771564e-02
1.904822e+14	2.058413e-01	-1.410480e-01
1.904580e+14	2.209976e-01	-3.391549e-01
1.904338e+14	2.329080e-01	-5.365945e-01
1.904096e+14	2.410654e-01	-7.334646e-01
1.903853e+14	2.450592e-01	-9.299591e-01
1.903611e+14	2.445741e-01	-1.126348e+00
1.903369e+14	2.393901e-01	-1.322953e+00
1.903127e+14	2.293857e-01	-1.520112e+00
1.902885e+14	2.145472e-01	-1.718153e+00
1.902644e+14	1.949843e-01	-1.917355e+00
1.902402e+14	1.709497e-01	-2.117928e+00
1.902160e+14	1.428587e-01	-2.319998e+00
1.901918e+14	1.113010e-01	-2.523648e+00
1.901677e+14	7.703920e-02	-2.729106e+00
1.901435e+14	4.098691e-02	-2.938010e+00
1.901194e+14	4.177327e-03	3.062407e+00
1.900952e+14	3.236800e-02	-1.867682e-01
1.900711e+14	6.755586e-02	-3.972169e-01
1.900470e+14	1.004518e-01	-6.027944e-01
1.900228e+14	1.302414e-01	-8.063776e-01
1.899987e+14	1.562815e-01	-1.008407e+00
1.899746e+14	1.781083e-01	-1.209066e+00
1.899505e+14	1.954300e-01	-1.408547e+00
1.899264e+14	2.081083e-01	-1.607101e+00
1.899023e+14	2.161372e-01	-1.805027e+00
1.898782e+14	2.196234e-01	-2.002651e+00
1.898542e+14	2.187705e-01	-2.200301e+00
1.898301e+14	2.138699e-01	-2.398281e+00
1.898060e+14	2.052941e-01	-2.596854e+00
1.897819e+14	1.934926e-01	-2.796227e+00
1.897579e+14	1.789867e-01	-2.996548e+00
1.897338e+14	1.623592e-01	3.085270e+00
1.897098e+14	1.442396e-01	2.882797e+00
1.896858e+14	1.252821e-01	2.679160e+00
1.896617e+14	1.061391e-01	2.474265e+00
1.896377e+14	8.743131e-02	2.267909e+00
1.896137e+14	6.971867e-02	2.059678e+00
1.895897e+14	5.347513e-02	1.848748e+00
1.895657e+14	3.906925e-02	1.633475e+00
1.895417e+14	2.675267e-02	1.410342e+00
1.895177e+14	1.665752e-02	1.170642e+00
1.894937e+14	8.808164e-03	8.859187e-01
1.894697e+14	3.214244e-03	3.881879e-01
1.894457e+14	1.681629e-03	-1.589438e+00
1.894217e+14	3.549595e-03	-2.370181e+00
1.893978e+14	4.547280e-03	-2.701354e+00
1.893738e+14	4.783429e-03	-2.974508e+00
1.893499e+14	4.674225e-03	3.043590e+00
1.893259e+14	4.666939e-03	2.778214e+00
1.893020e+14	5.190692e-03	2.527503e+00
1.892780e+14	6.627331e-03	2.309494e+00
1.892541e+14	9.306448e-03	2.119079e+00
1.892302e+14	1.349750e-02	1.939203e+00
1.892063e+14	1.938815e-02	1.759219e+00
1.891824e+14	2.706841e-02	1.575778e+00
1.891585e+14	3.652423e-02	1.388706e+00
1.891346e+14	4.763656e-02	1.198693e+00
1.891107e+14	6.018495e-02	1.006496e+00
1.890868e+14	7.385594e-02	8.127523e-01
1.890629e+14	8.825629e-02	6.179642e-01
1.890390e+14	1.029307e-01	4.225262e-01
1.890152e+14	1.173828e-01	2.267458e-01
1.889913e+14	1.310980e-01	3.085787e-02
1.889674e+14	1.435659e-01	-1.649693e-01
1.889436e+14	1.543014e-01	-3.606314e-01
1.889197e+14	1.628614e-01	-5.560869e-01
1.888959e+14	1.688587e-01	-7.513534e-01
1.888721e+14	1.719722e-01	-9.465016e-01
1.888482e+14	1.719531e-01	-1.141645e+00
1.888244e+14	1.686314e-01	-1.336930e+00
1.888006e+14	1.619205e-01	-1.532515e+00
1.887768e+14	1.518226e-01	-1.728560e+00
1.887530e+14	1.384343e-01	-1.925213e+00
1.887292e+14	1.219520e-01	-2.122597e+00
1.887054e+14	1.026754e-01	-2.320822e+00
1.886816e+14	8.100618e-02	-2.520032e+00
1.886578e+14	5.744172e-02	-2.720612e+00
1.886341e+14	3.256069e-02	-2.924365e+00
1.886103e+14	7.005434e-03	3.121645e+00
1.885865e+14	1.857952e-02	-1.534053e-01
1.885628e+14	4.349822e-02	-3.631285e-01
1.885390e+14	6.713293e-02	-5.648583e-01
1.885153e+14	8.891273e-02	-7.646071e-01
1.884916e+14	1.083509e-01	-9.632380e-01
1.884678e+14	1.250579e-01	-1.161013e+00
1.884441e+14	1.387467e-01	-1.358085e+00
1.884204e+14	1.492329e-01	-1.554598e+00
1.883967e+14	1.564301e-01	-1.750714e+00
1.883730e+14	1.603435e-01	-1.946610e+00
1.883493e+14	1.610624e-01	-2.142467e+00
1.883256e+14	1.587540e-01	-2.338465e+00
1.883019e+14	1.536561e-01	-2.534766e+00
1.882782e+14	1.460709e-01	-2.731512e+00
1.882545e+14	1.363570e-01	-2.928821e+00
1.882309e+14	1.249199e-01	-3.126789e+00
1.882072e+14	1.121996e-01	2.957682e+00
1.881835e+14	9.865586e-02	2.758126e+00
1.881599e+14	8.475120e-02	2.557592e+00
1.881362e+14	7.093259e-02	2.355861e+00
1.881126e+14	5.761330e-02	2.152546e+00
1.880890e+14	4.515638e-02	1.946945e+00
1.880653e+14	3.386098e-02	1.737727e+00
1.880417e+14	2.395264e-02	1.522160e+00
1.880181e+14	1.557848e-02	1.293778e+00
1.879945e+14	8.810474e-03	1.033003e+00
1.879709e+14	3.685027e-03	6.422157e-01
1.879473e+14	1.162641e-03	-1.044363e+00
1.879237e+14	2.929406e-03	-2.214028e+00
1.879001e+14	4.216969e-03	-2.561864e+00
1.878765e+14	4.740280e-03	-2.825017e+00
1.878529e+14	4.762644e-03	-3.070644e+00
1.878294e+14	4.595420e-03	2.967753e+00
1.878058e+14	4.557794e-03	2.722194e+00
1.877822e+14	4.953701e-03	2.486800e+00
1.877587e+14	6.054637e-03	2.274173e+00
1.877351e+14	8.093398e-03	2.082840e+00
1.877116e+14	1.125781e-02	1.901668e+00
1.876881e+14	1.567809e-02	1.722015e+00
1.876645e+14	2.141650e-02	1.540330e+00
1.876410e+14	2.846261e-02	1.355903e+00
1.876175e+14	3.673248e-02	1.169034e+00
1.875940e+14	4.607104e-02	9.802457e-01
1.875705e+14	5.625748e-02	7.900301e-01
1.875470e+14	6.701364e-02	5.987919e-01
1.875235e+14	7.801522e-02	4.068509e-01
1.875000e+14	8.890515e-02	2.144567e-01
("port 2","TE",1,"port 1",1,"modulation")
(1,1)
0.00086
(500,3)
2.000000e+14	9.999960e-01	3.867640e-03
1.999733e+14	9.999960e-01	-2.183003e-01
1.999466e+14	9.999990e-01	-4.404288e-01
1.999199e+14	1.000004e+00	-6.625324e-01
1.998932e+14	1.000006e+00	-8.846304e-01
1.998665e+14	9.999865e-01	-1.106744e+00
1.998398e+14	9.999170e-01	-1.328890e+00
1.998131e+14	9.997543e-01	-1.551078e+00
1.997865e+14	9.994454e-01	-1.773298e+00
1.997598e+14	9.989345e-01	-1.995517e+00
1.997332e+14	9.981733e-01	-2.217675e+00
1.997065e+14	9.971340e-01	-2.439687e+00
1.996799e+14	9.958204e-01	-2.661451e+00
1.996532e+14	9.942765e-01	-2.882858e+00
1.996266e+14	9.925892e-01	-3.103814e+00
1.996000e+14	9.908836e-01	2.958936e+00
1.995734e+14	9.893118e-01	2.739042e+00
1.995468e+14	9.880354e-01	2.519657e+00
1.995202e+14	9.872051e-01	2.300687e+00
1.994936e+14	9.869392e-01	2.081985e+00
1.994670e+14	9.873046e-01	1.863359e+00
1.994404e+14	9.883025e-01	1.644597e+00
1.994139e+14	9.898611e-01	1.425487e+00
1.993873e+14	9.918364e-01	1.205847e+00
1.993608e+14	9.940226e-01	9.855513e-01
1.993342e+14	9.961734e-01	7.645518e-01
1.993077e+14	9.980305e-01	5.428899e-01
1.992812e+14	9.993578e-01	3.206980e-01
1.992546e+14	9.999765e-01	9.818688e-02
1.992281e+14	9.997926e-01	-1.243802e-01
1.992016e+14	9.988125e-01	-3.467220e-01
1.991751e+14	9.971434e-01	-5.685772e-01
1.991486e+14	9.949766e-01	-7.897393e-01
1.991221e+14	9.925593e-01	-1.010083e+00
1.990956e+14	9.901595e-01	-1.229575e+00
1.990691e+14	9.880314e-01	-1.448276e+00
1.990427e+14	9.863852e-01	-1.666327e+00
1.990162e+14	9.853666e-01	-1.883924e+00
1.989898e+14	9.850450e-01	-2.101296e+00
1.989633e+14	9.854131e-01	-2.318671e+00
1.989369e+14	9.863938e-01	-2.536252e+00
1.989104e+14	9.878555e-01	-2.754199e+00
1.988840e+14	9.896325e-01	-2.972608e+00
1.988576e+14	9.915476e-01	3.091673e+00
1.988312e+14	9.934348e-01	2.872301e+00
1.988048e+14	9.951581e-01	2.652537e+00
1.987784e+14	9.966244e-01	2.432488e+00
1.987520e+14	9.977877e-01	2.212273e+00
1.987256e+14	9.986466e-01	1.992004e+00
1.986992e+14	9.992334e-01	1.771771e+00
1.986729e+14	9.996018e-01	1.551638e+00
1.986465e+14	9.998121e-01	1.331637e+00
1.986201e+14	9.999200e-01	1.111774e+00
1.985938e+14	9.999693e-01	8.920400e-01
1.985674e+14	9.999892e-01	6.724147e-01
1.985411e+14	9.999961e-01	4.528767e-01
1.985148e+14	9.999974e-01	2.334067e-01
1.984885e+14	9.999968e-01	1.398901e-02
1.984622e+14	9.999969e-01	-2.053915e-01
1.984358e+14	1.000000e+00	-4.247526e-01
1.984095e+14	1.000006e+00	-6.441186e-01
1.983832e+14	1.000004e+00	-8.635208e-01
1.983570e+14	9.999683e-01	-1.082995e+00
1.983307e+14	9.998518e-01	-1.302574e+00
1.983044e+14	9.995836e-01	-1.522277e+00
1.982781e+14	9.990738e-01	-1.742095e+00
1.982519e+14	9.982234e-01	-1.961980e+00
1.982256e+14	9.969424e-01	-2.181839e+00
1.981994e+14	9.951700e-01	-2.401531e+00
1.981732e+14	9.928964e-01	-2.620883e+00
1.981469e+14	9.901789e-01	-2.839701e+00
1.981207e+14	9.871493e-01	-3.057805e+00
1.980945e+14	9.840090e-01	3.008129e+00
1.980683e+14	9.810126e-01	2.791800e+00
1.980421e+14	9.784408e-01	2.576372e+00
1.980159e+14	9.765678e-01	2.361721e+00
1.979897e+14	9.756272e-01	2.147623e+00
1.979635e+14	9.757794e-01	1.933771e+00
1.979373e+14	9.770854e-01	1.719796e+00
1.979112e+14	9.794870e-01	1.505313e+00
1.978850e+14	9.827987e-01	1.289957e+00
1.978588e+14	9.867116e-01	1.073434e+00
1.978327e+14	9.908146e-01	8.555657e-01
1.978066e+14	9.946334e-01	6.363275e-01
1.977804e+14	9.976878e-01	4.158652e-01
1.977543e+14	9.995599e-01	1.944935e-01
1.977282e+14	9.999618e-01	-2.733662e-02
1.977021e+14	9.987875e-01	-2.490941e-01
1.976760e+14	9.961340e-01	-4.702410e-01
1.976499e+14	9.922873e-01	-6.903077e-01
1.976238e+14	9.876752e-01	-9.089553e-01
1.975977e+14	9.828009e-01	-1.126014e+00
1.975716e+14	9.781726e-01	-1.341497e+00
1.975455e+14	9.742419e-01	-1.555581e+00
1.975195e+14	9.713589e-01	-1.768578e+00
1.974934e+14	9.697455e-01	-1.980889e+00
1.974674e+14	9.694862e-01	-2.192949e+00
1.974413e+14	9.705324e-01	-2.405185e+00
1.974153e+14	9.727182e-01	-2.617970e+00
1.973892e+14	9.757861e-01	-2.831585e+00
1.973632e+14	9.794204e-01	-3.046202e+00
1.973372e+14	9.832854e-01	3.021314e+00
1.973112e+14	9.870658e-01	2.804657e+00
1.972852e+14	9.905015e-01	2.587165e+00
1.972592e+14	9.934137e-01	2.369053e+00
1.972332e+14	9.957152e-01	2.150557e+00
1.972072e+14	9.974055e-01	1.931897e+00
1.971812e+14	9.985521e-01	1.713252e+00
1.971553e+14	9.992642e-01	1.494744e+00
1.971293e+14	9.996639e-01	1.276433e+00
1.971034e+14	9.998637e-01	1.058331e+00
1.970774e+14	9.999513e-01	8.404110e-01
1.970515e+14	9.999847e-01	6.226310e-01
1.970255e+14	9.999956e-01	4.049437e-01
1.969996e+14	9.999979e-01	1.873071e-01
1.969737e+14	9.999975e-01	-3.031496e-02
1.969478e+14	9.999985e-01	-2.479573e-01
1.969219e+14	1.000004e+00	-4.656620e-01
1.968960e+14	1.000007e+00	-6.834856e-01
1.968701e+14	9.999822e-01	-9.015012e-01
1.968442e+14	9.998655e-01	-1.119791e+00
1.968183e+14	9.995437e-01	-1.338432e+00
1.967924e+14	9.988488e-01	-1.557467e+00
1.967666e+14	9.975674e-01	-1.776877e+00
1.967407e+14	9.954651e-01	-1.996549e+00
1.967148e+14	9.923288e-01	-2.216261e+00
1.966890e+14	9.880170e-01	-2.435683e+00
1.966632e+14	9.825115e-01	-2.654397e+00
1.966373e+14	9.759540e-01	-2.871947e+00
1.966115e+14	9.686578e-01	-3.087903e+00
1.965857e+14	9.610902e-01	2.981253e+00
1.965599e+14	9.538277e-01	2.769324e+00
1.965341e+14	9.474952e-01	2.559464e+00
1.965083e+14	9.426995e-01	2.351419e+00
1.964825e+14	9.399680e-01	2.144713e+00
1.964567e+14	9.396951e-01	1.938676e+00
1.964309e+14	9.420950e-01	1.732484e+00
1.964051e+14	9.471594e-01	1.525228e+00
1.963794e+14	9.546167e-01	1.315983e+00
1.963536e+14	9.638987e-01	1.103914e+00
1.963279e+14	9.741281e-01	8.883851e-01
1.963021e+14	9.841498e-01	6.690921e-01
1.962764e+14	9.926340e-01	4.461713e-01
1.962507e+14	9.982637e-01	2.202679e-01
1.962249e+14	9.999855e-01	-7.487801e-03
1.961992e+14	9.972557e-01	-2.356145e-01
1.961735e+14	9.901888e-01	-4.625111e-01
1.961478e+14	9.795416e-01	-6.867244e-01
1.961221e+14	9.665411e-01	-9.071782e-01
1.960964e+14	9.526281e-01	-1.123303e+00
1.960707e+14	9.392108e-01	-1.335059e+00
1.960450e+14	9.274908e-01	-1.542865e+00
1.960194e+14	9.183744e-01	-1.747493e+00
1.959937e+14	9.124512e-01	-1.949942e+00
1.959681e+14	9.100094e-01	-2.151323e+00
1.959424e+14	9.110642e-01	-2.352761e+00
1.959168e+14	9.153853e-01	-2.555310e+00
1.958911e+14	9.225231e-01	-2.759875e+00
1.958655e+14	9.318378e-01	-2.967144e+00
1.958399e+14	9.425435e-01	3.105651e+00
1.958143e+14	9.537749e-01	2.892026e+00
1.957886e+14	9.646784e-01	2.675362e+00
1.957630e+14	9.745173e-01	2.456116e+00
1.957374e+14	9.827668e-01	2.234928e+00
1.957119e+14	9.891720e-01	2.012507e+00
1.956863e+14	9.937493e-01	1.789508e+00
1.956607e+14	9.967323e-01	1.566448e+00
1.956351e+14	9.984817e-01	1.343647e+00
1.956096e+14	9.993873e-01	1.121229e+00
1.955840e+14	9.997906e-01	8.991569e-01
1.955585e+14	9.999408e-01	6.772907e-01
1.955329e+14	9.999866e-01	4.554457e-01
1.955074e+14	9.999978e-01	2.334351e-01
1.954818e+14	9.999988e-01	1.108698e-02
1.954563e+14	9.999995e-01	-2.117679e-01
1.954308e+14	1.000005e+00	-4.353286e-01
1.954053e+14	9.999957e-01	-6.598644e-01
1.953798e+14	9.998669e-01	-8.857397e-01
1.953543e+14	9.993482e-01	-1.113404e+00
1.953288e+14	9.979110e-01	-1.343327e+00
1.953033e+14	9.947070e-01	-1.575865e+00
1.952779e+14	9.885837e-01	-1.811071e+00
1.952524e+14	9.782299e-01	-2.048483e+00
1.952269e+14	9.624726e-01	-2.286959e+00
1.952015e+14	9.406706e-01	-2.524661e+00
1.951760e+14	9.130581e-01	-2.759246e+00
1.951506e+14	8.808566e-01	-2.988253e+00
1.951251e+14	8.460747e-01	3.073623e+00
1.950997e+14	8.110933e-01	2.861430e+00
1.950743e+14	7.782357e-01	2.658898e+00
1.950489e+14	7.494913e-01	2.465712e+00
1.950234e+14	7.264360e-01	2.280821e+00
1.949980e+14	7.103072e-01	2.102571e+00
1.949726e+14	7.021571e-01	1.928783e+00
1.949473e+14	7.030275e-01	1.756734e+00
1.949219e+14	7.141022e-01	1.583021e+00
1.948965e+14	7.367857e-01	1.403272e+00
1.948711e+14	7.725779e-01	1.211690e+00
1.948458e+14	8.223874e-01	1.000497e+00
1.948204e+14	8.844455e-01	7.596654e-01
1.947951e+14	9.495534e-01	4.784091e-01
1.947697e+14	9.948633e-01	1.516345e-01
1.947444e+14	9.882882e-01	-2.078041e-01
1.947190e+14	9.170681e-01	-5.652621e-01
1.946937e+14	8.061292e-01	-8.855318e-01
1.946684e+14	6.908751e-01	-1.154787e+00
1.946431e+14	5.908080e-01	-1.377498e+00
1.946178e+14	5.104511e-01	-1.564105e+00
1.945925e+14	4.478815e-01	-1.724325e+00
1.945672e+14	3.996940e-01	-1.865547e+00
1.945419e+14	3.627656e-01	-1.993067e+00
1.945166e+14	3.346523e-01	-2.110669e+00
1.944914e+14	3.135539e-01	-2.221106e+00
1.944661e+14	2.981862e-01	-2.326457e+00
1.944408e+14	2.876604e-01	-2.428354e+00
1.944156e+14	2.813927e-01	-2.528156e+00
1.943903e+14	2.790439e-01	-2.627057e+00
1.943651e+14	2.804827e-01	-2.726180e+00
1.943399e+14	2.857704e-01	-2.826654e+00
1.943146e+14	2.951621e-01	-2.929687e+00
1.942894e+14	3.091250e-01	-3.036642e+00
1.942642e+14	3.283717e-01	3.134047e+00
1.942390e+14	3.539054e-01	3.014021e+00
1.942138e+14	3.870681e-01	2.883960e+00
1.941886e+14	4.295570e-01	2.740660e+00
1.941634e+14	4.833269e-01	2.580049e+00
1.941382e+14	5.501865e-01	2.397128e+00
1.941131e+14	6.307375e-01	2.186333e+00
1.940879e+14	7.222959e-01	1.942890e+00
1.940627e+14	8.163474e-01	1.665750e+00
1.940376e+14	8.986551e-01	1.361260e+00
1.940124e+14	9.559889e-01	1.043640e+00
1.939873e+14	9.854761e-01	7.287936e-01
1.939622e+14	9.953625e-01	4.259032e-01
1.939370e+14	9.968614e-01	1.345559e-01
1.939119e+14	9.968532e-01	-1.523137e-01
1.938868e+14	9.951706e-01	-4.438726e-01
1.938617e+14	9.846742e-01	-7.469470e-01
1.938366e+14	9.541735e-01	-1.061529e+00
1.938115e+14	8.958648e-01	-1.378082e+00
1.937864e+14	8.131672e-01	-1.680735e+00
1.937613e+14	7.194350e-01	-1.955684e+00
1.937362e+14	6.286124e-01	-2.197017e+00
1.937112e+14	5.488817e-01	-2.406002e+00
1.936861e+14	4.827452e-01	-2.587447e+00
1.936611e+14	4.295484e-01	-2.746862e+00
1.936360e+14	3.874902e-01	-2.889174e+00
1.936110e+14	3.546418e-01	-3.018393e+00
1.935859e+14	3.293321e-01	-3.137671e+00
1.935609e+14	3.102400e-01	3.033709e+00
1.935359e+14	2.963765e-01	2.927418e+00
1.935109e+14	2.870376e-01	2.825047e+00
1.934858e+14	2.817595e-01	2.725255e+00
1.934608e+14	2.802858e-01	2.626854e+00
1.934358e+14	2.825487e-01	2.528740e+00
1.934109e+14	2.886664e-01	2.429817e+00
1.933859e+14	2.989571e-01	2.328925e+00
1.933609e+14	3.139718e-01	2.224754e+00
1.933359e+14	3.345490e-01	2.115740e+00
1.933110e+14	3.618977e-01	1.999906e+00
1.932860e+14	3.977064e-01	1.874656e+00
1.932610e+14	4.442605e-01	1.736448e+00
1.932361e+14	5.044828e-01	1.580361e+00
1.932112e+14	5.816130e-01	1.399567e+00
1.931862e+14	6.777520e-01	1.185053e+00
1.931613e+14	7.896904e-01	9.268118e-01
1.931364e+14	9.012393e-01	6.192579e-01
1.931115e+14	9.801646e-01	2.722473e-01
1.930865e+14	9.985594e-01	-8.331815e-02
1.930616e+14	9.620118e-01	-4.123908e-01
1.930368e+14	9.000356e-01	-6.982820e-01
1.930119e+14	8.372710e-01	-9.431971e-01
1.929870e+14	7.850051e-01	-1.156877e+00
1.929621e+14	7.461451e-01	-1.349241e+00
1.929372e+14	7.202382e-01	-1.528224e+00
1.929124e+14	7.059192e-01	-1.699783e+00
1.928875e+14	7.017995e-01	-1.868401e+00
1.928627e+14	7.066889e-01	-2.037539e+00
1.928378e+14	7.195665e-01	-2.209948e+00
1.928130e+14	7.394604e-01	-2.387847e+00
1.927882e+14	7.652954e-01	-2.572972e+00
1.927633e+14	7.957443e-01	-2.766544e+00
1.927385e+14	8.291252e-01	-2.969169e+00
1.927137e+14	8.634034e-01	3.102467e+00
1.926889e+14	8.963537e-01	2.882927e+00
1.926641e+14	9.258851e-01	2.657060e+00
1.926393e+14	9.504345e-01	2.427026e+00
1.926145e+14	9.692637e-01	2.195109e+00
1.925897e+14	9.825153e-01	1.963317e+00
1.925650e+14	9.910135e-01	1.733113e+00
1.925402e+14	9.959259e-01	1.505319e+00
1.925154e+14	9.984374e-01	1.280183e+00
1.924907e+14	9.995340e-01	1.057552e+00
1.924659e+14	9.999147e-01	8.370540e-01
1.924412e+14	1.000002e+00	6.182544e-01
1.924165e+14	1.000005e+00	4.007527e-01
1.923917e+14	9.999994e-01	1.842309e-01
1.923670e+14	9.999991e-01	-3.154587e-02
1.923423e+14	9.999977e-01	-2.467542e-01
1.923176e+14	9.999860e-01	-4.615472e-01
1.922929e+14	9.999410e-01	-6.760813e-01
1.922682e+14	9.997995e-01	-8.905256e-01
1.922435e+14	9.994293e-01	-1.105047e+00
1.922188e+14	9.986118e-01	-1.319776e+00
1.921941e+14	9.970467e-01	-1.534756e+00
1.921694e+14	9.943869e-01	-1.749896e+00
1.921448e+14	9.903004e-01	-1.964937e+00
1.921201e+14	9.845505e-01	-2.179450e+00
1.920955e+14	9.770737e-01	-2.392871e+00
1.920708e+14	9.680327e-01	-2.604571e+00
1.920462e+14	9.578275e-01	-2.813954e+00
1.920215e+14	9.470595e-01	-3.020548e+00
1.919969e+14	9.364598e-01	3.059097e+00
1.919723e+14	9.268030e-01	2.858623e+00
1.919477e+14	9.188251e-01	2.660961e+00
1.919231e+14	9.131600e-01	2.465614e+00
1.918985e+14	9.102957e-01	2.271874e+00
1.918739e+14	9.105460e-01	2.078878e+00
1.918493e+14	9.140296e-01	1.885664e+00
1.918247e+14	9.206501e-01	1.691240e+00
1.918001e+14	9.300738e-01	1.494649e+00
1.917756e+14	9.417099e-01	1.295060e+00
1.917510e+14	9.547038e-01	1.091859e+00
1.917264e+14	9.679655e-01	8.847435e-01
1.917019e+14	9.802514e-01	6.738110e-01
1.916773e+14	9.903124e-01	4.596000e-01
1.916528e+14	9.970937e-01	2.430666e-01
1.916283e+14	9.999361e-01	2.547543e-02
1.916037e+14	9.987132e-01	-1.917824e-01
1.915792e+14	9.938484e-01	-4.074021e-01
1.915547e+14	9.862064e-01	-6.203527e-01
1.915302e+14	9.769034e-01	-8.299942e-01
1.915057e+14	9.671049e-01	-1.036110e+00
1.914812e+14	9.578628e-01	-1.238867e+00
1.914567e+14	9.500177e-01	-1.438731e+00
1.914322e+14	9.441588e-01	-1.636370e+00
1.914077e+14	9.406244e-01	-1.832559e+00
1.913833e+14	9.395242e-01	-2.028093e+00
1.913588e+14	9.407697e-01	-2.223725e+00
1.913344e+14	9.441069e-01	-2.420110e+00
1.913099e+14	9.491514e-01	-2.617760e+00
1.912855e+14	9.554260e-01	-2.817025e+00
1.912610e+14	9.624040e-01	-3.018068e+00
1.912366e+14	9.695580e-01	3.062308e+00
1.912122e+14	9.764096e-01	2.857906e+00
1.911877e+14	9.825744e-01	2.652205e+00
1.911633e+14	9.877942e-01	2.445571e+00
1.911389e+14	9.919484e-01	2.238392e+00
1.911145e+14	9.950455e-01	2.031024e+00
1.910901e+14	9.971950e-01	1.823758e+00
1.910657e+14	9.985699e-01	1.616795e+00
1.910413e+14	9.993672e-01	1.410252e+00
1.910170e+14	9.997749e-01	1.204164e+00
1.909926e+14	9.999489e-01	9.985105e-01
1.909682e+14	1.000003e+00	7.932356e-01
1.909439e+14	1.000009e+00	5.882700e-01
1.909195e+14	1.000003e+00	3.835470e-01
1.908952e+14	1.000000e+00	1.790111e-01
1.908708e+14	9.999999e-01	-2.538012e-02
1.908465e+14	1.000000e+00	-2.296591e-01
1.908222e+14	9.999969e-01	-4.338544e-01
1.907979e+14	9.999853e-01	-6.379963e-01
1.907735e+14	9.999527e-01	-8.421201e-01
1.907492e+14	9.998723e-01	-1.046264e+00
1.907249e+14	9.996973e-01	-1.250465e+00
1.907006e+14	9.993579e-01	-1.454745e+00
1.906763e+14	9.987646e-01	-1.659100e+00
1.906521e+14	9.978178e-01	-1.863491e+00
1.906278e+14	9.964236e-01	-2.067832e+00
1.906035e+14	9.945128e-01	-2.271992e+00
1.905792e+14	9.920614e-01	-2.475804e+00
1.905550e+14	9.891059e-01	-2.679079e+00
1.905307e+14	9.857521e-01	-2.881629e+00
1.905065e+14	9.821730e-01	-3.083298e+00
1.904822e+14	9.785967e-01	2.999204e+00
1.904580e+14	9.752856e-01	2.799533e+00
1.904338e+14	9.725101e-01	2.600815e+00
1.904096e+14	9.705201e-01	2.402900e+00
1.903853e+14	9.695194e-01	2.205555e+00
1.903611e+14	9.696419e-01	2.008482e+00
1.903369e+14	9.709347e-01	1.811341e+00
1.903127e+14	9.733469e-01	1.613781e+00
1.902885e+14	9.767250e-01	1.415471e+00
1.902644e+14	9.808177e-01	1.216136e+00
1.902402e+14	9.852912e-01	1.015593e+00
1.902160e+14	9.897546e-01	8.137700e-01
1.901918e+14	9.937983e-01	6.107276e-01
1.901677e+14	9.970396e-01	4.066584e-01
1.901435e+14	9.991713e-01	2.018713e-01
1.901194e+14	1.000003e+00	-3.241310e-03
1.900952e+14	9.994876e-01	-2.082495e-01
1.900711e+14	9.977271e-01	-4.127372e-01
1.900470e+14	9.949535e-01	-6.163511e-01
1.900228e+14	9.914939e-01	-8.188382e-01
1.899987e+14	9.877241e-01	-1.020067e+00
1.899746e+14	9.840225e-01	-1.220033e+00
1.899505e+14	9.807292e-01	-1.418845e+00
1.899264e+14	9.781173e-01	-1.616708e+00
1.899023e+14	9.763745e-01	-1.813886e+00
1.898782e+14	9.755963e-01	-2.010680e+00
1.898542e+14	9.757879e-01	-2.207388e+00
1.898301e+14	9.768737e-01	-2.404285e+00
1.898060e+14	9.787119e-01	-2.601595e+00
1.897819e+14	9.811133e-01	-2.799481e+00
1.897579e+14	9.838631e-01	-2.998030e+00
1.897338e+14	9.867434e-01	3.085926e+00
1.897098e+14	9.895545e-01	2.886066e+00
1.896858e+14	9.921329e-01	2.685676e+00
1.896617e+14	9.943630e-01	2.484891e+00
1.896377e+14	9.961823e-01	2.283858e+00
1.896137e+14	9.975785e-01	2.082721e+00
1.895897e+14	9.985810e-01	1.881602e+00
1.895657e+14	9.992483e-01	1.680594e+00
1.895417e+14	9.996539e-01	1.479757e+00
1.895177e+14	9.998731e-01	1.279119e+00
1.894937e+14	9.999730e-01	1.078683e+00
1.894697e+14	1.000007e+00	8.784337e-01
1.894457e+14	1.000010e+00	6.783450e-01
1.894217e+14	1.000006e+00	4.783900e-01
1.893978e+14	1.000002e+00	2.785437e-01
1.893738e+14	1.000000e+00	7.878602e-02
1.893499e+14	1.000001e+00	-1.208980e-01
1.893259e+14	1.000001e+00	-3.205203e-01
1.893020e+14	9.999984e-01	-5.200921e-01
1.892780e+14	9.999900e-01	-7.196261e-01
1.892541e+14	9.999686e-01	-9.191373e-01
1.892302e+14	9.999208e-01	-1.118642e+00
1.892063e+14	9.998240e-01	-1.318154e+00
1.891824e+14	9.996456e-01	-1.517683e+00
1.891585e+14	9.993448e-01	-1.717223e+00
1.891346e+14	9.988767e-01	-1.916756e+00
1.891107e+14	9.981993e-01	-2.116241e+00
1.890868e+14	9.972810e-01	-2.315619e+00
1.890629e+14	9.961098e-01	-2.514812e+00
1.890390e+14	9.947006e-01	-2.713735e+00
1.890152e+14	9.930988e-01	-2.912302e+00
1.889913e+14	9.913815e-01	-3.110436e+00
1.889674e+14	9.896528e-01	2.975098e+00
1.889436e+14	9.880359e-01	2.777949e+00
1.889197e+14	9.866610e-01	2.581280e+00
1.888959e+14	9.856523e-01	2.385025e+00
1.888721e+14	9.851139e-01	2.189080e+00
1.888482e+14	9.851172e-01	1.993304e+00
1.888244e+14	9.856913e-01	1.797535e+00
1.888006e+14	9.868159e-01	1.601606e+00
1.887768e+14	9.884199e-01	1.405354e+00
1.887530e+14	9.903838e-01	1.208644e+00
1.887292e+14	9.925482e-01	1.011385e+00
1.887054e+14	9.947271e-01	8.135337e-01
1.886816e+14	9.967258e-01	6.151121e-01
1.886578e+14	9.983611e-01	4.162015e-01
1.886341e+14	9.994820e-01	2.169383e-01
1.886103e+14	9.999878e-01	1.750013e-02
1.885865e+14	9.998397e-01	-1.819129e-01
1.885628e+14	9.990658e-01	-3.811001e-01
1.885390e+14	9.977564e-01	-5.798821e-01
1.885153e+14	9.960517e-01	-7.781188e-01
1.884916e+14	9.941250e-01	-9.757233e-01
1.884678e+14	9.921618e-01	-1.172667e+00
1.884441e+14	9.903402e-01	-1.368980e+00
1.884204e+14	9.888144e-01	-1.564742e+00
1.883967e+14	9.877013e-01	-1.760074e+00
1.883730e+14	9.870736e-01	-1.955121e+00
1.883493e+14	9.869565e-01	-2.150036e+00
1.883256e+14	9.873305e-01	-2.344966e+00
1.883019e+14	9.881367e-01	-2.540041e+00
1.882782e+14	9.892865e-01	-2.735359e+00
1.882545e+14	9.906721e-01	-2.930984e+00
1.882309e+14	9.921792e-01	-3.126942e+00
1.882072e+14	9.936981e-01	2.959962e+00
1.881835e+14	9.951340e-01	2.763396e+00
1.881599e+14	9.964146e-01	2.566609e+00
1.881362e+14	9.974936e-01	2.369672e+00
1.881126e+14	9.983515e-01	2.172662e+00
1.880890e+14	9.989924e-01	1.975649e+00
1.880653e+14	9.994391e-01	1.778689e+00
1.880417e+14	9.997256e-01	1.581824e+00
1.880181e+14	9.998912e-01	1.385078e+00
1.879945e+14	9.999737e-01	1.188460e+00
1.879709e+14	1.000006e+00	9.919672e-01
1.879473e+14	1.000012e+00	7.955899e-01
1.879237e+14	1.000008e+00	5.993137e-01
1.879001e+14	1.000004e+00	4.031240e-01
1.878765e+14	1.000001e+00	2.070084e-01
1.878529e+14	1.000001e+00	1.095694e-02
1.878294e+14	1.000002e+00	-1.850377e-01
1.878058e+14	1.000002e+00	-3.809813e-01
1.877822e+14	1.000000e+00	-5.768798e-01
1.877587e+14	9.999943e-01	-7.727397e-01
1.877351e+14	9.999799e-01	-9.685690e-01
1.877116e+14	9.999493e-01	-1.164376e+00
1.876881e+14	9.998898e-01	-1.360169e+00
1.876645e+14	9.997833e-01	-1.555951e+00
1.876410e+14	9.996076e-01	-1.751720e+00
1.876175e+14	9.993379e-01	-1.947465e+00
1.875940e+14	9.989509e-01	-2.143163e+00
1.875705e+14	9.984290e-01	-2.338783e+00
1.875470e+14	9.977648e-01	-2.534282e+00
1.875235e+14	9.969649e-01	-2.729614e+00
1.875000e+14	9.960529e-01	-2.924728e+00
("port 2","TE",1,"port 2",1,"modulation")
(1,1)
0.00086
(500,3)
2.000000e+14	4.770583e-03	-3.033863e+00
1.999733e+14	4.762540e-03	3.079115e+00
1.999466e+14	4.093386e-03	2.939839e+00
1.999199e+14	2.432876e-03	2.980189e+00
1.998932e+14	1.790048e-03	-1.723522e+00
1.998665e+14	6.464279e-03	-1.332524e+00
1.998398e+14	1.344718e-02	-1.441289e+00
1.998131e+14	2.249822e-02	-1.618260e+00
1.997865e+14	3.352214e-02	-1.816608e+00
1.997598e+14	4.631277e-02	-2.024287e+00
1.997332e+14	6.053914e-02	-2.236783e+00
1.997065e+14	7.575433e-02	-2.451982e+00
1.996799e+14	9.141475e-02	-2.668727e+00
1.996532e+14	1.069070e-01	-2.886312e+00
1.996266e+14	1.215796e-01	-3.104275e+00
1.996000e+14	1.347761e-01	2.960873e+00
1.995734e+14	1.458666e-01	2.742940e+00
1.995468e+14	1.542752e-01	2.525192e+00
1.995202e+14	1.595019e-01	2.307616e+00
1.994936e+14	1.611393e-01	2.090128e+00
1.994670e+14	1.588853e-01	1.872590e+00
1.994404e+14	1.525551e-01	1.654840e+00
1.994139e+14	1.420913e-01	1.436720e+00
1.993873e+14	1.275764e-01	1.218123e+00
1.993608e+14	1.092439e-01	9.990436e-01
1.993342e+14	8.748574e-02	7.796855e-01
1.993077e+14	6.285341e-02	5.607617e-01
1.992812e+14	3.604667e-02	3.451575e-01
1.992546e+14	7.897665e-03	1.756240e-01
1.992281e+14	2.074328e-02	3.001547e+00
1.992016e+14	4.887779e-02	2.794094e+00
1.991751e+14	7.563397e-02	2.576132e+00
1.991486e+14	1.001849e-01	2.356671e+00
1.991221e+14	1.218257e-01	2.137185e+00
1.990956e+14	1.399982e-01	1.918107e+00
1.990691e+14	1.543027e-01	1.699533e+00
1.990427e+14	1.644978e-01	1.481391e+00
1.990162e+14	1.704936e-01	1.263514e+00
1.989898e+14	1.723416e-01	1.045679e+00
1.989633e+14	1.702245e-01	8.276515e-01
1.989369e+14	1.644468e-01	6.092048e-01
1.989104e+14	1.554251e-01	3.901475e-01
1.988840e+14	1.436767e-01	1.703318e-01
1.988576e+14	1.298033e-01	-5.034563e-02
1.988312e+14	1.144681e-01	-2.719549e-01
1.988048e+14	9.836692e-02	-4.945561e-01
1.987784e+14	8.219303e-02	-7.182328e-01
1.987520e+14	6.659953e-02	-9.431344e-01
1.987256e+14	5.216291e-02	-1.169523e+00
1.986992e+14	3.935127e-02	-1.397814e+00
1.986729e+14	2.849996e-02	-1.628553e+00
1.986465e+14	1.979608e-02	-1.862155e+00
1.986201e+14	1.327196e-02	-2.097833e+00
1.985938e+14	8.807380e-03	-2.330451e+00
1.985674e+14	6.141994e-03	-2.545723e+00
1.985411e+14	4.901150e-03	-2.726715e+00
1.985148e+14	4.621567e-03	-2.880896e+00
1.984885e+14	4.761571e-03	-3.032343e+00
1.984622e+14	4.732822e-03	3.101510e+00
1.984358e+14	3.962937e-03	2.994995e+00
1.984095e+14	2.106183e-03	-3.080248e+00
1.983832e+14	2.925990e-03	-1.440894e+00
1.983570e+14	8.933750e-03	-1.282461e+00
1.983307e+14	1.768792e-02	-1.408780e+00
1.983044e+14	2.913765e-02	-1.587689e+00
1.982781e+14	4.322104e-02	-1.785033e+00
1.982519e+14	5.971959e-02	-1.990903e+00
1.982256e+14	7.824530e-02	-2.201313e+00
1.981994e+14	9.825031e-02	-2.414283e+00
1.981732e+14	1.190512e-01	-2.628657e+00
1.981469e+14	1.398647e-01	-2.843673e+00
1.981207e+14	1.598520e-01	-3.058801e+00
1.980945e+14	1.781644e-01	3.009514e+00
1.980683e+14	1.939858e-01	2.795124e+00
1.980421e+14	2.065667e-01	2.581300e+00
1.980159e+14	2.152473e-01	2.367999e+00
1.979897e+14	2.194714e-01	2.155057e+00
1.979635e+14	2.187936e-01	1.942212e+00
1.979373e+14	2.128859e-01	1.729140e+00
1.979112e+14	2.015480e-01	1.515493e+00
1.978850e+14	1.847247e-01	1.300955e+00
1.978588e+14	1.625323e-01	1.085298e+00
1.978327e+14	1.352889e-01	8.684651e-01
1.978066e+14	1.035431e-01	6.507083e-01
1.977804e+14	6.808826e-02	4.330640e-01
1.977543e+14	2.995241e-02	2.214011e-01
1.977282e+14	9.670388e-03	3.071685e+00
1.977021e+14	4.940355e-02	2.892335e+00
1.976760e+14	8.794368e-02	2.675717e+00
1.976499e+14	1.240277e-01	2.457290e+00
1.976238e+14	1.565715e-01	2.239389e+00
1.975977e+14	1.847140e-01	2.022652e+00
1.975716e+14	2.078344e-01	1.807232e+00
1.975455e+14	2.255423e-01	1.593015e+00
1.975195e+14	2.376521e-01	1.379718e+00
1.974934e+14	2.441520e-01	1.166947e+00
1.974674e+14	2.451794e-01	9.542579e-01
1.974413e+14	2.410049e-01	7.412051e-01
1.974153e+14	2.320257e-01	5.273873e-01
1.973892e+14	2.187651e-01	3.124787e-01
1.973632e+14	2.018726e-01	9.624837e-02
1.973372e+14	1.821175e-01	-1.214377e-01
1.973112e+14	1.603694e-01	-3.406329e-01
1.972852e+14	1.375648e-01	-5.613469e-01
1.972592e+14	1.146588e-01	-7.836007e-01
1.972332e+14	9.256762e-02	-1.007500e+00
1.972072e+14	7.211018e-02	-1.233326e+00
1.971812e+14	5.395579e-02	-1.461635e+00
1.971553e+14	3.858477e-02	-1.693350e+00
1.971293e+14	2.626395e-02	-1.929695e+00
1.971034e+14	1.703691e-02	-2.171357e+00
1.970774e+14	1.072630e-02	-2.414782e+00
1.970515e+14	6.949122e-03	-2.642443e+00
1.970255e+14	5.157272e-03	-2.820919e+00
1.969996e+14	4.691865e-03	-2.947648e+00
1.969737e+14	4.783552e-03	-3.063225e+00
1.969478e+14	4.581488e-03	3.115144e+00
1.969219e+14	3.307137e-03	3.136924e+00
1.968960e+14	1.983659e-03	-1.945732e+00
1.968701e+14	7.322415e-03	-1.212677e+00
1.968442e+14	1.694208e-02	-1.268395e+00
1.968183e+14	3.050572e-02	-1.426198e+00
1.967924e+14	4.815809e-02	-1.614130e+00
1.967666e+14	6.983969e-02	-1.815005e+00
1.967407e+14	9.522305e-02	-2.022573e+00
1.967148e+14	1.237008e-01	-2.233881e+00
1.966890e+14	1.544040e-01	-2.447204e+00
1.966632e+14	1.862503e-01	-2.661338e+00
1.966373e+14	2.180178e-01	-2.875357e+00
1.966115e+14	2.484349e-01	-3.088532e+00
1.965857e+14	2.762667e-01	2.982855e+00
1.965599e+14	3.003832e-01	2.772743e+00
1.965341e+14	3.197969e-01	2.564383e+00
1.965083e+14	3.336686e-01	2.357592e+00
1.964825e+14	3.412874e-01	2.151946e+00
1.964567e+14	3.420382e-01	1.946816e+00
1.964309e+14	3.353714e-01	1.741416e+00
1.964051e+14	3.207900e-01	1.534865e+00
1.963794e+14	2.978664e-01	1.326270e+00
1.963536e+14	2.663024e-01	1.114837e+00
1.963279e+14	2.260366e-01	8.999972e-01
1.963021e+14	1.773913e-01	6.815869e-01
1.962764e+14	1.212298e-01	4.601653e-01
1.962507e+14	5.906663e-02	2.386580e-01
1.962249e+14	6.960515e-03	3.074275e+00
1.961992e+14	7.416461e-02	2.909701e+00
1.961735e+14	1.398049e-01	2.685881e+00
1.961478e+14	2.012888e-01	2.462663e+00
1.961221e+14	2.565479e-01	2.242599e+00
1.960964e+14	3.041675e-01	2.026571e+00
1.960707e+14	3.433669e-01	1.814724e+00
1.960450e+14	3.738693e-01	1.606678e+00
1.960194e+14	3.957343e-01	1.401673e+00
1.959937e+14	4.092064e-01	1.198708e+00
1.959681e+14	4.146080e-01	9.966611e-01
1.959424e+14	4.122851e-01	7.943852e-01
1.959168e+14	4.026000e-01	5.907967e-01
1.958911e+14	3.859643e-01	3.849480e-01
1.958655e+14	3.628993e-01	1.760913e-01
1.958399e+14	3.341102e-01	-3.627250e-02
1.958143e+14	3.005524e-01	-2.523696e-01
1.957886e+14	2.634659e-01	-4.721678e-01
1.957630e+14	2.243549e-01	-6.954432e-01
1.957374e+14	1.849021e-01	-9.219056e-01
1.957119e+14	1.468276e-01	-1.151381e+00
1.956863e+14	1.117232e-01	-1.384050e+00
1.956607e+14	8.089771e-02	-1.620751e+00
1.956351e+14	5.526531e-02	-1.863371e+00
1.956096e+14	3.528523e-02	-2.115252e+00
1.955840e+14	2.094543e-02	-2.380619e+00
1.955585e+14	1.177021e-02	-2.657095e+00
1.955329e+14	6.845547e-03	-2.903735e+00
1.955074e+14	4.955972e-03	-3.026491e+00
1.954818e+14	4.760669e-03	-3.049758e+00
1.954563e+14	4.624921e-03	-3.049189e+00
1.954308e+14	3.128992e-03	-2.717300e+00
1.954053e+14	5.405178e-03	-1.314333e+00
1.953798e+14	1.693997e-02	-1.129901e+00
1.953543e+14	3.638917e-02	-1.243951e+00
1.953288e+14	6.476749e-02	-1.423261e+00
1.953033e+14	1.028567e-01	-1.627999e+00
1.952779e+14	1.507447e-01	-1.846051e+00
1.952524e+14	2.075761e-01	-2.072054e+00
1.952269e+14	2.714186e-01	-2.302531e+00
1.952015e+14	3.393524e-01	-2.534396e+00
1.951760e+14	4.078548e-01	-2.764589e+00
1.951506e+14	4.734042e-01	-2.990209e+00
1.951251e+14	5.330820e-01	3.074333e+00
1.950997e+14	5.849321e-01	2.864274e+00
1.950743e+14	6.279856e-01	2.663473e+00
1.950489e+14	6.620262e-01	2.471709e+00
1.950234e+14	6.872451e-01	2.287999e+00
1.949980e+14	7.039021e-01	2.110737e+00
1.949726e+14	7.120319e-01	1.937783e+00
1.949473e+14	7.111725e-01	1.766444e+00
1.949219e+14	7.000517e-01	1.593341e+00
1.948965e+14	6.761375e-01	1.414124e+00
1.948711e+14	6.349329e-01	1.223021e+00
1.948458e+14	5.689441e-01	1.012283e+00
1.948204e+14	4.666667e-01	7.719506e-01
1.947951e+14	3.136462e-01	4.914684e-01
1.947697e+14	1.013732e-01	1.681650e-01
1.947444e+14	1.527009e-01	2.942523e+00
1.947190e+14	3.987672e-01	2.587170e+00
1.946937e+14	5.917606e-01	2.267388e+00
1.946684e+14	7.229882e-01	1.998318e+00
1.946431e+14	8.068225e-01	1.775659e+00
1.946178e+14	8.599148e-01	1.589015e+00
1.945925e+14	8.940995e-01	1.428688e+00
1.945672e+14	9.166542e-01	1.287293e+00
1.945419e+14	9.318852e-01	1.159533e+00
1.945166e+14	9.423460e-01	1.041623e+00
1.944914e+14	9.495743e-01	9.307989e-01
1.944661e+14	9.545114e-01	8.249762e-01
1.944408e+14	9.577359e-01	7.225064e-01
1.944156e+14	9.595960e-01	6.220155e-01
1.943903e+14	9.602815e-01	5.222853e-01
1.943651e+14	9.598622e-01	4.221622e-01
1.943399e+14	9.583012e-01	3.204779e-01
1.943146e+14	9.554503e-01	2.159720e-01
1.942894e+14	9.510246e-01	1.072063e-01
1.942642e+14	9.445520e-01	-7.537951e-03
1.942390e+14	9.352849e-01	-1.303924e-01
1.942138e+14	9.220552e-01	-2.640727e-01
1.941886e+14	9.030444e-01	-4.120950e-01
1.941634e+14	8.754455e-01	-5.790177e-01
1.941382e+14	8.350487e-01	-7.706259e-01
1.941131e+14	7.760052e-01	-9.938262e-01
1.940879e+14	6.915962e-01	-1.255833e+00
1.940627e+14	5.775784e-01	-1.562498e+00
1.940376e+14	4.386817e-01	-1.917939e+00
1.940124e+14	2.934441e-01	-2.333771e+00
1.939873e+14	1.698864e-01	-2.865356e+00
1.939622e+14	9.632148e-02	2.632443e+00
1.939370e+14	7.931863e-02	1.813137e+00
1.939119e+14	7.942230e-02	1.540860e+00
1.938868e+14	9.828716e-02	1.790965e+00
1.938617e+14	1.744773e-01	1.956094e+00
1.938366e+14	2.992972e-01	1.849992e+00
1.938115e+14	4.443550e-01	1.628542e+00
1.937864e+14	5.820499e-01	1.375545e+00
1.937613e+14	6.945743e-01	1.129511e+00
1.937362e+14	7.777298e-01	9.064270e-01
1.937112e+14	8.359088e-01	7.096725e-01
1.936861e+14	8.757680e-01	5.368139e-01
1.936611e+14	9.030499e-01	3.836500e-01
1.936360e+14	9.218790e-01	2.460242e-01
1.936110e+14	9.350069e-01	1.204038e-01
1.935859e+14	9.442183e-01	3.943450e-03
1.935609e+14	9.506621e-01	-1.056198e-01
1.935359e+14	9.550747e-01	-2.101026e-01
1.935109e+14	9.579226e-01	-3.109980e-01
1.934858e+14	9.594882e-01	-4.095773e-01
1.934608e+14	9.599196e-01	-5.069730e-01
1.934358e+14	9.592559e-01	-6.042511e-01
1.934109e+14	9.574327e-01	-7.024776e-01
1.933859e+14	9.542695e-01	-8.027898e-01
1.933609e+14	9.494353e-01	-9.064788e-01
1.933359e+14	9.423815e-01	-1.015097e+00
1.933110e+14	9.322212e-01	-1.130610e+00
1.932860e+14	9.175165e-01	-1.255608e+00
1.932610e+14	8.959020e-01	-1.393627e+00
1.932361e+14	8.634270e-01	-1.549587e+00
1.932112e+14	8.134723e-01	-1.730319e+00
1.931862e+14	7.352998e-01	-1.944847e+00
1.931613e+14	6.135196e-01	-2.203209e+00
1.931364e+14	4.333464e-01	-2.511096e+00
1.931115e+14	1.982468e-01	-2.859303e+00
1.930865e+14	5.389015e-02	-6.408970e-02
1.930616e+14	2.730502e-01	-3.992578e-01
1.930368e+14	4.358397e-01	-6.859302e-01
1.930119e+14	5.468044e-01	-9.313146e-01
1.929870e+14	6.195021e-01	-1.145417e+00
1.929621e+14	6.657941e-01	-1.338223e+00
1.929372e+14	6.937366e-01	-1.517699e+00
1.929124e+14	7.083016e-01	-1.689823e+00
1.928875e+14	7.123835e-01	-1.859097e+00
1.928627e+14	7.075335e-01	-2.029003e+00
1.928378e+14	6.944330e-01	-2.202319e+00
1.928130e+14	6.732102e-01	-2.381293e+00
1.927882e+14	6.436904e-01	-2.567705e+00
1.927633e+14	6.056453e-01	-2.762830e+00
1.927385e+14	5.590775e-01	-2.967348e+00
1.927137e+14	5.045313e-01	3.101954e+00
1.926889e+14	4.433600e-01	2.879492e+00
1.926641e+14	3.778303e-01	2.649907e+00
1.926393e+14	3.109565e-01	2.415044e+00
1.926145e+14	2.460650e-01	2.176691e+00
1.925897e+14	1.862365e-01	1.936051e+00
1.925650e+14	1.338383e-01	1.693172e+00
1.925402e+14	9.028934e-02	1.446191e+00
1.925154e+14	5.606587e-02	1.189622e+00
1.924907e+14	3.086197e-02	9.085949e-01
1.924659e+14	1.382850e-02	5.509631e-01
1.924412e+14	4.129658e-03	-2.234351e-01
1.924165e+14	3.382010e-03	-2.049245e+00
1.923917e+14	4.669676e-03	-2.701892e+00
1.923670e+14	4.745378e-03	-3.132052e+00
1.923423e+14	5.031971e-03	2.744351e+00
1.923176e+14	6.978346e-03	2.444672e+00
1.922929e+14	1.177972e-02	2.261327e+00
1.922682e+14	2.053883e-02	2.104060e+00
1.922435e+14	3.408822e-02	1.934730e+00
1.922188e+14	5.287311e-02	1.750981e+00
1.921941e+14	7.693443e-02	1.556984e+00
1.921694e+14	1.059043e-01	1.356366e+00
1.921448e+14	1.390183e-01	1.151664e+00
1.921201e+14	1.751606e-01	9.447207e-01
1.920955e+14	2.129505e-01	7.369791e-01
1.920708e+14	2.508653e-01	5.296314e-01
1.920462e+14	2.873792e-01	3.236457e-01
1.920215e+14	3.210893e-01	1.197427e-01
1.919969e+14	3.508028e-01	-8.163972e-02
1.919723e+14	3.755737e-01	-2.803673e-01
1.919477e+14	3.946892e-01	-4.766045e-01
1.919231e+14	4.076244e-01	-6.707863e-01
1.918985e+14	4.139811e-01	-8.635719e-01
1.918739e+14	4.134303e-01	-1.055790e+00
1.918493e+14	4.056706e-01	-1.248375e+00
1.918247e+14	3.904131e-01	-1.442305e+00
1.918001e+14	3.673989e-01	-1.638524e+00
1.917756e+14	3.364554e-01	-1.837861e+00
1.917510e+14	2.975917e-01	-2.040939e+00
1.917264e+14	2.511244e-01	-2.248089e+00
1.917019e+14	1.978090e-01	-2.459293e+00
1.916773e+14	1.389347e-01	-2.674243e+00
1.916528e+14	7.632845e-02	-2.893011e+00
1.916283e+14	1.223832e-02	-3.136900e+00
1.916037e+14	5.093004e-02	-1.738478e-01
1.915792e+14	1.108474e-01	-3.936673e-01
1.915547e+14	1.655856e-01	-6.079523e-01
1.915302e+14	2.137311e-01	-8.183667e-01
1.915057e+14	2.544191e-01	-1.025085e+00
1.914812e+14	2.872621e-01	-1.228399e+00
1.914567e+14	3.122287e-01	-1.428835e+00
1.914322e+14	3.295214e-01	-1.627093e+00
1.914077e+14	3.394786e-01	-1.823973e+00
1.913833e+14	3.425116e-01	-2.020297e+00
1.913588e+14	3.390759e-01	-2.216842e+00
1.913344e+14	3.296701e-01	-2.414293e+00
1.913099e+14	3.148524e-01	-2.613201e+00
1.912855e+14	2.952657e-01	-2.813964e+00
1.912610e+14	2.716603e-01	-3.016809e+00
1.912366e+14	2.449048e-01	3.061376e+00
1.912122e+14	2.159761e-01	2.854271e+00
1.911877e+14	1.859275e-01	2.645187e+00
1.911633e+14	1.558344e-01	2.434237e+00
1.911389e+14	1.267285e-01	2.221422e+00
1.911145e+14	9.953080e-02	2.006484e+00
1.910901e+14	7.499465e-02	1.788663e+00
1.910657e+14	5.366826e-02	1.566236e+00
1.910413e+14	3.587761e-02	1.335352e+00
1.910170e+14	2.173049e-02	1.086408e+00
1.909926e+14	1.114514e-02	7.883094e-01
1.909682e+14	3.989174e-03	2.639216e-01
1.909439e+14	2.050201e-03	-1.630755e+00
1.909195e+14	3.904168e-03	-2.444856e+00
1.908952e+14	4.702776e-03	-2.804843e+00
1.908708e+14	4.745657e-03	-3.111804e+00
1.908465e+14	4.725986e-03	2.867792e+00
1.908222e+14	5.336704e-03	2.585089e+00
1.907979e+14	7.188892e-03	2.356475e+00
1.907735e+14	1.081493e-02	2.170037e+00
1.907492e+14	1.666382e-02	1.995153e+00
1.907249e+14	2.505368e-02	1.816978e+00
1.907006e+14	3.614252e-02	1.632636e+00
1.906763e+14	4.991839e-02	1.442992e+00
1.906521e+14	6.619792e-02	1.249454e+00
1.906278e+14	8.463224e-02	1.053222e+00
1.906035e+14	1.047222e-01	8.552185e-01
1.905792e+14	1.258436e-01	6.561588e-01
1.905550e+14	1.472816e-01	4.566075e-01
1.905307e+14	1.682710e-01	2.570125e-01
1.905065e+14	1.880385e-01	5.771564e-02
1.904822e+14	2.058413e-01	-1.410480e-01
1.904580e+14	2.209976e-01	-3.391549e-01
1.904338e+14	2.329080e-01	-5.365945e-01
1.904096e+14	2.410654e-01	-7.334646e-01
1.903853e+14	2.450592e-01	-9.299591e-01
1.903611e+14	2.445741e-01	-1.126348e+00
1.903369e+14	2.393901e-01	-1.322953e+00
1.903127e+14	2.293857e-01	-1.520112e+00
1.902885e+14	2.145472e-01	-1.718153e+00
1.902644e+14	1.949843e-01	-1.917355e+00
1.902402e+14	1.709497e-01	-2.117928e+00
1.902160e+14	1.428587e-01	-2.319998e+00
1.901918e+14	1.113010e-01	-2.523648e+00
1.901677e+14	7.703920e-02	-2.729106e+00
1.901435e+14	4.098691e-02	-2.938010e+00
1.901194e+14	4.177327e-03	3.062407e+00
1.900952e+14	3.236800e-02	-1.867682e-01
1.900711e+14	6.755586e-02	-3.972169e-01
1.900470e+14	1.004518e-01	-6.027944e-01
1.900228e+14	1.302414e-01	-8.063776e-01
1.899987e+14	1.562815e-01	-1.008407e+00
1.899746e+14	1.781083e-01	-1.209066e+00
1.899505e+14	1.954300e-01	-1.408547e+00
1.899264e+14	2.081083e-01	-1.607101e+00
1.899023e+14	2.161372e-01	-1.805027e+00
1.898782e+14	2.196234e-01	-2.002651e+00
1.898542e+14	2.187705e-01	-2.200301e+00
1.898301e+14	2.138699e-01	-2.398281e+00
1.898060e+14	2.052941e-01	-2.596854e+00
1.897819e+14	1.934926e-01	-2.796227e+00
1.897579e+14	1.789867e-01	-2.996548e+00
1.897338e+14	1.623592e-01	3.085270e+00
1.897098e+14	1.442396e-01	2.882797e+00
1.896858e+14	1.252821e-01	2.679160e+00
1.896617e+14	1.061391e-01	2.474265e+00
1.896377e+14	8.743131e-02	2.267909e+00
1.896137e+14	6.971867e-02	2.059678e+00
1.895897e+14	5.347513e-02	1.848748e+00
1.895657e+14	3.906925e-02	1.633475e+00
1.895417e+14	2.675267e-02	1.410342e+00
1.895177e+14	1.665752e-02	1.170642e+00
1.894937e+14	8.808164e-03	8.859187e-01
1.894697e+14	3.214244e-03	3.881879e-01
1.894457e+14	1.681629e-03	-1.589438e+00
1.894217e+14	3.549595e-03	-2.370181e+00
1.893978e+14	4.547280e-03	-2.701354e+00
1.893738e+14	4.783429e-03	-2.974508e+00
1.893499e+14	4.674225e-03	3.043590e+00
1.893259e+14	4.666939e-03	2.778214e+00
1.893020e+14	5.190692e-03	2.527503e+00
1.892780e+14	6.627331e-03	2.309494e+00
1.892541e+14	9.306448e-03	2.119079e+00
1.892302e+14	1.349750e-02	1.939203e+00
1.892063e+14	1.938815e-02	1.759219e+00
1.891824e+14	2.706841e-02	1.575778e+00
1.891585e+14	3.652423e-02	1.388706e+00
1.891346e+14	4.763656e-02	1.198693e+00
1.891107e+14	6.018495e-02	1.006496e+00
1.890868e+14	7.385594e-02	8.127523e-01
1.890629e+14	8.825629e-02	6.179642e-01
1.890390e+14	1.029307e-01	4.225262e-01
1.890152e+14	1.173828e-01	2.267458e-01
1.889913e+14	1.310980e-01	3.085787e-02
1.889674e+14	1.435659e-01	-1.649693e-01
1.889436e+14	1.543014e-01	-3.606314e-01
1.889197e+14	1.628614e-01	-5.560869e-01
1.888959e+14	1.688587e-01	-7.513534e-01
1.888721e+14	1.719722e-01	-9.465016e-01
1.888482e+14	1.719531e-01	-1.141645e+00
1.888244e+14	1.686314e-01	-1.336930e+00
1.888006e+14	1.619205e-01	-1.532515e+00
1.887768e+14	1.518226e-01	-1.728560e+00
1.887530e+14	1.384343e-01	-1.925213e+00
1.887292e+14	1.219520e-01	-2.122597e+00
1.887054e+14	1.026754e-01	-2.320822e+00
1.886816e+14	8.100618e-02	-2.520032e+00
1.886578e+14	5.744172e-02	-2.720612e+00
1.886341e+14	3.256069e-02	-2.924365e+00
1.886103e+14	7.005434e-03	3.121645e+00
1.885865e+14	1.857952e-02	-1.534053e-01
1.885628e+14	4.349822e-02	-3.631285e-01
1.885390e+14	6.713293e-02	-5.648583e-01
1.885153e+14	8.891273e-02	-7.646071e-01
1.884916e+14	1.083509e-01	-9.632380e-01
1.884678e+14	1.250579e-01	-1.161013e+00
1.884441e+14	1.387467e-01	-1.358085e+00
1.884204e+14	1.492329e-01	-1.554598e+00
1.883967e+14	1.564301e-01	-1.750714e+00
1.883730e+14	1.603435e-01	-1.946610e+00
1.883493e+14	1.610624e-01	-2.142467e+00
1.883256e+14	1.587540e-01	-2.338465e+00
1.883019e+14	1.536561e-01	-2.534766e+00
1.882782e+14	1.460709e-01	-2.731512e+00
1.882545e+14	1.363570e-01	-2.928821e+00
1.882309e+14	1.249199e-01	-3.126789e+00
1.882072e+14	1.121996e-01	2.957682e+00
1.881835e+14	9.865586e-02	2.758126e+00
1.881599e+14	8.475120e-02	2.557592e+00
1.881362e+14	7.093259e-02	2.355861e+00
1.881126e+14	5.761330e-02	2.152546e+00
1.880890e+14	4.515638e-02	1.946945e+00
1.880653e+14	3.386098e-02	1.737727e+00
1.880417e+14	2.395264e-02	1.522160e+00
1.880181e+14	1.557848e-02	1.293778e+00
1.879945e+14	8.810474e-03	1.033003e+00
1.879709e+14	3.685027e-03	6.422157e-01
1.879473e+14	1.162641e-03	-1.044363e+00
1.879237e+14	2.929406e-03	-2.214028e+00
1.879001e+14	4.216969e-03	-2.561864e+00
1.878765e+14	4.740280e-03	-2.825017e+00
1.878529e+14	4.762644e-03	-3.070644e+00
1.878294e+14	4.595420e-03	2.967753e+00
1.878058e+14	4.557794e-03	2.722194e+00
1.877822e+14	4.953701e-03	2.486800e+00
1.877587e+14	6.054637e-03	2.274173e+00
1.877351e+14	8.093398e-03	2.082840e+00
1.877116e+14	1.125781e-02	1.901668e+00
1.876881e+14	1.567809e-02	1.722015e+00
1.876645e+14	2.141650e-02	1.540330e+00
1.876410e+14	2.846261e-02	1.355903e+00
1.876175e+14	3.673248e-02	1.169034e+00
1.875940e+14	4.607104e-02	9.802457e-01
1.875705e+14	5.625748e-02	7.900301e-01
1.875470e+14	6.701364e-02	5.987919e-01
1.875235e+14	7.801522e-02	4.068509e-01
1.875000e+14	8.890515e-02	2.144567e-01
