("port 1","TE",1,"port 1",1,"modulation")
(1,1)
0.00343
(500,3)
2.000000e+14	6.952956e-02	-5.676036e-01
1.999733e+14	5.719982e-02	-7.941306e-01
1.999466e+14	4.557790e-02	-1.021757e+00
1.999199e+14	3.507484e-02	-1.250739e+00
1.998932e+14	2.600350e-02	-1.481364e+00
1.998665e+14	1.856368e-02	-1.713737e+00
1.998398e+14	1.283424e-02	-1.947028e+00
1.998131e+14	8.772126e-03	-2.177530e+00
1.997865e+14	6.219183e-03	-2.395883e+00
1.997598e+14	4.917793e-03	-2.590432e+00
1.997332e+14	4.529479e-03	-2.763819e+00
1.997065e+14	4.647788e-03	-2.933579e+00
1.996799e+14	4.820302e-03	-3.106433e+00
1.996532e+14	4.585800e-03	3.014194e+00
1.996266e+14	3.524061e-03	2.913363e+00
1.996000e+14	1.558468e-03	-2.969545e+00
1.995734e+14	3.406322e-03	-1.398779e+00
1.995468e+14	9.136806e-03	-1.363182e+00
1.995202e+14	1.698835e-02	-1.511650e+00
1.994936e+14	2.687650e-02	-1.699798e+00
1.994670e+14	3.866459e-02	-1.902689e+00
1.994404e+14	5.209448e-02	-2.112578e+00
1.994139e+14	6.678563e-02	-2.326239e+00
1.993873e+14	8.224873e-02	-2.542052e+00
1.993608e+14	9.790846e-02	-2.759083e+00
1.993342e+14	1.131326e-01	-2.976743e+00
1.993077e+14	1.272644e-01	3.088544e+00
1.992812e+14	1.396561e-01	2.870657e+00
1.992546e+14	1.496979e-01	2.652918e+00
1.992281e+14	1.568439e-01	2.435366e+00
1.992016e+14	1.606312e-01	2.217959e+00
1.991751e+14	1.606951e-01	2.000587e+00
1.991486e+14	1.567809e-01	1.783099e+00
1.991221e+14	1.487549e-01	1.565331e+00
1.990956e+14	1.366160e-01	1.347142e+00
1.990691e+14	1.205071e-01	1.128456e+00
1.990427e+14	1.007255e-01	9.093394e-01
1.990162e+14	7.772835e-02	6.901410e-01
1.989898e+14	5.212888e-02	4.720582e-01
1.989633e+14	2.468038e-02	2.614901e-01
1.989369e+14	3.807788e-03	3.018189e+00
1.989104e+14	3.229340e-02	2.920312e+00
1.988840e+14	5.995972e-02	2.705968e+00
1.988576e+14	8.590085e-02	2.487192e+00
1.988312e+14	1.093370e-01	2.267750e+00
1.988048e+14	1.296216e-01	2.048517e+00
1.987784e+14	1.462606e-01	1.829756e+00
1.987520e+14	1.589194e-01	1.611484e+00
1.987256e+14	1.674191e-01	1.393584e+00
1.986992e+14	1.717282e-01	1.175863e+00
1.986729e+14	1.719521e-01	9.580889e-01
1.986465e+14	1.683230e-01	7.400271e-01
1.986201e+14	1.611913e-01	5.214643e-01
1.985938e+14	1.510150e-01	3.022254e-01
1.985674e+14	1.383464e-01	8.218113e-02
1.985411e+14	1.238140e-01	-1.387568e-01
1.985148e+14	1.080970e-01	-3.606514e-01
1.984885e+14	9.189350e-02	-5.835683e-01
1.984622e+14	7.588420e-02	-8.076127e-01
1.984358e+14	6.069494e-02	-1.032974e+00
1.984095e+14	4.686174e-02	-1.259975e+00
1.983832e+14	3.480175e-02	-1.489092e+00
1.983570e+14	2.479247e-02	-1.720879e+00
1.983307e+14	1.695976e-02	-1.955486e+00
1.983044e+14	1.127488e-02	-2.190941e+00
1.982781e+14	7.560274e-03	-2.418926e+00
1.982519e+14	5.507237e-03	-2.621831e+00
1.982256e+14	4.704891e-03	-2.789216e+00
1.981994e+14	4.658661e-03	-2.939763e+00
1.981732e+14	4.803496e-03	-3.091816e+00
1.981469e+14	4.549354e-03	3.050830e+00
1.981207e+14	3.360983e-03	2.998060e+00
1.980945e+14	1.491672e-03	-2.478264e+00
1.980683e+14	4.921365e-03	-1.297323e+00
1.980421e+14	1.202705e-02	-1.321068e+00
1.980159e+14	2.182496e-02	-1.475407e+00
1.979897e+14	3.430777e-02	-1.663202e+00
1.979635e+14	4.935684e-02	-1.864382e+00
1.979373e+14	6.668814e-02	-2.072180e+00
1.979112e+14	8.585031e-02	-2.283616e+00
1.978850e+14	1.062403e-01	-2.497106e+00
1.978588e+14	1.271323e-01	-2.711676e+00
1.978327e+14	1.477175e-01	-2.926665e+00
1.978066e+14	1.671490e-01	3.141576e+00
1.977804e+14	1.845873e-01	2.926989e+00
1.977543e+14	1.992398e-01	2.712930e+00
1.977282e+14	2.103903e-01	2.499433e+00
1.977021e+14	2.174185e-01	2.286408e+00
1.976760e+14	2.198109e-01	2.073650e+00
1.976499e+14	2.171666e-01	1.860870e+00
1.976238e+14	2.092055e-01	1.647730e+00
1.975977e+14	1.957801e-01	1.433888e+00
1.975716e+14	1.768974e-01	1.219055e+00
1.975455e+14	1.527465e-01	1.003057e+00
1.975195e+14	1.237296e-01	7.859326e-01
1.974934e+14	9.048686e-02	5.681325e-01
1.974674e+14	5.390193e-02	3.514567e-01
1.974413e+14	1.508340e-02	1.545202e-01
1.974153e+14	2.472713e-02	3.019965e+00
1.973892e+14	6.414914e-02	2.811231e+00
1.973632e+14	1.018844e-01	2.593495e+00
1.973372e+14	1.367345e-01	2.375251e+00
1.973112e+14	1.676966e-01	2.157859e+00
1.972852e+14	1.940006e-01	1.941724e+00
1.972592e+14	2.151155e-01	1.726886e+00
1.972332e+14	2.307317e-01	1.513160e+00
1.972072e+14	2.407320e-01	1.300214e+00
1.971812e+14	2.451629e-01	1.087631e+00
1.971553e+14	2.442128e-01	8.749593e-01
1.971293e+14	2.381990e-01	6.617676e-01
1.971034e+14	2.275650e-01	4.476793e-01
1.970774e+14	2.128805e-01	2.324027e-01
1.970515e+14	1.948397e-01	1.574352e-02
1.970255e+14	1.742508e-01	-2.023995e-01
1.969996e+14	1.520117e-01	-4.220588e-01
1.969737e+14	1.290707e-01	-6.432417e-01
1.969478e+14	1.063739e-01	-8.659921e-01
1.969219e+14	8.480703e-02	-1.090471e+00
1.968960e+14	6.513823e-02	-1.317049e+00
1.968701e+14	4.797020e-02	-1.546415e+00
1.968442e+14	3.370626e-02	-1.779631e+00
1.968183e+14	2.253150e-02	-2.017909e+00
1.967924e+14	1.440769e-02	-2.261081e+00
1.967666e+14	9.079860e-03	-2.501890e+00
1.967407e+14	6.098700e-03	-2.715296e+00
1.967148e+14	4.872138e-03	-2.871355e+00
1.966890e+14	4.704769e-03	-2.989261e+00
1.966632e+14	4.789456e-03	-3.104278e+00
1.966373e+14	4.276232e-03	3.095167e+00
1.966115e+14	2.545461e-03	-2.988101e+00
1.965857e+14	3.259519e-03	-1.436375e+00
1.965599e+14	1.035612e-02	-1.210095e+00
1.965341e+14	2.137068e-02	-1.320166e+00
1.965083e+14	3.639181e-02	-1.492042e+00
1.964825e+14	5.550512e-02	-1.685545e+00
1.964567e+14	7.855823e-02	-1.889135e+00
1.964309e+14	1.051234e-01	-2.098151e+00
1.964051e+14	1.344969e-01	-2.310209e+00
1.963794e+14	1.657273e-01	-2.523815e+00
1.963536e+14	1.976745e-01	-2.737881e+00
1.963279e+14	2.290903e-01	-2.951554e+00
1.963021e+14	2.587085e-01	3.119012e+00
1.962764e+14	2.853270e-01	2.907903e+00
1.962507e+14	3.078656e-01	2.698529e+00
1.962249e+14	3.253918e-01	2.490868e+00
1.961992e+14	3.371162e-01	2.284648e+00
1.961735e+14	3.423669e-01	2.079371e+00
1.961478e+14	3.405558e-01	1.874346e+00
1.961221e+14	3.311528e-01	1.668746e+00
1.960964e+14	3.136821e-01	1.461677e+00
1.960707e+14	2.877532e-01	1.252270e+00
1.960450e+14	2.531368e-01	1.039793e+00
1.960194e+14	2.098882e-01	8.237990e-01
1.959937e+14	1.585020e-01	6.043250e-01
1.959681e+14	1.000602e-01	3.823770e-01
1.959424e+14	3.630997e-02	1.645156e-01
1.959168e+14	3.041084e-02	3.048678e+00
1.958911e+14	9.735829e-02	2.832003e+00
1.958655e+14	1.617915e-01	2.607972e+00
1.958399e+14	2.212842e-01	2.385798e+00
1.958143e+14	2.739908e-01	2.167187e+00
1.957886e+14	3.187280e-01	1.952727e+00
1.957630e+14	3.549086e-01	1.742363e+00
1.957374e+14	3.823917e-01	1.535568e+00
1.957119e+14	4.013157e-01	1.331486e+00
1.956863e+14	4.119611e-01	1.129063e+00
1.956607e+14	4.146617e-01	9.271595e-01
1.956351e+14	4.097669e-01	7.246430e-01
1.956096e+14	3.976503e-01	5.204702e-01
1.955840e+14	3.787525e-01	3.137563e-01
1.955585e+14	3.536486e-01	1.038352e-01
1.955329e+14	3.231219e-01	-1.096997e-01
1.955074e+14	2.882222e-01	-3.269825e-01
1.954818e+14	2.502833e-01	-5.479063e-01
1.954563e+14	2.108808e-01	-7.722087e-01
1.954308e+14	1.717255e-01	-9.996181e-01
1.954053e+14	1.345104e-01	-1.230054e+00
1.953798e+14	1.007446e-01	-1.463887e+00
1.953543e+14	7.161137e-02	-1.702265e+00
1.953288e+14	4.787400e-02	-1.947541e+00
1.953033e+14	2.983210e-02	-2.203560e+00
1.952779e+14	1.731580e-02	-2.473910e+00
1.952524e+14	9.697370e-03	-2.748476e+00
1.952269e+14	5.936726e-03	-2.963210e+00
1.952015e+14	4.775479e-03	-3.038765e+00
1.951760e+14	4.796984e-03	-3.054198e+00
1.951506e+14	4.303275e-03	-3.015299e+00
1.951251e+14	2.738164e-03	-2.250724e+00
1.950997e+14	8.410597e-03	-1.175909e+00
1.950743e+14	2.249714e-02	-1.155822e+00
1.950489e+14	4.478979e-02	-1.299841e+00
1.950234e+14	7.632145e-02	-1.489567e+00
1.949980e+14	1.176749e-01	-1.699367e+00
1.949726e+14	1.686489e-01	-1.920338e+00
1.949473e+14	2.280392e-01	-2.148020e+00
1.949219e+14	2.935657e-01	-2.379154e+00
1.948965e+14	3.620574e-01	-2.610672e+00
1.948711e+14	4.299248e-01	-2.839536e+00
1.948458e+14	4.937912e-01	-3.062972e+00
1.948204e+14	5.510349e-01	3.004370e+00
1.947951e+14	6.000393e-01	2.797426e+00
1.947697e+14	6.401176e-01	2.599751e+00
1.947444e+14	6.712265e-01	2.410858e+00
1.947190e+14	6.936147e-01	2.229548e+00
1.946937e+14	7.074983e-01	2.054040e+00
1.946684e+14	7.127804e-01	1.882021e+00
1.946431e+14	7.087749e-01	1.710603e+00
1.946178e+14	6.938615e-01	1.536134e+00
1.945925e+14	6.649674e-01	1.353867e+00
1.945672e+14	6.167584e-01	1.157458e+00
1.945419e+14	5.405342e-01	9.384389e-01
1.945166e+14	4.235164e-01	6.863220e-01
1.944914e+14	2.516187e-01	3.915331e-01
1.944661e+14	2.227888e-02	7.199780e-02
1.944408e+14	2.353804e-01	2.826704e+00
1.944156e+14	4.676275e-01	2.479476e+00
1.943903e+14	6.400461e-01	2.175685e+00
1.943651e+14	7.540897e-01	1.922568e+00
1.943399e+14	8.264477e-01	1.712687e+00
1.943146e+14	8.724467e-01	1.535474e+00
1.942894e+14	9.022930e-01	1.381942e+00
1.942642e+14	9.221435e-01	1.245441e+00
1.942390e+14	9.356351e-01	1.121221e+00
1.942138e+14	9.449339e-01	1.005873e+00
1.941886e+14	9.513522e-01	8.968839e-01
1.941634e+14	9.556958e-01	7.923312e-01
1.941382e+14	9.584590e-01	6.906705e-01
1.941131e+14	9.599336e-01	5.905899e-01
1.940879e+14	9.602686e-01	4.909025e-01
1.940627e+14	9.594996e-01	3.904596e-01
1.940376e+14	9.575563e-01	2.880739e-01
1.940124e+14	9.542514e-01	1.824407e-01
1.939873e+14	9.492488e-01	7.204790e-02
1.939622e+14	9.420027e-01	-4.493467e-02
1.939370e+14	9.316541e-01	-1.707982e-01
1.939119e+14	9.168634e-01	-3.084799e-01
1.938868e+14	8.955485e-01	-4.617911e-01
1.938617e+14	8.645148e-01	-6.356548e-01
1.938366e+14	8.190521e-01	-8.362350e-01
1.938115e+14	7.528839e-01	-1.070663e+00
1.937864e+14	6.595448e-01	-1.345932e+00
1.937613e+14	5.367924e-01	-1.667207e+00
1.937362e+14	3.934244e-01	-2.039151e+00
1.937112e+14	2.518088e-01	-2.481221e+00
1.936861e+14	1.409466e-01	-3.075353e+00
1.936611e+14	8.671866e-02	2.347594e+00
1.936360e+14	7.939390e-02	1.662107e+00
1.936110e+14	8.138328e-02	1.578794e+00
1.935859e+14	1.151379e-01	1.874725e+00
1.935609e+14	2.087158e-01	1.942906e+00
1.935359e+14	3.427063e-01	1.788825e+00
1.935109e+14	4.880856e-01	1.552154e+00
1.934858e+14	6.192986e-01	1.298768e+00
1.934608e+14	7.227715e-01	1.058954e+00
1.934358e+14	7.976624e-01	8.440239e-01
1.934109e+14	8.495861e-01	6.550167e-01
1.933859e+14	8.851009e-01	4.886716e-01
1.933609e+14	9.094603e-01	3.406953e-01
1.933359e+14	9.263282e-01	2.070998e-01
1.933110e+14	9.381206e-01	8.457101e-02
1.932860e+14	9.463996e-01	-2.954278e-02
1.932610e+14	9.521694e-01	-1.373529e-01
1.932361e+14	9.560730e-01	-2.405644e-01
1.932112e+14	9.585140e-01	-3.405919e-01
1.931862e+14	9.597305e-01	-4.386551e-01
1.931613e+14	9.598363e-01	-5.358580e-01
1.931364e+14	9.588397e-01	-6.332579e-01
1.931115e+14	9.566443e-01	-7.319329e-01
1.930865e+14	9.530300e-01	-8.330544e-01
1.930616e+14	9.476105e-01	-9.379767e-01
1.930368e+14	9.397539e-01	-1.048354e+00
1.930119e+14	9.284394e-01	-1.166307e+00
1.929870e+14	9.120068e-01	-1.294663e+00
1.929621e+14	8.877123e-01	-1.437310e+00
1.929372e+14	8.509605e-01	-1.599668e+00
1.929124e+14	7.940867e-01	-1.789201e+00
1.928875e+14	7.049388e-01	-2.015464e+00
1.928627e+14	5.673139e-01	-2.288036e+00
1.928378e+14	3.694038e-01	-2.609425e+00
1.928130e+14	1.241507e-01	-2.964925e+00
1.927882e+14	1.227620e-01	-1.678348e-01
1.927633e+14	3.262897e-01	-4.871393e-01
1.927385e+14	4.727750e-01	-7.608766e-01
1.927137e+14	5.711875e-01	-9.959894e-01
1.926889e+14	6.351680e-01	-1.202891e+00
1.926641e+14	6.754714e-01	-1.391042e+00
1.926393e+14	6.991440e-01	-1.567782e+00
1.926145e+14	7.104592e-01	-1.738603e+00
1.925897e+14	7.118595e-01	-1.907664e+00
1.925650e+14	7.046044e-01	-2.078216e+00
1.925402e+14	6.891880e-01	-2.252870e+00
1.925154e+14	6.656271e-01	-2.433735e+00
1.924907e+14	6.337051e-01	-2.622451e+00
1.924659e+14	5.932293e-01	-2.820133e+00
1.924412e+14	5.443249e-01	-3.027269e+00
1.924165e+14	4.877431e-01	3.039568e+00
1.923917e+14	4.250942e-01	2.815000e+00
1.923670e+14	3.588838e-01	2.583812e+00
1.923423e+14	2.922638e-01	2.347879e+00
1.923176e+14	2.285432e-01	2.108875e+00
1.922929e+14	1.706362e-01	1.867732e+00
1.922682e+14	1.206521e-01	1.624047e+00
1.922435e+14	7.973368e-02	1.375180e+00
1.922188e+14	4.811654e-02	1.113919e+00
1.921941e+14	2.531590e-02	8.198765e-01
1.921694e+14	1.039282e-02	4.116736e-01
1.921448e+14	2.954883e-03	-7.361137e-01
1.921201e+14	3.900797e-03	-2.293718e+00
1.920955e+14	4.762968e-03	-2.825541e+00
1.920708e+14	4.735808e-03	3.034472e+00
1.920462e+14	5.353090e-03	2.645419e+00
1.920215e+14	7.974572e-03	2.385411e+00
1.919969e+14	1.376567e-02	2.217248e+00
1.919723e+14	2.377607e-02	2.058365e+00
1.919477e+14	3.873510e-02	1.884984e+00
1.919231e+14	5.897694e-02	1.698179e+00
1.918985e+14	8.443015e-02	1.502216e+00
1.918739e+14	1.146161e-01	1.300405e+00
1.918493e+14	1.486689e-01	1.095057e+00
1.918247e+14	1.853911e-01	8.878833e-01
1.918001e+14	2.233520e-01	6.802538e-01
1.917756e+14	2.610162e-01	4.732994e-01
1.917510e+14	2.968820e-01	2.679245e-01
1.917264e+14	3.295990e-01	6.477595e-02
1.917019e+14	3.580417e-01	-1.357897e-01
1.916773e+14	3.813312e-01	-3.337203e-01
1.916528e+14	3.988124e-01	-5.292566e-01
1.916283e+14	4.100013e-01	-7.228986e-01
1.916037e+14	4.145240e-01	-9.153557e-01
1.915792e+14	4.120625e-01	-1.107490e+00
1.915547e+14	4.023196e-01	-1.300254e+00
1.915302e+14	3.850114e-01	-1.494622e+00
1.915057e+14	3.598954e-01	-1.691514e+00
1.914812e+14	3.268369e-01	-1.891712e+00
1.914567e+14	2.859139e-01	-2.095770e+00
1.914322e+14	2.375475e-01	-2.303927e+00
1.914077e+14	1.826279e-01	-2.516073e+00
1.913833e+14	1.225896e-01	-2.731881e+00
1.913588e+14	5.938542e-02	-2.952060e+00
1.913344e+14	4.687676e-03	6.054917e-02
1.913099e+14	6.716225e-02	-2.327990e-01
1.912855e+14	1.258552e-01	-4.505282e-01
1.912610e+14	1.789470e-01	-6.636745e-01
1.912366e+14	2.251726e-01	-8.730122e-01
1.912122e+14	2.638038e-01	-1.078711e+00
1.911877e+14	2.945593e-01	-1.281126e+00
1.911633e+14	3.174803e-01	-1.480834e+00
1.911389e+14	3.328126e-01	-1.678569e+00
1.911145e+14	3.409178e-01	-1.875144e+00
1.910901e+14	3.422196e-01	-2.071371e+00
1.910657e+14	3.371835e-01	-2.268010e+00
1.910413e+14	3.263207e-01	-2.465711e+00
1.910170e+14	3.102081e-01	-2.664988e+00
1.909926e+14	2.895139e-01	-2.866193e+00
1.909682e+14	2.650174e-01	-3.069514e+00
1.909439e+14	2.376160e-01	3.008198e+00
1.909195e+14	2.083091e-01	2.800648e+00
1.908952e+14	1.781600e-01	2.591151e+00
1.908708e+14	1.482382e-01	2.379802e+00
1.908465e+14	1.195518e-01	2.166550e+00
1.908222e+14	9.298232e-02	1.951032e+00
1.907979e+14	6.923272e-02	1.732301e+00
1.907735e+14	4.879453e-02	1.508240e+00
1.907492e+14	3.193664e-02	1.274051e+00
1.907249e+14	1.871453e-02	1.017166e+00
1.907006e+14	9.009797e-03	6.925191e-01
1.906763e+14	2.793566e-03	-2.239439e-02
1.906521e+14	2.558838e-03	-1.961199e+00
1.906278e+14	4.211410e-03	-2.547124e+00
1.906035e+14	4.759073e-03	-2.882988e+00
1.905792e+14	4.718533e-03	3.095175e+00
1.905550e+14	4.794441e-03	2.793027e+00
1.905307e+14	5.662442e-03	2.521833e+00
1.905065e+14	7.910347e-03	2.306690e+00
1.904822e+14	1.205206e-02	2.125724e+00
1.904580e+14	1.850779e-02	1.950939e+00
1.904338e+14	2.755715e-02	1.771429e+00
1.904096e+14	3.931626e-02	1.585794e+00
1.903853e+14	5.373053e-02	1.395192e+00
1.903611e+14	7.057496e-02	1.201010e+00
1.903369e+14	8.946217e-02	1.004378e+00
1.903127e+14	1.098600e-01	8.061613e-01
1.902885e+14	1.311193e-01	6.070355e-01
1.902644e+14	1.525098e-01	4.075349e-01
1.902402e+14	1.732614e-01	2.080814e-01
1.902160e+14	1.926060e-01	8.991157e-03
1.901918e+14	2.098141e-01	-1.895275e-01
1.901677e+14	2.242235e-01	-3.873783e-01
1.901435e+14	2.352573e-01	-5.845778e-01
1.901194e+14	2.424325e-01	-7.812482e-01
1.900952e+14	2.453622e-01	-9.776038e-01
1.900711e+14	2.437548e-01	-1.173929e+00
1.900470e+14	2.374137e-01	-1.370552e+00
1.900228e+14	2.262426e-01	-1.567811e+00
1.899987e+14	2.102559e-01	-1.766024e+00
1.899746e+14	1.895958e-01	-1.965456e+00
1.899505e+14	1.645522e-01	-2.166296e+00
1.899264e+14	1.355810e-01	-2.368655e+00
1.899023e+14	1.033134e-01	-2.572620e+00
1.898782e+14	6.855001e-02	-2.778546e+00
1.898542e+14	3.223386e-02	-2.989331e+00
1.898301e+14	4.617026e-03	3.692748e-02
1.898060e+14	4.089055e-02	-2.377042e-01
1.897819e+14	7.560146e-02	-4.461689e-01
1.897579e+14	1.078150e-01	-6.511115e-01
1.897338e+14	1.367565e-01	-8.542256e-01
1.897098e+14	1.618260e-01	-1.055835e+00
1.896858e+14	1.826020e-01	-1.256116e+00
1.896617e+14	1.988310e-01	-1.455274e+00
1.896377e+14	2.104080e-01	-1.653573e+00
1.896137e+14	2.173551e-01	-1.851319e+00
1.895897e+14	2.198026e-01	-2.048841e+00
1.895657e+14	2.179753e-01	-2.246465e+00
1.895417e+14	2.121834e-01	-2.444484e+00
1.895177e+14	2.028174e-01	-2.643150e+00
1.894937e+14	1.903435e-01	-2.842655e+00
1.894697e+14	1.752975e-01	-3.043137e+00
1.894457e+14	1.582742e-01	3.038505e+00
1.894217e+14	1.399099e-01	2.835841e+00
1.893978e+14	1.208604e-01	2.631995e+00
1.893738e+14	1.017724e-01	2.426853e+00
1.893499e+14	8.325436e-02	2.220175e+00
1.893259e+14	6.584795e-02	2.011472e+00
1.893020e+14	5.000377e-02	1.799778e+00
1.892780e+14	3.606389e-02	1.583147e+00
1.892541e+14	2.425224e-02	1.357309e+00
1.892302e+14	1.467440e-02	1.111173e+00
1.892063e+14	7.335945e-03	8.049275e-01
1.891824e+14	2.318630e-03	1.446731e-01
1.891585e+14	2.129212e-03	-1.887991e+00
1.891346e+14	3.860538e-03	-2.455646e+00
1.891107e+14	4.653789e-03	-2.764498e+00
1.890868e+14	4.773222e-03	-3.033845e+00
1.890629e+14	4.647893e-03	2.983847e+00
1.890390e+14	4.723923e-03	2.719667e+00
1.890152e+14	5.420915e-03	2.475239e+00
1.889913e+14	7.108296e-03	2.264719e+00
1.889674e+14	1.010317e-02	2.078172e+00
1.889436e+14	1.465834e-02	1.899014e+00
1.889197e+14	2.094051e-02	1.718525e+00
1.888959e+14	2.901679e-02	1.534373e+00
1.888721e+14	3.884979e-02	1.346702e+00
1.888482e+14	5.029768e-02	1.156256e+00
1.888244e+14	6.311881e-02	9.637730e-01
1.888006e+14	7.698121e-02	7.698596e-01
1.887768e+14	9.147679e-02	5.749937e-01
1.887530e+14	1.061399e-01	3.795494e-01
1.887292e+14	1.204687e-01	1.838177e-01
1.887054e+14	1.339484e-01	-1.198098e-02
1.886816e+14	1.460731e-01	-2.076924e-01
1.886578e+14	1.563659e-01	-4.032259e-01
1.886341e+14	1.643955e-01	-5.985531e-01
1.886103e+14	1.697889e-01	-7.937034e-01
1.885865e+14	1.722404e-01	-9.887577e-01
1.885628e+14	1.715184e-01	-1.183838e+00
1.885390e+14	1.674704e-01	-1.379092e+00
1.885153e+14	1.600287e-01	-1.574683e+00
1.884916e+14	1.492154e-01	-1.770768e+00
1.884678e+14	1.351479e-01	-1.967489e+00
1.884441e+14	1.180446e-01	-2.164966e+00
1.884204e+14	9.822664e-02	-2.363309e+00
1.883967e+14	7.611664e-02	-2.562688e+00
1.883730e+14	5.223015e-02	-2.763615e+00
1.883493e+14	2.715995e-02	-2.968852e+00
1.883256e+14	1.584176e-03	2.912414e+00
1.883019e+14	2.393459e-02	-1.995897e-01
1.882782e+14	4.862284e-02	-4.059780e-01
1.882545e+14	7.190130e-02	-6.070654e-01
1.882309e+14	9.321618e-02	-8.064689e-01
1.882072e+14	1.121010e-01	-1.004830e+00
1.881835e+14	1.281878e-01	-1.202370e+00
1.881599e+14	1.412119e-01	-1.399237e+00
1.881362e+14	1.510100e-01	-1.595578e+00
1.881126e+14	1.575155e-01	-1.791558e+00
1.880890e+14	1.607517e-01	-1.987356e+00
1.880653e+14	1.608246e-01	-2.183155e+00
1.880417e+14	1.579163e-01	-2.379130e+00
1.880181e+14	1.522784e-01	-2.575439e+00
1.879945e+14	1.442250e-01	-2.772220e+00
1.879709e+14	1.341249e-01	-2.969586e+00
1.879473e+14	1.223912e-01	3.115555e+00
1.879237e+14	1.094688e-01	2.916744e+00
1.879001e+14	9.581894e-02	2.717066e+00
1.878765e+14	8.190193e-02	2.516372e+00
1.878529e+14	6.815872e-02	2.314415e+00
1.878294e+14	5.499312e-02	2.110756e+00
1.878058e+14	4.275572e-02	1.904599e+00
1.877822e+14	3.173099e-02	1.694408e+00
1.877587e+14	2.212852e-02	1.476964e+00
1.877351e+14	1.407938e-02	1.244347e+00
1.877116e+14	7.642452e-03	9.708025e-01
1.876881e+14	2.870999e-03	5.047702e-01
1.876645e+14	1.417672e-03	-1.505437e+00
1.876410e+14	3.258195e-03	-2.298730e+00
1.876175e+14	4.376375e-03	-2.616926e+00
1.875940e+14	4.775397e-03	-2.874209e+00
1.875705e+14	4.734261e-03	-3.119009e+00
1.875470e+14	4.567570e-03	2.918839e+00
1.875235e+14	4.592836e-03	2.674010e+00
1.875000e+14	5.108196e-03	2.442371e+00
("port 1","TE",1,"port 2",1,"modulation")
(1,1)
0.00343
(500,3)
2.000000e+14	6.952956e-02	-5.676036e-01
1.999733e+14	5.719982e-02	-7.941306e-01
1.999466e+14	4.557790e-02	-1.021757e+00
1.999199e+14	3.507484e-02	-1.250739e+00
1.998932e+14	2.600350e-02	-1.481364e+00
1.998665e+14	1.856368e-02	-1.713737e+00
1.998398e+14	1.283424e-02	-1.947028e+00
1.998131e+14	8.772126e-03	-2.177530e+00
1.997865e+14	6.219183e-03	-2.395883e+00
1.997598e+14	4.917793e-03	-2.590432e+00
1.997332e+14	4.529479e-03	-2.763819e+00
1.997065e+14	4.647788e-03	-2.933579e+00
1.996799e+14	4.820302e-03	-3.106433e+00
1.996532e+14	4.585800e-03	3.014194e+00
1.996266e+14	3.524061e-03	2.913363e+00
1.996000e+14	1.558468e-03	-2.969545e+00
1.995734e+14	3.406322e-03	-1.398779e+00
1.995468e+14	9.136806e-03	-1.363182e+00
1.995202e+14	1.698835e-02	-1.511650e+00
1.994936e+14	2.687650e-02	-1.699798e+00
1.994670e+14	3.866459e-02	-1.902689e+00
1.994404e+14	5.209448e-02	-2.112578e+00
1.994139e+14	6.678563e-02	-2.326239e+00
1.993873e+14	8.224873e-02	-2.542052e+00
1.993608e+14	9.790846e-02	-2.759083e+00
1.993342e+14	1.131326e-01	-2.976743e+00
1.993077e+14	1.272644e-01	3.088544e+00
1.992812e+14	1.396561e-01	2.870657e+00
1.992546e+14	1.496979e-01	2.652918e+00
1.992281e+14	1.568439e-01	2.435366e+00
1.992016e+14	1.606312e-01	2.217959e+00
1.991751e+14	1.606951e-01	2.000587e+00
1.991486e+14	1.567809e-01	1.783099e+00
1.991221e+14	1.487549e-01	1.565331e+00
1.990956e+14	1.366160e-01	1.347142e+00
1.990691e+14	1.205071e-01	1.128456e+00
1.990427e+14	1.007255e-01	9.093394e-01
1.990162e+14	7.772835e-02	6.901410e-01
1.989898e+14	5.212888e-02	4.720582e-01
1.989633e+14	2.468038e-02	2.614901e-01
1.989369e+14	3.807788e-03	3.018189e+00
1.989104e+14	3.229340e-02	2.920312e+00
1.988840e+14	5.995972e-02	2.705968e+00
1.988576e+14	8.590085e-02	2.487192e+00
1.988312e+14	1.093370e-01	2.267750e+00
1.988048e+14	1.296216e-01	2.048517e+00
1.987784e+14	1.462606e-01	1.829756e+00
1.987520e+14	1.589194e-01	1.611484e+00
1.987256e+14	1.674191e-01	1.393584e+00
1.986992e+14	1.717282e-01	1.175863e+00
1.986729e+14	1.719521e-01	9.580889e-01
1.986465e+14	1.683230e-01	7.400271e-01
1.986201e+14	1.611913e-01	5.214643e-01
1.985938e+14	1.510150e-01	3.022254e-01
1.985674e+14	1.383464e-01	8.218113e-02
1.985411e+14	1.238140e-01	-1.387568e-01
1.985148e+14	1.080970e-01	-3.606514e-01
1.984885e+14	9.189350e-02	-5.835683e-01
1.984622e+14	7.588420e-02	-8.076127e-01
1.984358e+14	6.069494e-02	-1.032974e+00
1.984095e+14	4.686174e-02	-1.259975e+00
1.983832e+14	3.480175e-02	-1.489092e+00
1.983570e+14	2.479247e-02	-1.720879e+00
1.983307e+14	1.695976e-02	-1.955486e+00
1.983044e+14	1.127488e-02	-2.190941e+00
1.982781e+14	7.560274e-03	-2.418926e+00
1.982519e+14	5.507237e-03	-2.621831e+00
1.982256e+14	4.704891e-03	-2.789216e+00
1.981994e+14	4.658661e-03	-2.939763e+00
1.981732e+14	4.803496e-03	-3.091816e+00
1.981469e+14	4.549354e-03	3.050830e+00
1.981207e+14	3.360983e-03	2.998060e+00
1.980945e+14	1.491672e-03	-2.478264e+00
1.980683e+14	4.921365e-03	-1.297323e+00
1.980421e+14	1.202705e-02	-1.321068e+00
1.980159e+14	2.182496e-02	-1.475407e+00
1.979897e+14	3.430777e-02	-1.663202e+00
1.979635e+14	4.935684e-02	-1.864382e+00
1.979373e+14	6.668814e-02	-2.072180e+00
1.979112e+14	8.585031e-02	-2.283616e+00
1.978850e+14	1.062403e-01	-2.497106e+00
1.978588e+14	1.271323e-01	-2.711676e+00
1.978327e+14	1.477175e-01	-2.926665e+00
1.978066e+14	1.671490e-01	3.141576e+00
1.977804e+14	1.845873e-01	2.926989e+00
1.977543e+14	1.992398e-01	2.712930e+00
1.977282e+14	2.103903e-01	2.499433e+00
1.977021e+14	2.174185e-01	2.286408e+00
1.976760e+14	2.198109e-01	2.073650e+00
1.976499e+14	2.171666e-01	1.860870e+00
1.976238e+14	2.092055e-01	1.647730e+00
1.975977e+14	1.957801e-01	1.433888e+00
1.975716e+14	1.768974e-01	1.219055e+00
1.975455e+14	1.527465e-01	1.003057e+00
1.975195e+14	1.237296e-01	7.859326e-01
1.974934e+14	9.048686e-02	5.681325e-01
1.974674e+14	5.390193e-02	3.514567e-01
1.974413e+14	1.508340e-02	1.545202e-01
1.974153e+14	2.472713e-02	3.019965e+00
1.973892e+14	6.414914e-02	2.811231e+00
1.973632e+14	1.018844e-01	2.593495e+00
1.973372e+14	1.367345e-01	2.375251e+00
1.973112e+14	1.676966e-01	2.157859e+00
1.972852e+14	1.940006e-01	1.941724e+00
1.972592e+14	2.151155e-01	1.726886e+00
1.972332e+14	2.307317e-01	1.513160e+00
1.972072e+14	2.407320e-01	1.300214e+00
1.971812e+14	2.451629e-01	1.087631e+00
1.971553e+14	2.442128e-01	8.749593e-01
1.971293e+14	2.381990e-01	6.617676e-01
1.971034e+14	2.275650e-01	4.476793e-01
1.970774e+14	2.128805e-01	2.324027e-01
1.970515e+14	1.948397e-01	1.574352e-02
1.970255e+14	1.742508e-01	-2.023995e-01
1.969996e+14	1.520117e-01	-4.220588e-01
1.969737e+14	1.290707e-01	-6.432417e-01
1.969478e+14	1.063739e-01	-8.659921e-01
1.969219e+14	8.480703e-02	-1.090471e+00
1.968960e+14	6.513823e-02	-1.317049e+00
1.968701e+14	4.797020e-02	-1.546415e+00
1.968442e+14	3.370626e-02	-1.779631e+00
1.968183e+14	2.253150e-02	-2.017909e+00
1.967924e+14	1.440769e-02	-2.261081e+00
1.967666e+14	9.079860e-03	-2.501890e+00
1.967407e+14	6.098700e-03	-2.715296e+00
1.967148e+14	4.872138e-03	-2.871355e+00
1.966890e+14	4.704769e-03	-2.989261e+00
1.966632e+14	4.789456e-03	-3.104278e+00
1.966373e+14	4.276232e-03	3.095167e+00
1.966115e+14	2.545461e-03	-2.988101e+00
1.965857e+14	3.259519e-03	-1.436375e+00
1.965599e+14	1.035612e-02	-1.210095e+00
1.965341e+14	2.137068e-02	-1.320166e+00
1.965083e+14	3.639181e-02	-1.492042e+00
1.964825e+14	5.550512e-02	-1.685545e+00
1.964567e+14	7.855823e-02	-1.889135e+00
1.964309e+14	1.051234e-01	-2.098151e+00
1.964051e+14	1.344969e-01	-2.310209e+00
1.963794e+14	1.657273e-01	-2.523815e+00
1.963536e+14	1.976745e-01	-2.737881e+00
1.963279e+14	2.290903e-01	-2.951554e+00
1.963021e+14	2.587085e-01	3.119012e+00
1.962764e+14	2.853270e-01	2.907903e+00
1.962507e+14	3.078656e-01	2.698529e+00
1.962249e+14	3.253918e-01	2.490868e+00
1.961992e+14	3.371162e-01	2.284648e+00
1.961735e+14	3.423669e-01	2.079371e+00
1.961478e+14	3.405558e-01	1.874346e+00
1.961221e+14	3.311528e-01	1.668746e+00
1.960964e+14	3.136821e-01	1.461677e+00
1.960707e+14	2.877532e-01	1.252270e+00
1.960450e+14	2.531368e-01	1.039793e+00
1.960194e+14	2.098882e-01	8.237990e-01
1.959937e+14	1.585020e-01	6.043250e-01
1.959681e+14	1.000602e-01	3.823770e-01
1.959424e+14	3.630997e-02	1.645156e-01
1.959168e+14	3.041084e-02	3.048678e+00
1.958911e+14	9.735829e-02	2.832003e+00
1.958655e+14	1.617915e-01	2.607972e+00
1.958399e+14	2.212842e-01	2.385798e+00
1.958143e+14	2.739908e-01	2.167187e+00
1.957886e+14	3.187280e-01	1.952727e+00
1.957630e+14	3.549086e-01	1.742363e+00
1.957374e+14	3.823917e-01	1.535568e+00
1.957119e+14	4.013157e-01	1.331486e+00
1.956863e+14	4.119611e-01	1.129063e+00
1.956607e+14	4.146617e-01	9.271595e-01
1.956351e+14	4.097669e-01	7.246430e-01
1.956096e+14	3.976503e-01	5.204702e-01
1.955840e+14	3.787525e-01	3.137563e-01
1.955585e+14	3.536486e-01	1.038352e-01
1.955329e+14	3.231219e-01	-1.096997e-01
1.955074e+14	2.882222e-01	-3.269825e-01
1.954818e+14	2.502833e-01	-5.479063e-01
1.954563e+14	2.108808e-01	-7.722087e-01
1.954308e+14	1.717255e-01	-9.996181e-01
1.954053e+14	1.345104e-01	-1.230054e+00
1.953798e+14	1.007446e-01	-1.463887e+00
1.953543e+14	7.161137e-02	-1.702265e+00
1.953288e+14	4.787400e-02	-1.947541e+00
1.953033e+14	2.983210e-02	-2.203560e+00
1.952779e+14	1.731580e-02	-2.473910e+00
1.952524e+14	9.697370e-03	-2.748476e+00
1.952269e+14	5.936726e-03	-2.963210e+00
1.952015e+14	4.775479e-03	-3.038765e+00
1.951760e+14	4.796984e-03	-3.054198e+00
1.951506e+14	4.303275e-03	-3.015299e+00
1.951251e+14	2.738164e-03	-2.250724e+00
1.950997e+14	8.410597e-03	-1.175909e+00
1.950743e+14	2.249714e-02	-1.155822e+00
1.950489e+14	4.478979e-02	-1.299841e+00
1.950234e+14	7.632145e-02	-1.489567e+00
1.949980e+14	1.176749e-01	-1.699367e+00
1.949726e+14	1.686489e-01	-1.920338e+00
1.949473e+14	2.280392e-01	-2.148020e+00
1.949219e+14	2.935657e-01	-2.379154e+00
1.948965e+14	3.620574e-01	-2.610672e+00
1.948711e+14	4.299248e-01	-2.839536e+00
1.948458e+14	4.937912e-01	-3.062972e+00
1.948204e+14	5.510349e-01	3.004370e+00
1.947951e+14	6.000393e-01	2.797426e+00
1.947697e+14	6.401176e-01	2.599751e+00
1.947444e+14	6.712265e-01	2.410858e+00
1.947190e+14	6.936147e-01	2.229548e+00
1.946937e+14	7.074983e-01	2.054040e+00
1.946684e+14	7.127804e-01	1.882021e+00
1.946431e+14	7.087749e-01	1.710603e+00
1.946178e+14	6.938615e-01	1.536134e+00
1.945925e+14	6.649674e-01	1.353867e+00
1.945672e+14	6.167584e-01	1.157458e+00
1.945419e+14	5.405342e-01	9.384389e-01
1.945166e+14	4.235164e-01	6.863220e-01
1.944914e+14	2.516187e-01	3.915331e-01
1.944661e+14	2.227888e-02	7.199780e-02
1.944408e+14	2.353804e-01	2.826704e+00
1.944156e+14	4.676275e-01	2.479476e+00
1.943903e+14	6.400461e-01	2.175685e+00
1.943651e+14	7.540897e-01	1.922568e+00
1.943399e+14	8.264477e-01	1.712687e+00
1.943146e+14	8.724467e-01	1.535474e+00
1.942894e+14	9.022930e-01	1.381942e+00
1.942642e+14	9.221435e-01	1.245441e+00
1.942390e+14	9.356351e-01	1.121221e+00
1.942138e+14	9.449339e-01	1.005873e+00
1.941886e+14	9.513522e-01	8.968839e-01
1.941634e+14	9.556958e-01	7.923312e-01
1.941382e+14	9.584590e-01	6.906705e-01
1.941131e+14	9.599336e-01	5.905899e-01
1.940879e+14	9.602686e-01	4.909025e-01
1.940627e+14	9.594996e-01	3.904596e-01
1.940376e+14	9.575563e-01	2.880739e-01
1.940124e+14	9.542514e-01	1.824407e-01
1.939873e+14	9.492488e-01	7.204790e-02
1.939622e+14	9.420027e-01	-4.493467e-02
1.939370e+14	9.316541e-01	-1.707982e-01
1.939119e+14	9.168634e-01	-3.084799e-01
1.938868e+14	8.955485e-01	-4.617911e-01
1.938617e+14	8.645148e-01	-6.356548e-01
1.938366e+14	8.190521e-01	-8.362350e-01
1.938115e+14	7.528839e-01	-1.070663e+00
1.937864e+14	6.595448e-01	-1.345932e+00
1.937613e+14	5.367924e-01	-1.667207e+00
1.937362e+14	3.934244e-01	-2.039151e+00
1.937112e+14	2.518088e-01	-2.481221e+00
1.936861e+14	1.409466e-01	-3.075353e+00
1.936611e+14	8.671866e-02	2.347594e+00
1.936360e+14	7.939390e-02	1.662107e+00
1.936110e+14	8.138328e-02	1.578794e+00
1.935859e+14	1.151379e-01	1.874725e+00
1.935609e+14	2.087158e-01	1.942906e+00
1.935359e+14	3.427063e-01	1.788825e+00
1.935109e+14	4.880856e-01	1.552154e+00
1.934858e+14	6.192986e-01	1.298768e+00
1.934608e+14	7.227715e-01	1.058954e+00
1.934358e+14	7.976624e-01	8.440239e-01
1.934109e+14	8.495861e-01	6.550167e-01
1.933859e+14	8.851009e-01	4.886716e-01
1.933609e+14	9.094603e-01	3.406953e-01
1.933359e+14	9.263282e-01	2.070998e-01
1.933110e+14	9.381206e-01	8.457101e-02
1.932860e+14	9.463996e-01	-2.954278e-02
1.932610e+14	9.521694e-01	-1.373529e-01
1.932361e+14	9.560730e-01	-2.405644e-01
1.932112e+14	9.585140e-01	-3.405919e-01
1.931862e+14	9.597305e-01	-4.386551e-01
1.931613e+14	9.598363e-01	-5.358580e-01
1.931364e+14	9.588397e-01	-6.332579e-01
1.931115e+14	9.566443e-01	-7.319329e-01
1.930865e+14	9.530300e-01	-8.330544e-01
1.930616e+14	9.476105e-01	-9.379767e-01
1.930368e+14	9.397539e-01	-1.048354e+00
1.930119e+14	9.284394e-01	-1.166307e+00
1.929870e+14	9.120068e-01	-1.294663e+00
1.929621e+14	8.877123e-01	-1.437310e+00
1.929372e+14	8.509605e-01	-1.599668e+00
1.929124e+14	7.940867e-01	-1.789201e+00
1.928875e+14	7.049388e-01	-2.015464e+00
1.928627e+14	5.673139e-01	-2.288036e+00
1.928378e+14	3.694038e-01	-2.609425e+00
1.928130e+14	1.241507e-01	-2.964925e+00
1.927882e+14	1.227620e-01	-1.678348e-01
1.927633e+14	3.262897e-01	-4.871393e-01
1.927385e+14	4.727750e-01	-7.608766e-01
1.927137e+14	5.711875e-01	-9.959894e-01
1.926889e+14	6.351680e-01	-1.202891e+00
1.926641e+14	6.754714e-01	-1.391042e+00
1.926393e+14	6.991440e-01	-1.567782e+00
1.926145e+14	7.104592e-01	-1.738603e+00
1.925897e+14	7.118595e-01	-1.907664e+00
1.925650e+14	7.046044e-01	-2.078216e+00
1.925402e+14	6.891880e-01	-2.252870e+00
1.925154e+14	6.656271e-01	-2.433735e+00
1.924907e+14	6.337051e-01	-2.622451e+00
1.924659e+14	5.932293e-01	-2.820133e+00
1.924412e+14	5.443249e-01	-3.027269e+00
1.924165e+14	4.877431e-01	3.039568e+00
1.923917e+14	4.250942e-01	2.815000e+00
1.923670e+14	3.588838e-01	2.583812e+00
1.923423e+14	2.922638e-01	2.347879e+00
1.923176e+14	2.285432e-01	2.108875e+00
1.922929e+14	1.706362e-01	1.867732e+00
1.922682e+14	1.206521e-01	1.624047e+00
1.922435e+14	7.973368e-02	1.375180e+00
1.922188e+14	4.811654e-02	1.113919e+00
1.921941e+14	2.531590e-02	8.198765e-01
1.921694e+14	1.039282e-02	4.116736e-01
1.921448e+14	2.954883e-03	-7.361137e-01
1.921201e+14	3.900797e-03	-2.293718e+00
1.920955e+14	4.762968e-03	-2.825541e+00
1.920708e+14	4.735808e-03	3.034472e+00
1.920462e+14	5.353090e-03	2.645419e+00
1.920215e+14	7.974572e-03	2.385411e+00
1.919969e+14	1.376567e-02	2.217248e+00
1.919723e+14	2.377607e-02	2.058365e+00
1.919477e+14	3.873510e-02	1.884984e+00
1.919231e+14	5.897694e-02	1.698179e+00
1.918985e+14	8.443015e-02	1.502216e+00
1.918739e+14	1.146161e-01	1.300405e+00
1.918493e+14	1.486689e-01	1.095057e+00
1.918247e+14	1.853911e-01	8.878833e-01
1.918001e+14	2.233520e-01	6.802538e-01
1.917756e+14	2.610162e-01	4.732994e-01
1.917510e+14	2.968820e-01	2.679245e-01
1.917264e+14	3.295990e-01	6.477595e-02
1.917019e+14	3.580417e-01	-1.357897e-01
1.916773e+14	3.813312e-01	-3.337203e-01
1.916528e+14	3.988124e-01	-5.292566e-01
1.916283e+14	4.100013e-01	-7.228986e-01
1.916037e+14	4.145240e-01	-9.153557e-01
1.915792e+14	4.120625e-01	-1.107490e+00
1.915547e+14	4.023196e-01	-1.300254e+00
1.915302e+14	3.850114e-01	-1.494622e+00
1.915057e+14	3.598954e-01	-1.691514e+00
1.914812e+14	3.268369e-01	-1.891712e+00
1.914567e+14	2.859139e-01	-2.095770e+00
1.914322e+14	2.375475e-01	-2.303927e+00
1.914077e+14	1.826279e-01	-2.516073e+00
1.913833e+14	1.225896e-01	-2.731881e+00
1.913588e+14	5.938542e-02	-2.952060e+00
1.913344e+14	4.687676e-03	6.054917e-02
1.913099e+14	6.716225e-02	-2.327990e-01
1.912855e+14	1.258552e-01	-4.505282e-01
1.912610e+14	1.789470e-01	-6.636745e-01
1.912366e+14	2.251726e-01	-8.730122e-01
1.912122e+14	2.638038e-01	-1.078711e+00
1.911877e+14	2.945593e-01	-1.281126e+00
1.911633e+14	3.174803e-01	-1.480834e+00
1.911389e+14	3.328126e-01	-1.678569e+00
1.911145e+14	3.409178e-01	-1.875144e+00
1.910901e+14	3.422196e-01	-2.071371e+00
1.910657e+14	3.371835e-01	-2.268010e+00
1.910413e+14	3.263207e-01	-2.465711e+00
1.910170e+14	3.102081e-01	-2.664988e+00
1.909926e+14	2.895139e-01	-2.866193e+00
1.909682e+14	2.650174e-01	-3.069514e+00
1.909439e+14	2.376160e-01	3.008198e+00
1.909195e+14	2.083091e-01	2.800648e+00
1.908952e+14	1.781600e-01	2.591151e+00
1.908708e+14	1.482382e-01	2.379802e+00
1.908465e+14	1.195518e-01	2.166550e+00
1.908222e+14	9.298232e-02	1.951032e+00
1.907979e+14	6.923272e-02	1.732301e+00
1.907735e+14	4.879453e-02	1.508240e+00
1.907492e+14	3.193664e-02	1.274051e+00
1.907249e+14	1.871453e-02	1.017166e+00
1.907006e+14	9.009797e-03	6.925191e-01
1.906763e+14	2.793566e-03	-2.239439e-02
1.906521e+14	2.558838e-03	-1.961199e+00
1.906278e+14	4.211410e-03	-2.547124e+00
1.906035e+14	4.759073e-03	-2.882988e+00
1.905792e+14	4.718533e-03	3.095175e+00
1.905550e+14	4.794441e-03	2.793027e+00
1.905307e+14	5.662442e-03	2.521833e+00
1.905065e+14	7.910347e-03	2.306690e+00
1.904822e+14	1.205206e-02	2.125724e+00
1.904580e+14	1.850779e-02	1.950939e+00
1.904338e+14	2.755715e-02	1.771429e+00
1.904096e+14	3.931626e-02	1.585794e+00
1.903853e+14	5.373053e-02	1.395192e+00
1.903611e+14	7.057496e-02	1.201010e+00
1.903369e+14	8.946217e-02	1.004378e+00
1.903127e+14	1.098600e-01	8.061613e-01
1.902885e+14	1.311193e-01	6.070355e-01
1.902644e+14	1.525098e-01	4.075349e-01
1.902402e+14	1.732614e-01	2.080814e-01
1.902160e+14	1.926060e-01	8.991157e-03
1.901918e+14	2.098141e-01	-1.895275e-01
1.901677e+14	2.242235e-01	-3.873783e-01
1.901435e+14	2.352573e-01	-5.845778e-01
1.901194e+14	2.424325e-01	-7.812482e-01
1.900952e+14	2.453622e-01	-9.776038e-01
1.900711e+14	2.437548e-01	-1.173929e+00
1.900470e+14	2.374137e-01	-1.370552e+00
1.900228e+14	2.262426e-01	-1.567811e+00
1.899987e+14	2.102559e-01	-1.766024e+00
1.899746e+14	1.895958e-01	-1.965456e+00
1.899505e+14	1.645522e-01	-2.166296e+00
1.899264e+14	1.355810e-01	-2.368655e+00
1.899023e+14	1.033134e-01	-2.572620e+00
1.898782e+14	6.855001e-02	-2.778546e+00
1.898542e+14	3.223386e-02	-2.989331e+00
1.898301e+14	4.617026e-03	3.692748e-02
1.898060e+14	4.089055e-02	-2.377042e-01
1.897819e+14	7.560146e-02	-4.461689e-01
1.897579e+14	1.078150e-01	-6.511115e-01
1.897338e+14	1.367565e-01	-8.542256e-01
1.897098e+14	1.618260e-01	-1.055835e+00
1.896858e+14	1.826020e-01	-1.256116e+00
1.896617e+14	1.988310e-01	-1.455274e+00
1.896377e+14	2.104080e-01	-1.653573e+00
1.896137e+14	2.173551e-01	-1.851319e+00
1.895897e+14	2.198026e-01	-2.048841e+00
1.895657e+14	2.179753e-01	-2.246465e+00
1.895417e+14	2.121834e-01	-2.444484e+00
1.895177e+14	2.028174e-01	-2.643150e+00
1.894937e+14	1.903435e-01	-2.842655e+00
1.894697e+14	1.752975e-01	-3.043137e+00
1.894457e+14	1.582742e-01	3.038505e+00
1.894217e+14	1.399099e-01	2.835841e+00
1.893978e+14	1.208604e-01	2.631995e+00
1.893738e+14	1.017724e-01	2.426853e+00
1.893499e+14	8.325436e-02	2.220175e+00
1.893259e+14	6.584795e-02	2.011472e+00
1.893020e+14	5.000377e-02	1.799778e+00
1.892780e+14	3.606389e-02	1.583147e+00
1.892541e+14	2.425224e-02	1.357309e+00
1.892302e+14	1.467440e-02	1.111173e+00
1.892063e+14	7.335945e-03	8.049275e-01
1.891824e+14	2.318630e-03	1.446731e-01
1.891585e+14	2.129212e-03	-1.887991e+00
1.891346e+14	3.860538e-03	-2.455646e+00
1.891107e+14	4.653789e-03	-2.764498e+00
1.890868e+14	4.773222e-03	-3.033845e+00
1.890629e+14	4.647893e-03	2.983847e+00
1.890390e+14	4.723923e-03	2.719667e+00
1.890152e+14	5.420915e-03	2.475239e+00
1.889913e+14	7.108296e-03	2.264719e+00
1.889674e+14	1.010317e-02	2.078172e+00
1.889436e+14	1.465834e-02	1.899014e+00
1.889197e+14	2.094051e-02	1.718525e+00
1.888959e+14	2.901679e-02	1.534373e+00
1.888721e+14	3.884979e-02	1.346702e+00
1.888482e+14	5.029768e-02	1.156256e+00
1.888244e+14	6.311881e-02	9.637730e-01
1.888006e+14	7.698121e-02	7.698596e-01
1.887768e+14	9.147679e-02	5.749937e-01
1.887530e+14	1.061399e-01	3.795494e-01
1.887292e+14	1.204687e-01	1.838177e-01
1.887054e+14	1.339484e-01	-1.198098e-02
1.886816e+14	1.460731e-01	-2.076924e-01
1.886578e+14	1.563659e-01	-4.032259e-01
1.886341e+14	1.643955e-01	-5.985531e-01
1.886103e+14	1.697889e-01	-7.937034e-01
1.885865e+14	1.722404e-01	-9.887577e-01
1.885628e+14	1.715184e-01	-1.183838e+00
1.885390e+14	1.674704e-01	-1.379092e+00
1.885153e+14	1.600287e-01	-1.574683e+00
1.884916e+14	1.492154e-01	-1.770768e+00
1.884678e+14	1.351479e-01	-1.967489e+00
1.884441e+14	1.180446e-01	-2.164966e+00
1.884204e+14	9.822664e-02	-2.363309e+00
1.883967e+14	7.611664e-02	-2.562688e+00
1.883730e+14	5.223015e-02	-2.763615e+00
1.883493e+14	2.715995e-02	-2.968852e+00
1.883256e+14	1.584176e-03	2.912414e+00
1.883019e+14	2.393459e-02	-1.995897e-01
1.882782e+14	4.862284e-02	-4.059780e-01
1.882545e+14	7.190130e-02	-6.070654e-01
1.882309e+14	9.321618e-02	-8.064689e-01
1.882072e+14	1.121010e-01	-1.004830e+00
1.881835e+14	1.281878e-01	-1.202370e+00
1.881599e+14	1.412119e-01	-1.399237e+00
1.881362e+14	1.510100e-01	-1.595578e+00
1.881126e+14	1.575155e-01	-1.791558e+00
1.880890e+14	1.607517e-01	-1.987356e+00
1.880653e+14	1.608246e-01	-2.183155e+00
1.880417e+14	1.579163e-01	-2.379130e+00
1.880181e+14	1.522784e-01	-2.575439e+00
1.879945e+14	1.442250e-01	-2.772220e+00
1.879709e+14	1.341249e-01	-2.969586e+00
1.879473e+14	1.223912e-01	3.115555e+00
1.879237e+14	1.094688e-01	2.916744e+00
1.879001e+14	9.581894e-02	2.717066e+00
1.878765e+14	8.190193e-02	2.516372e+00
1.878529e+14	6.815872e-02	2.314415e+00
1.878294e+14	5.499312e-02	2.110756e+00
1.878058e+14	4.275572e-02	1.904599e+00
1.877822e+14	3.173099e-02	1.694408e+00
1.877587e+14	2.212852e-02	1.476964e+00
1.877351e+14	1.407938e-02	1.244347e+00
1.877116e+14	7.642452e-03	9.708025e-01
1.876881e+14	2.870999e-03	5.047702e-01
1.876645e+14	1.417672e-03	-1.505437e+00
1.876410e+14	3.258195e-03	-2.298730e+00
1.876175e+14	4.376375e-03	-2.616926e+00
1.875940e+14	4.775397e-03	-2.874209e+00
1.875705e+14	4.734261e-03	-3.119009e+00
1.875470e+14	4.567570e-03	2.918839e+00
1.875235e+14	4.592836e-03	2.674010e+00
1.875000e+14	5.108196e-03	2.442371e+00
("port 2","TE",1,"port 1",1,"modulation")
(1,1)
0.00343
(500,3)
2.000000e+14	9.975872e-01	2.580147e+00
1.999733e+14	9.983701e-01	2.357329e+00
1.999466e+14	9.989681e-01	2.134472e+00
1.999199e+14	9.993921e-01	1.911638e+00
1.998932e+14	9.996692e-01	1.688873e+00
1.998665e+14	9.998351e-01	1.466205e+00
1.998398e+14	9.999251e-01	1.243647e+00
1.998131e+14	9.999690e-01	1.021194e+00
1.997865e+14	9.999881e-01	7.988394e-01
1.997598e+14	9.999954e-01	5.765689e-01
1.997332e+14	9.999972e-01	3.543714e-01
1.997065e+14	9.999967e-01	1.322373e-01
1.996799e+14	9.999959e-01	-8.984182e-02
1.996532e+14	9.999970e-01	-3.118750e-01
1.996266e+14	1.000001e+00	-5.338744e-01
1.996000e+14	1.000006e+00	-7.558567e-01
1.995734e+14	1.000002e+00	-9.778421e-01
1.995468e+14	9.999658e-01	-1.199851e+00
1.995202e+14	9.998633e-01	-1.421898e+00
1.994936e+14	9.996464e-01	-1.643986e+00
1.994670e+14	9.992599e-01	-1.866095e+00
1.994404e+14	9.986498e-01	-2.088181e+00
1.994139e+14	9.977750e-01	-2.310174e+00
1.993873e+14	9.966195e-01	-2.531980e+00
1.993608e+14	9.952031e-01	-2.753493e+00
1.993342e+14	9.935876e-01	-2.974607e+00
1.993077e+14	9.918765e-01	3.087948e+00
1.992812e+14	9.902077e-01	2.867852e+00
1.992546e+14	9.887395e-01	2.648290e+00
1.992281e+14	9.876311e-01	2.429205e+00
1.992016e+14	9.870222e-01	2.210480e+00
1.991751e+14	9.870118e-01	1.991948e+00
1.991486e+14	9.876411e-01	1.773406e+00
1.991221e+14	9.888818e-01	1.554639e+00
1.990956e+14	9.906318e-01	1.335444e+00
1.990691e+14	9.927202e-01	1.115661e+00
1.990427e+14	9.949221e-01	8.951928e-01
1.990162e+14	9.969824e-01	6.740268e-01
1.989898e+14	9.986482e-01	4.522425e-01
1.989633e+14	9.997033e-01	2.300064e-01
1.989369e+14	1.000001e+00	7.553989e-03
1.989104e+14	9.994863e-01	-2.148400e-01
1.988840e+14	9.982087e-01	-4.368982e-01
1.988576e+14	9.963116e-01	-6.583784e-01
1.988312e+14	9.940127e-01	-8.791046e-01
1.988048e+14	9.915715e-01	-1.098988e+00
1.987784e+14	9.892540e-01	-1.318036e+00
1.987520e+14	9.872995e-01	-1.536341e+00
1.987256e+14	9.858937e-01	-1.754070e+00
1.986992e+14	9.851523e-01	-1.971437e+00
1.986729e+14	9.851133e-01	-2.188671e+00
1.986465e+14	9.857398e-01	-2.405995e+00
1.986201e+14	9.869311e-01	-2.623595e+00
1.985938e+14	9.885395e-01	-2.841606e+00
1.985674e+14	9.903919e-01	-3.060101e+00
1.985411e+14	9.923135e-01	3.004099e+00
1.985148e+14	9.941484e-01	2.784672e+00
1.984885e+14	9.957769e-01	2.564893e+00
1.984622e+14	9.971247e-01	2.344877e+00
1.984358e+14	9.981645e-01	2.124740e+00
1.984095e+14	9.989095e-01	1.904589e+00
1.983832e+14	9.994024e-01	1.684503e+00
1.983570e+14	9.997008e-01	1.464532e+00
1.983307e+14	9.998643e-01	1.244699e+00
1.983044e+14	9.999446e-01	1.025001e+00
1.982781e+14	9.999796e-01	8.054249e-01
1.982519e+14	9.999930e-01	5.859486e-01
1.982256e+14	9.999972e-01	3.665514e-01
1.981994e+14	9.999974e-01	1.472157e-01
1.981732e+14	9.999967e-01	-7.207375e-02
1.981469e+14	9.999979e-01	-2.913325e-01
1.981207e+14	1.000003e+00	-5.105805e-01
1.980945e+14	1.000007e+00	-7.298449e-01
1.980683e+14	9.999962e-01	-9.491593e-01
1.980421e+14	9.999360e-01	-1.168560e+00
1.980159e+14	9.997702e-01	-1.388074e+00
1.979897e+14	9.994197e-01	-1.607713e+00
1.979635e+14	9.987896e-01	-1.827453e+00
1.979373e+14	9.977823e-01	-2.047231e+00
1.979112e+14	9.963165e-01	-2.266932e+00
1.978850e+14	9.943489e-01	-2.486404e+00
1.978588e+14	9.918942e-01	-2.705461e+00
1.978327e+14	9.890380e-01	-2.923913e+00
1.978066e+14	9.859401e-01	-3.141591e+00
1.977804e+14	9.828246e-01	2.924804e+00
1.977543e+14	9.799592e-01	2.708938e+00
1.977282e+14	9.776259e-01	2.493937e+00
1.977021e+14	9.760869e-01	2.279638e+00
1.976760e+14	9.755509e-01	2.065783e+00
1.976499e+14	9.761430e-01	1.852037e+00
1.976238e+14	9.778802e-01	1.638021e+00
1.975977e+14	9.806563e-01	1.423353e+00
1.975716e+14	9.842378e-01	1.207691e+00
1.975455e+14	9.882740e-01	9.907785e-01
1.975195e+14	9.923246e-01	7.724938e-01
1.974934e+14	9.959063e-01	5.528750e-01
1.974674e+14	9.985549e-01	3.321337e-01
1.974413e+14	9.998949e-01	1.106410e-01
1.974153e+14	9.997030e-01	-1.111148e-01
1.973892e+14	9.979491e-01	-3.325918e-01
1.973632e+14	9.948050e-01	-5.532702e-01
1.973372e+14	9.906165e-01	-7.727240e-01
1.973112e+14	9.858474e-01	-9.906754e-01
1.972852e+14	9.810101e-01	-1.207024e+00
1.972592e+14	9.765973e-01	-1.421845e+00
1.972332e+14	9.730261e-01	-1.635374e+00
1.972072e+14	9.706003e-01	-1.847958e+00
1.971812e+14	9.694906e-01	-2.060017e+00
1.971553e+14	9.697304e-01	-2.271989e+00
1.971293e+14	9.712251e-01	-2.484285e+00
1.971034e+14	9.737716e-01	-2.697245e+00
1.970774e+14	9.770870e-01	-2.911112e+00
1.970515e+14	9.808439e-01	-3.126012e+00
1.970255e+14	9.847101e-01	2.941232e+00
1.969996e+14	9.883875e-01	2.724352e+00
1.969737e+14	9.916443e-01	2.506713e+00
1.969478e+14	9.943351e-01	2.288540e+00
1.969219e+14	9.964063e-01	2.070068e+00
1.968960e+14	9.978852e-01	1.851505e+00
1.968701e+14	9.988577e-01	1.633008e+00
1.968442e+14	9.994408e-01	1.414676e+00
1.968183e+14	9.997551e-01	1.196551e+00
1.967924e+14	9.999052e-01	9.786274e-01
1.967666e+14	9.999678e-01	7.608722e-01
1.967407e+14	9.999904e-01	5.432390e-01
1.967148e+14	9.999972e-01	3.256823e-01
1.966890e+14	9.999980e-01	1.081625e-01
1.966632e+14	9.999976e-01	-1.093552e-01
1.966373e+14	1.000000e+00	-3.269072e-01
1.966115e+14	1.000006e+00	-5.445402e-01
1.965857e+14	1.000004e+00	-7.623166e-01
1.965599e+14	9.999556e-01	-9.803143e-01
1.965341e+14	9.997808e-01	-1.198616e+00
1.965083e+14	9.993468e-01	-1.417289e+00
1.964825e+14	9.984677e-01	-1.636357e+00
1.964567e+14	9.969188e-01	-1.855771e+00
1.964309e+14	9.944685e-01	-2.075381e+00
1.964051e+14	9.909234e-01	-2.294925e+00
1.963794e+14	9.861810e-01	-2.514037e+00
1.963536e+14	9.802771e-01	-2.732280e+00
1.963279e+14	9.734145e-01	-2.949200e+00
1.963021e+14	9.659648e-01	3.118790e+00
1.962764e+14	9.584395e-01	2.905603e+00
1.962507e+14	9.514391e-01	2.694528e+00
1.962249e+14	9.455885e-01	2.485456e+00
1.961992e+14	9.414722e-01	2.278053e+00
1.961735e+14	9.395755e-01	2.071770e+00
1.961478e+14	9.402335e-01	1.865878e+00
1.961221e+14	9.435863e-01	1.659518e+00
1.960964e+14	9.495373e-01	1.451765e+00
1.960707e+14	9.577139e-01	1.241716e+00
1.960450e+14	9.674399e-01	1.028592e+00
1.960194e+14	9.777349e-01	8.118614e-01
1.959937e+14	9.873683e-01	5.913626e-01
1.959681e+14	9.949911e-01	3.674066e-01
1.959424e+14	9.993504e-01	1.408152e-01
1.959168e+14	9.995473e-01	-8.713930e-02
1.958911e+14	9.952593e-01	-3.149062e-01
1.958655e+14	9.868348e-01	-5.409082e-01
1.958399e+14	9.752192e-01	-7.638038e-01
1.958143e+14	9.617421e-01	-9.826852e-01
1.957886e+14	9.478559e-01	-1.197170e+00
1.957630e+14	9.349106e-01	-1.407388e+00
1.957374e+14	9.240099e-01	-1.613894e+00
1.957119e+14	9.159493e-01	-1.817550e+00
1.956863e+14	9.112109e-01	-2.019405e+00
1.956607e+14	9.099851e-01	-2.220583e+00
1.956351e+14	9.121997e-01	-2.422193e+00
1.956096e+14	9.175465e-01	-2.625244e+00
1.955840e+14	9.255076e-01	-2.830572e+00
1.955585e+14	9.353880e-01	-3.038777e+00
1.955329e+14	9.463671e-01	3.033010e+00
1.955074e+14	9.575734e-01	2.818414e+00
1.954818e+14	9.681825e-01	2.600912e+00
1.954563e+14	9.775217e-01	2.381033e+00
1.954308e+14	9.851548e-01	2.159453e+00
1.954053e+14	9.909222e-01	1.936874e+00
1.953798e+14	9.949224e-01	1.713914e+00
1.953543e+14	9.974427e-01	1.491023e+00
1.953288e+14	9.988635e-01	1.268453e+00
1.953033e+14	9.995651e-01	1.046269e+00
1.952779e+14	9.998602e-01	8.243917e-01
1.952524e+14	9.999632e-01	6.026603e-01
1.952269e+14	9.999926e-01	3.808860e-01
1.952015e+14	9.999989e-01	1.588869e-01
1.951760e+14	9.999988e-01	-6.350519e-02
1.951506e+14	1.000001e+00	-2.864649e-01
1.951251e+14	1.000007e+00	-5.102103e-01
1.950997e+14	9.999752e-01	-7.350403e-01
1.950743e+14	9.997575e-01	-9.613511e-01
1.950489e+14	9.990072e-01	-1.189609e+00
1.950234e+14	9.970941e-01	-1.420262e+00
1.949980e+14	9.930632e-01	-1.653589e+00
1.949726e+14	9.856873e-01	-1.889496e+00
1.949473e+14	9.736632e-01	-2.127309e+00
1.949219e+14	9.559503e-01	-2.365651e+00
1.948965e+14	9.321672e-01	-2.602485e+00
1.948711e+14	9.028761e-01	-2.835385e+00
1.948458e+14	8.695919e-01	-3.061958e+00
1.948204e+14	8.344935e-01	3.002902e+00
1.947951e+14	7.999817e-01	2.793961e+00
1.947697e+14	7.682878e-01	2.594659e+00
1.947444e+14	7.412630e-01	2.404424e+00
1.947190e+14	7.203567e-01	2.221997e+00
1.946937e+14	7.067254e-01	2.045551e+00
1.946684e+14	7.013975e-01	1.872739e+00
1.946431e+14	7.054449e-01	1.700643e+00
1.946178e+14	7.201187e-01	1.525590e+00
1.945925e+14	7.468829e-01	1.342809e+00
1.945672e+14	7.871635e-01	1.145932e+00
1.945419e+14	8.413337e-01	9.264517e-01
1.945166e+14	9.059012e-01	6.737877e-01
1.944914e+14	9.678406e-01	3.779582e-01
1.944661e+14	9.997672e-01	3.823479e-02
1.944408e+14	9.719195e-01	-3.248341e-01
1.944156e+14	8.839418e-01	-6.732170e-01
1.943903e+14	7.683521e-01	-9.773622e-01
1.943651e+14	6.567862e-01	-1.230613e+00
1.943399e+14	5.630276e-01	-1.440515e+00
1.943146e+14	4.887228e-01	-1.617668e+00
1.942894e+14	4.311366e-01	-1.771070e+00
1.942642e+14	3.868608e-01	-1.907377e+00
1.942390e+14	3.529812e-01	-2.031335e+00
1.942138e+14	3.272734e-01	-2.146349e+00
1.941886e+14	3.081176e-01	-2.254924e+00
1.941634e+14	2.943681e-01	-2.358973e+00
1.941382e+14	2.852421e-01	-2.460024e+00
1.941131e+14	2.802390e-01	-2.559371e+00
1.940879e+14	2.790885e-01	-2.658176e+00
1.940627e+14	2.817208e-01	-2.757554e+00
1.940376e+14	2.882570e-01	-2.858649e+00
1.940124e+14	2.990158e-01	-2.962706e+00
1.939873e+14	3.145363e-01	-3.071157e+00
1.939622e+14	3.356154e-01	3.097466e+00
1.939370e+14	3.633564e-01	2.974664e+00
1.939119e+14	3.992111e-01	2.840920e+00
1.938868e+14	4.449741e-01	2.692781e+00
1.938617e+14	5.026178e-01	2.525889e+00
1.938366e+14	5.737300e-01	2.335005e+00
1.938115e+14	6.581648e-01	2.114607e+00
1.937864e+14	7.516773e-01	1.860689e+00
1.937613e+14	8.437269e-01	1.574142e+00
1.937362e+14	9.193698e-01	1.263973e+00
1.937112e+14	9.677898e-01	9.458357e-01
1.936861e+14	9.900298e-01	6.342942e-01
1.936611e+14	9.962452e-01	3.355311e-01
1.936360e+14	9.968556e-01	4.663293e-02
1.936110e+14	9.966953e-01	-2.405797e-01
1.935859e+14	9.933624e-01	-5.350198e-01
1.935609e+14	9.779898e-01	-8.418830e-01
1.935359e+14	9.394566e-01	-1.158349e+00
1.935109e+14	8.728101e-01	-1.472289e+00
1.934858e+14	7.851699e-01	-1.767542e+00
1.934608e+14	6.911013e-01	-2.032410e+00
1.934358e+14	6.031180e-01	-2.263476e+00
1.934109e+14	5.274634e-01	-2.463466e+00
1.933859e+14	4.654124e-01	-2.637614e+00
1.933609e+14	4.158037e-01	-2.791327e+00
1.933359e+14	3.767301e-01	-2.929257e+00
1.933110e+14	3.463210e-01	-3.055135e+00
1.932860e+14	3.230103e-01	3.111300e+00
1.932610e+14	3.055825e-01	3.001382e+00
1.932361e+14	2.931403e-01	2.896465e+00
1.932112e+14	2.850567e-01	2.795042e+00
1.931862e+14	2.809333e-01	2.695828e+00
1.931613e+14	2.805714e-01	2.597671e+00
1.931364e+14	2.839580e-01	2.499476e+00
1.931115e+14	2.912687e-01	2.400139e+00
1.930865e+14	3.028857e-01	2.298466e+00
1.930616e+14	3.194374e-01	2.193087e+00
1.930368e+14	3.418610e-01	2.082335e+00
1.930119e+14	3.714928e-01	1.964082e+00
1.929870e+14	4.101839e-01	1.835491e+00
1.929621e+14	4.604076e-01	1.692672e+00
1.929372e+14	5.252389e-01	1.530207e+00
1.929124e+14	6.078142e-01	1.340631e+00
1.928875e+14	7.092786e-01	1.114409e+00
1.928627e+14	8.235131e-01	8.420030e-01
1.928378e+14	9.292813e-01	5.210690e-01
1.928130e+14	9.922762e-01	1.678228e-01
1.927882e+14	9.924488e-01	-1.829510e-01
1.927633e+14	9.452819e-01	-5.000240e-01
1.927385e+14	8.811945e-01	-7.731306e-01
1.927137e+14	8.208302e-01	-1.007798e+00
1.926889e+14	7.723841e-01	-1.214275e+00
1.926641e+14	7.373959e-01	-1.401970e+00
1.926393e+14	7.149904e-01	-1.578196e+00
1.926145e+14	7.037477e-01	-1.748425e+00
1.925897e+14	7.023312e-01	-1.916798e+00
1.925650e+14	7.096096e-01	-2.086542e+00
1.925402e+14	7.245919e-01	-2.260241e+00
1.925154e+14	7.462940e-01	-2.439971e+00
1.924907e+14	7.735843e-01	-2.627324e+00
1.924659e+14	8.050433e-01	-2.823359e+00
1.924412e+14	8.388844e-01	-3.028481e+00
1.924165e+14	8.729974e-01	3.040850e+00
1.923917e+14	9.051594e-01	2.819416e+00
1.923670e+14	9.333927e-01	2.592237e+00
1.923423e+14	9.563482e-01	2.361548e+00
1.923176e+14	9.735443e-01	2.129586e+00
1.922929e+14	9.853446e-01	1.898225e+00
1.922682e+14	9.927054e-01	1.668747e+00
1.922435e+14	9.968267e-01	1.441797e+00
1.922188e+14	9.988522e-01	1.217493e+00
1.921941e+14	9.996900e-01	9.956015e-01
1.921694e+14	9.999564e-01	7.757210e-01
1.921448e+14	1.000006e+00	5.574185e-01
1.921201e+14	1.000003e+00	3.403151e-01
1.920955e+14	9.999991e-01	1.241175e-01
1.920708e+14	9.999993e-01	-9.138918e-02
1.920462e+14	9.999962e-01	-3.063715e-01
1.920215e+14	9.999787e-01	-5.209811e-01
1.919969e+14	9.999158e-01	-7.353779e-01
1.919723e+14	9.997279e-01	-9.497325e-01
1.919477e+14	9.992602e-01	-1.164206e+00
1.919231e+14	9.982700e-01	-1.378909e+00
1.918985e+14	9.964401e-01	-1.593854e+00
1.918739e+14	9.934206e-01	-1.808904e+00
1.918493e+14	9.888978e-01	-2.023755e+00
1.918247e+14	9.826756e-01	-2.237935e+00
1.918001e+14	9.747487e-01	-2.450854e+00
1.917756e+14	9.653452e-01	-2.661885e+00
1.917510e+14	9.549249e-01	-2.870456e+00
1.917264e+14	9.441317e-01	-3.076145e+00
1.917019e+14	9.337163e-01	3.004432e+00
1.916773e+14	9.244491e-01	2.804843e+00
1.916528e+14	9.170431e-01	2.607953e+00
1.916283e+14	9.120954e-01	2.413202e+00
1.916037e+14	9.100488e-01	2.219838e+00
1.915792e+14	9.111660e-01	2.026965e+00
1.915547e+14	9.155097e-01	1.833608e+00
1.915302e+14	9.229223e-01	1.638778e+00
1.915057e+14	9.330032e-01	1.441545e+00
1.914812e+14	9.450914e-01	1.241127e+00
1.914567e+14	9.582661e-01	1.036984e+00
1.914322e+14	9.713868e-01	8.289146e-01
1.914077e+14	9.831931e-01	6.171312e-01
1.913833e+14	9.924685e-01	4.022884e-01
1.913588e+14	9.982463e-01	1.854370e-01
1.913344e+14	1.000000e+00	-3.210655e-02
1.913099e+14	9.977532e-01	-2.489552e-01
1.912855e+14	9.920598e-01	-4.638621e-01
1.912610e+14	9.838698e-01	-6.758929e-01
1.912366e+14	9.743299e-01	-8.845201e-01
1.912122e+14	9.645873e-01	-1.089634e+00
1.911877e+14	9.556441e-01	-1.291490e+00
1.911633e+14	9.482757e-01	-1.490614e+00
1.911389e+14	9.430038e-01	-1.687712e+00
1.911145e+14	9.401039e-01	-1.883569e+00
1.910901e+14	9.396308e-01	-2.078974e+00
1.910657e+14	9.414497e-01	-2.274660e+00
1.910413e+14	9.452699e-01	-2.471245e+00
1.910170e+14	9.506795e-01	-2.669202e+00
1.909926e+14	9.571847e-01	-2.868832e+00
1.909682e+14	9.642546e-01	-3.070252e+00
1.909439e+14	9.713702e-01	3.009779e+00
1.909195e+14	9.780741e-01	2.805098e+00
1.908952e+14	9.840126e-01	2.599210e+00
1.908708e+14	9.889628e-01	2.392489e+00
1.908465e+14	9.928391e-01	2.185319e+00
1.908222e+14	9.956789e-01	1.978042e+00
1.907979e+14	9.976117e-01	1.770926e+00
1.907735e+14	9.988200e-01	1.564152e+00
1.907492e+14	9.995011e-01	1.357813e+00
1.907249e+14	9.998361e-01	1.151927e+00
1.907006e+14	9.999706e-01	9.464644e-01
1.906763e+14	1.000007e+00	7.413624e-01
1.906521e+14	1.000008e+00	5.365519e-01
1.906278e+14	1.000002e+00	3.319685e-01
1.906035e+14	9.999999e-01	1.275601e-01
1.905792e+14	1.000000e+00	-7.671264e-02
1.905550e+14	9.999998e-01	-2.808806e-01
1.905307e+14	9.999953e-01	-4.849723e-01
1.905065e+14	9.999800e-01	-6.890190e-01
1.904822e+14	9.999387e-01	-8.930572e-01
1.904580e+14	9.998401e-01	-1.097125e+00
1.904338e+14	9.996316e-01	-1.301257e+00
1.904096e+14	9.992382e-01	-1.505470e+00
1.903853e+14	9.985669e-01	-1.709753e+00
1.903611e+14	9.975179e-01	-1.914054e+00
1.903369e+14	9.960017e-01	-2.118277e+00
1.903127e+14	9.939585e-01	-2.322282e+00
1.902885e+14	9.913781e-01	-2.525893e+00
1.902644e+14	9.883134e-01	-2.728920e+00
1.902402e+14	9.848874e-01	-2.931181e+00
1.902160e+14	9.812876e-01	-3.132530e+00
1.901918e+14	9.777527e-01	2.950305e+00
1.901677e+14	9.745492e-01	2.750960e+00
1.901435e+14	9.719446e-01	2.552539e+00
1.901194e+14	9.701797e-01	2.354870e+00
1.900952e+14	9.694429e-01	2.157705e+00
1.900711e+14	9.698483e-01	1.960731e+00
1.900470e+14	9.714201e-01	1.763604e+00
1.900228e+14	9.740824e-01	1.565974e+00
1.899987e+14	9.776579e-01	1.367522e+00
1.899746e+14	9.818738e-01	1.167994e+00
1.899505e+14	9.863799e-01	9.672292e-01
1.899264e+14	9.907779e-01	7.651879e-01
1.899023e+14	9.946605e-01	5.619626e-01
1.898782e+14	9.976594e-01	3.577755e-01
1.898542e+14	9.994921e-01	1.529588e-01
1.898301e+14	1.000001e+00	-5.208223e-02
1.898060e+14	9.991754e-01	-2.569168e-01
1.897819e+14	9.971499e-01	-4.611402e-01
1.897579e+14	9.941827e-01	-6.644204e-01
1.897338e+14	9.906164e-01	-8.665323e-01
1.897098e+14	9.868310e-01	-1.067375e+00
1.896858e+14	9.831986e-01	-1.266971e+00
1.896617e+14	9.800455e-01	-1.465456e+00
1.896377e+14	9.776253e-01	-1.663050e+00
1.896137e+14	9.761043e-01	-1.860028e+00
1.895897e+14	9.755560e-01	-2.056694e+00
1.895657e+14	9.759660e-01	-2.253341e+00
1.895417e+14	9.772416e-01	-2.450234e+00
1.895177e+14	9.792283e-01	-2.647585e+00
1.894937e+14	9.817293e-01	-2.845538e+00
1.894697e+14	9.845273e-01	-3.044163e+00
1.894457e+14	9.874070e-01	3.039723e+00
1.894217e+14	9.901761e-01	2.839813e+00
1.893978e+14	9.926814e-01	2.639402e+00
1.893738e+14	9.948196e-01	2.438630e+00
1.893499e+14	9.965402e-01	2.237645e+00
1.893259e+14	9.978416e-01	2.036585e+00
1.893020e+14	9.987610e-01	1.835567e+00
1.892780e+14	9.993614e-01	1.634677e+00
1.892541e+14	9.997178e-01	1.433967e+00
1.892302e+14	9.999043e-01	1.233459e+00
1.892063e+14	9.999850e-01	1.033150e+00
1.891824e+14	1.000009e+00	8.330215e-01
1.891585e+14	1.000010e+00	6.330479e-01
1.891346e+14	1.000005e+00	4.332018e-01
1.891107e+14	1.000001e+00	2.334592e-01
1.890868e+14	1.000001e+00	3.380139e-02
1.890629e+14	1.000001e+00	-1.657858e-01
1.890390e+14	1.000001e+00	-3.653138e-01
1.890152e+14	9.999974e-01	-5.647941e-01
1.889913e+14	9.999868e-01	-7.642398e-01
1.889674e+14	9.999610e-01	-9.636665e-01
1.889436e+14	9.999047e-01	-1.163090e+00
1.889197e+14	9.997928e-01	-1.362524e+00
1.888959e+14	9.995911e-01	-1.561975e+00
1.888721e+14	9.992572e-01	-1.761434e+00
1.888482e+14	9.987464e-01	-1.960879e+00
1.888244e+14	9.980182e-01	-2.160265e+00
1.888006e+14	9.970447e-01	-2.359528e+00
1.887768e+14	9.958194e-01	-2.558588e+00
1.887530e+14	9.943634e-01	-2.757359e+00
1.887292e+14	9.927293e-01	-2.955756e+00
1.887054e+14	9.910005e-01	3.129478e+00
1.886816e+14	9.892860e-01	2.932017e+00
1.886578e+14	9.877114e-01	2.735056e+00
1.886341e+14	9.864067e-01	2.538564e+00
1.886103e+14	9.854927e-01	2.342466e+00
1.885865e+14	9.850671e-01	2.146649e+00
1.885628e+14	9.851931e-01	1.950968e+00
1.885390e+14	9.858893e-01	1.755259e+00
1.885153e+14	9.871246e-01	1.559352e+00
1.884916e+14	9.888170e-01	1.363091e+00
1.884678e+14	9.908377e-01	1.166349e+00
1.884441e+14	9.930206e-01	9.690435e-01
1.884204e+14	9.951764e-01	7.711464e-01
1.883967e+14	9.971113e-01	5.726914e-01
1.883730e+14	9.986475e-01	3.737727e-01
1.883493e+14	9.996435e-01	1.745365e-01
1.883256e+14	1.000011e+00	-2.483317e-02
1.883019e+14	9.997260e-01	-2.241345e-01
1.882782e+14	9.988297e-01	-4.231699e-01
1.882545e+14	9.974242e-01	-6.217670e-01
1.882309e+14	9.956584e-01	-8.197963e-01
1.882072e+14	9.937093e-01	-1.017183e+00
1.881835e+14	9.917624e-01	-1.213911e+00
1.881599e+14	9.899918e-01	-1.410022e+00
1.881362e+14	9.885447e-01	-1.605605e+00
1.881126e+14	9.875290e-01	-1.800787e+00
1.880890e+14	9.870073e-01	-1.995715e+00
1.880653e+14	9.869955e-01	-2.190544e+00
1.880417e+14	9.874650e-01	-2.385416e+00
1.880181e+14	9.883501e-01	-2.580457e+00
1.879945e+14	9.895574e-01	-2.775756e+00
1.879709e+14	9.909770e-01	-2.971372e+00
1.879473e+14	9.924945e-01	3.115865e+00
1.879237e+14	9.940028e-01	2.919599e+00
1.879001e+14	9.954114e-01	2.723061e+00
1.878765e+14	9.966530e-01	2.526314e+00
1.878529e+14	9.976871e-01	2.329435e+00
1.878294e+14	9.984994e-01	2.132497e+00
1.878058e+14	9.990982e-01	1.935568e+00
1.877822e+14	9.995091e-01	1.738703e+00
1.877587e+14	9.997678e-01	1.541938e+00
1.877351e+14	9.999136e-01	1.345296e+00
1.877116e+14	9.999835e-01	1.148781e+00
1.876881e+14	1.000009e+00	9.523906e-01
1.876645e+14	1.000012e+00	7.561123e-01
1.876410e+14	1.000007e+00	5.599320e-01
1.876175e+14	1.000003e+00	3.638354e-01
1.875940e+14	1.000001e+00	1.678106e-01
1.875705e+14	1.000002e+00	-2.815190e-02
1.875470e+14	1.000002e+00	-2.240589e-01
1.875235e+14	1.000002e+00	-4.199161e-01
1.875000e+14	9.999997e-01	-6.157294e-01
("port 2","TE",1,"port 2",1,"modulation")
(1,1)
0.00343
(500,3)
2.000000e+14	6.952956e-02	-5.676036e-01
1.999733e+14	5.719982e-02	-7.941306e-01
1.999466e+14	4.557790e-02	-1.021757e+00
1.999199e+14	3.507484e-02	-1.250739e+00
1.998932e+14	2.600350e-02	-1.481364e+00
1.998665e+14	1.856368e-02	-1.713737e+00
1.998398e+14	1.283424e-02	-1.947028e+00
1.998131e+14	8.772126e-03	-2.177530e+00
1.997865e+14	6.219183e-03	-2.395883e+00
1.997598e+14	4.917793e-03	-2.590432e+00
1.997332e+14	4.529479e-03	-2.763819e+00
1.997065e+14	4.647788e-03	-2.933579e+00
1.996799e+14	4.820302e-03	-3.106433e+00
1.996532e+14	4.585800e-03	3.014194e+00
1.996266e+14	3.524061e-03	2.913363e+00
1.996000e+14	1.558468e-03	-2.969545e+00
1.995734e+14	3.406322e-03	-1.398779e+00
1.995468e+14	9.136806e-03	-1.363182e+00
1.995202e+14	1.698835e-02	-1.511650e+00
1.994936e+14	2.687650e-02	-1.699798e+00
1.994670e+14	3.866459e-02	-1.902689e+00
1.994404e+14	5.209448e-02	-2.112578e+00
1.994139e+14	6.678563e-02	-2.326239e+00
1.993873e+14	8.224873e-02	-2.542052e+00
1.993608e+14	9.790846e-02	-2.759083e+00
1.993342e+14	1.131326e-01	-2.976743e+00
1.993077e+14	1.272644e-01	3.088544e+00
1.992812e+14	1.396561e-01	2.870657e+00
1.992546e+14	1.496979e-01	2.652918e+00
1.992281e+14	1.568439e-01	2.435366e+00
1.992016e+14	1.606312e-01	2.217959e+00
1.991751e+14	1.606951e-01	2.000587e+00
1.991486e+14	1.567809e-01	1.783099e+00
1.991221e+14	1.487549e-01	1.565331e+00
1.990956e+14	1.366160e-01	1.347142e+00
1.990691e+14	1.205071e-01	1.128456e+00
1.990427e+14	1.007255e-01	9.093394e-01
1.990162e+14	7.772835e-02	6.901410e-01
1.989898e+14	5.212888e-02	4.720582e-01
1.989633e+14	2.468038e-02	2.614901e-01
1.989369e+14	3.807788e-03	3.018189e+00
1.989104e+14	3.229340e-02	2.920312e+00
1.988840e+14	5.995972e-02	2.705968e+00
1.988576e+14	8.590085e-02	2.487192e+00
1.988312e+14	1.093370e-01	2.267750e+00
1.988048e+14	1.296216e-01	2.048517e+00
1.987784e+14	1.462606e-01	1.829756e+00
1.987520e+14	1.589194e-01	1.611484e+00
1.987256e+14	1.674191e-01	1.393584e+00
1.986992e+14	1.717282e-01	1.175863e+00
1.986729e+14	1.719521e-01	9.580889e-01
1.986465e+14	1.683230e-01	7.400271e-01
1.986201e+14	1.611913e-01	5.214643e-01
1.985938e+14	1.510150e-01	3.022254e-01
1.985674e+14	1.383464e-01	8.218113e-02
1.985411e+14	1.238140e-01	-1.387568e-01
1.985148e+14	1.080970e-01	-3.606514e-01
1.984885e+14	9.189350e-02	-5.835683e-01
1.984622e+14	7.588420e-02	-8.076127e-01
1.984358e+14	6.069494e-02	-1.032974e+00
1.984095e+14	4.686174e-02	-1.259975e+00
1.983832e+14	3.480175e-02	-1.489092e+00
1.983570e+14	2.479247e-02	-1.720879e+00
1.983307e+14	1.695976e-02	-1.955486e+00
1.983044e+14	1.127488e-02	-2.190941e+00
1.982781e+14	7.560274e-03	-2.418926e+00
1.982519e+14	5.507237e-03	-2.621831e+00
1.982256e+14	4.704891e-03	-2.789216e+00
1.981994e+14	4.658661e-03	-2.939763e+00
1.981732e+14	4.803496e-03	-3.091816e+00
1.981469e+14	4.549354e-03	3.050830e+00
1.981207e+14	3.360983e-03	2.998060e+00
1.980945e+14	1.491672e-03	-2.478264e+00
1.980683e+14	4.921365e-03	-1.297323e+00
1.980421e+14	1.202705e-02	-1.321068e+00
1.980159e+14	2.182496e-02	-1.475407e+00
1.979897e+14	3.430777e-02	-1.663202e+00
1.979635e+14	4.935684e-02	-1.864382e+00
1.979373e+14	6.668814e-02	-2.072180e+00
1.979112e+14	8.585031e-02	-2.283616e+00
1.978850e+14	1.062403e-01	-2.497106e+00
1.978588e+14	1.271323e-01	-2.711676e+00
1.978327e+14	1.477175e-01	-2.926665e+00
1.978066e+14	1.671490e-01	3.141576e+00
1.977804e+14	1.845873e-01	2.926989e+00
1.977543e+14	1.992398e-01	2.712930e+00
1.977282e+14	2.103903e-01	2.499433e+00
1.977021e+14	2.174185e-01	2.286408e+00
1.976760e+14	2.198109e-01	2.073650e+00
1.976499e+14	2.171666e-01	1.860870e+00
1.976238e+14	2.092055e-01	1.647730e+00
1.975977e+14	1.957801e-01	1.433888e+00
1.975716e+14	1.768974e-01	1.219055e+00
1.975455e+14	1.527465e-01	1.003057e+00
1.975195e+14	1.237296e-01	7.859326e-01
1.974934e+14	9.048686e-02	5.681325e-01
1.974674e+14	5.390193e-02	3.514567e-01
1.974413e+14	1.508340e-02	1.545202e-01
1.974153e+14	2.472713e-02	3.019965e+00
1.973892e+14	6.414914e-02	2.811231e+00
1.973632e+14	1.018844e-01	2.593495e+00
1.973372e+14	1.367345e-01	2.375251e+00
1.973112e+14	1.676966e-01	2.157859e+00
1.972852e+14	1.940006e-01	1.941724e+00
1.972592e+14	2.151155e-01	1.726886e+00
1.972332e+14	2.307317e-01	1.513160e+00
1.972072e+14	2.407320e-01	1.300214e+00
1.971812e+14	2.451629e-01	1.087631e+00
1.971553e+14	2.442128e-01	8.749593e-01
1.971293e+14	2.381990e-01	6.617676e-01
1.971034e+14	2.275650e-01	4.476793e-01
1.970774e+14	2.128805e-01	2.324027e-01
1.970515e+14	1.948397e-01	1.574352e-02
1.970255e+14	1.742508e-01	-2.023995e-01
1.969996e+14	1.520117e-01	-4.220588e-01
1.969737e+14	1.290707e-01	-6.432417e-01
1.969478e+14	1.063739e-01	-8.659921e-01
1.969219e+14	8.480703e-02	-1.090471e+00
1.968960e+14	6.513823e-02	-1.317049e+00
1.968701e+14	4.797020e-02	-1.546415e+00
1.968442e+14	3.370626e-02	-1.779631e+00
1.968183e+14	2.253150e-02	-2.017909e+00
1.967924e+14	1.440769e-02	-2.261081e+00
1.967666e+14	9.079860e-03	-2.501890e+00
1.967407e+14	6.098700e-03	-2.715296e+00
1.967148e+14	4.872138e-03	-2.871355e+00
1.966890e+14	4.704769e-03	-2.989261e+00
1.966632e+14	4.789456e-03	-3.104278e+00
1.966373e+14	4.276232e-03	3.095167e+00
1.966115e+14	2.545461e-03	-2.988101e+00
1.965857e+14	3.259519e-03	-1.436375e+00
1.965599e+14	1.035612e-02	-1.210095e+00
1.965341e+14	2.137068e-02	-1.320166e+00
1.965083e+14	3.639181e-02	-1.492042e+00
1.964825e+14	5.550512e-02	-1.685545e+00
1.964567e+14	7.855823e-02	-1.889135e+00
1.964309e+14	1.051234e-01	-2.098151e+00
1.964051e+14	1.344969e-01	-2.310209e+00
1.963794e+14	1.657273e-01	-2.523815e+00
1.963536e+14	1.976745e-01	-2.737881e+00
1.963279e+14	2.290903e-01	-2.951554e+00
1.963021e+14	2.587085e-01	3.119012e+00
1.962764e+14	2.853270e-01	2.907903e+00
1.962507e+14	3.078656e-01	2.698529e+00
1.962249e+14	3.253918e-01	2.490868e+00
1.961992e+14	3.371162e-01	2.284648e+00
1.961735e+14	3.423669e-01	2.079371e+00
1.961478e+14	3.405558e-01	1.874346e+00
1.961221e+14	3.311528e-01	1.668746e+00
1.960964e+14	3.136821e-01	1.461677e+00
1.960707e+14	2.877532e-01	1.252270e+00
1.960450e+14	2.531368e-01	1.039793e+00
1.960194e+14	2.098882e-01	8.237990e-01
1.959937e+14	1.585020e-01	6.043250e-01
1.959681e+14	1.000602e-01	3.823770e-01
1.959424e+14	3.630997e-02	1.645156e-01
1.959168e+14	3.041084e-02	3.048678e+00
1.958911e+14	9.735829e-02	2.832003e+00
1.958655e+14	1.617915e-01	2.607972e+00
1.958399e+14	2.212842e-01	2.385798e+00
1.958143e+14	2.739908e-01	2.167187e+00
1.957886e+14	3.187280e-01	1.952727e+00
1.957630e+14	3.549086e-01	1.742363e+00
1.957374e+14	3.823917e-01	1.535568e+00
1.957119e+14	4.013157e-01	1.331486e+00
1.956863e+14	4.119611e-01	1.129063e+00
1.956607e+14	4.146617e-01	9.271595e-01
1.956351e+14	4.097669e-01	7.246430e-01
1.956096e+14	3.976503e-01	5.204702e-01
1.955840e+14	3.787525e-01	3.137563e-01
1.955585e+14	3.536486e-01	1.038352e-01
1.955329e+14	3.231219e-01	-1.096997e-01
1.955074e+14	2.882222e-01	-3.269825e-01
1.954818e+14	2.502833e-01	-5.479063e-01
1.954563e+14	2.108808e-01	-7.722087e-01
1.954308e+14	1.717255e-01	-9.996181e-01
1.954053e+14	1.345104e-01	-1.230054e+00
1.953798e+14	1.007446e-01	-1.463887e+00
1.953543e+14	7.161137e-02	-1.702265e+00
1.953288e+14	4.787400e-02	-1.947541e+00
1.953033e+14	2.983210e-02	-2.203560e+00
1.952779e+14	1.731580e-02	-2.473910e+00
1.952524e+14	9.697370e-03	-2.748476e+00
1.952269e+14	5.936726e-03	-2.963210e+00
1.952015e+14	4.775479e-03	-3.038765e+00
1.951760e+14	4.796984e-03	-3.054198e+00
1.951506e+14	4.303275e-03	-3.015299e+00
1.951251e+14	2.738164e-03	-2.250724e+00
1.950997e+14	8.410597e-03	-1.175909e+00
1.950743e+14	2.249714e-02	-1.155822e+00
1.950489e+14	4.478979e-02	-1.299841e+00
1.950234e+14	7.632145e-02	-1.489567e+00
1.949980e+14	1.176749e-01	-1.699367e+00
1.949726e+14	1.686489e-01	-1.920338e+00
1.949473e+14	2.280392e-01	-2.148020e+00
1.949219e+14	2.935657e-01	-2.379154e+00
1.948965e+14	3.620574e-01	-2.610672e+00
1.948711e+14	4.299248e-01	-2.839536e+00
1.948458e+14	4.937912e-01	-3.062972e+00
1.948204e+14	5.510349e-01	3.004370e+00
1.947951e+14	6.000393e-01	2.797426e+00
1.947697e+14	6.401176e-01	2.599751e+00
1.947444e+14	6.712265e-01	2.410858e+00
1.947190e+14	6.936147e-01	2.229548e+00
1.946937e+14	7.074983e-01	2.054040e+00
1.946684e+14	7.127804e-01	1.882021e+00
1.946431e+14	7.087749e-01	1.710603e+00
1.946178e+14	6.938615e-01	1.536134e+00
1.945925e+14	6.649674e-01	1.353867e+00
1.945672e+14	6.167584e-01	1.157458e+00
1.945419e+14	5.405342e-01	9.384389e-01
1.945166e+14	4.235164e-01	6.863220e-01
1.944914e+14	2.516187e-01	3.915331e-01
1.944661e+14	2.227888e-02	7.199780e-02
1.944408e+14	2.353804e-01	2.826704e+00
1.944156e+14	4.676275e-01	2.479476e+00
1.943903e+14	6.400461e-01	2.175685e+00
1.943651e+14	7.540897e-01	1.922568e+00
1.943399e+14	8.264477e-01	1.712687e+00
1.943146e+14	8.724467e-01	1.535474e+00
1.942894e+14	9.022930e-01	1.381942e+00
1.942642e+14	9.221435e-01	1.245441e+00
1.942390e+14	9.356351e-01	1.121221e+00
1.942138e+14	9.449339e-01	1.005873e+00
1.941886e+14	9.513522e-01	8.968839e-01
1.941634e+14	9.556958e-01	7.923312e-01
1.941382e+14	9.584590e-01	6.906705e-01
1.941131e+14	9.599336e-01	5.905899e-01
1.940879e+14	9.602686e-01	4.909025e-01
1.940627e+14	9.594996e-01	3.904596e-01
1.940376e+14	9.575563e-01	2.880739e-01
1.940124e+14	9.542514e-01	1.824407e-01
1.939873e+14	9.492488e-01	7.204790e-02
1.939622e+14	9.420027e-01	-4.493467e-02
1.939370e+14	9.316541e-01	-1.707982e-01
1.939119e+14	9.168634e-01	-3.084799e-01
1.938868e+14	8.955485e-01	-4.617911e-01
1.938617e+14	8.645148e-01	-6.356548e-01
1.938366e+14	8.190521e-01	-8.362350e-01
1.938115e+14	7.528839e-01	-1.070663e+00
1.937864e+14	6.595448e-01	-1.345932e+00
1.937613e+14	5.367924e-01	-1.667207e+00
1.937362e+14	3.934244e-01	-2.039151e+00
1.937112e+14	2.518088e-01	-2.481221e+00
1.936861e+14	1.409466e-01	-3.075353e+00
1.936611e+14	8.671866e-02	2.347594e+00
1.936360e+14	7.939390e-02	1.662107e+00
1.936110e+14	8.138328e-02	1.578794e+00
1.935859e+14	1.151379e-01	1.874725e+00
1.935609e+14	2.087158e-01	1.942906e+00
1.935359e+14	3.427063e-01	1.788825e+00
1.935109e+14	4.880856e-01	1.552154e+00
1.934858e+14	6.192986e-01	1.298768e+00
1.934608e+14	7.227715e-01	1.058954e+00
1.934358e+14	7.976624e-01	8.440239e-01
1.934109e+14	8.495861e-01	6.550167e-01
1.933859e+14	8.851009e-01	4.886716e-01
1.933609e+14	9.094603e-01	3.406953e-01
1.933359e+14	9.263282e-01	2.070998e-01
1.933110e+14	9.381206e-01	8.457101e-02
1.932860e+14	9.463996e-01	-2.954278e-02
1.932610e+14	9.521694e-01	-1.373529e-01
1.932361e+14	9.560730e-01	-2.405644e-01
1.932112e+14	9.585140e-01	-3.405919e-01
1.931862e+14	9.597305e-01	-4.386551e-01
1.931613e+14	9.598363e-01	-5.358580e-01
1.931364e+14	9.588397e-01	-6.332579e-01
1.931115e+14	9.566443e-01	-7.319329e-01
1.930865e+14	9.530300e-01	-8.330544e-01
1.930616e+14	9.476105e-01	-9.379767e-01
1.930368e+14	9.397539e-01	-1.048354e+00
1.930119e+14	9.284394e-01	-1.166307e+00
1.929870e+14	9.120068e-01	-1.294663e+00
1.929621e+14	8.877123e-01	-1.437310e+00
1.929372e+14	8.509605e-01	-1.599668e+00
1.929124e+14	7.940867e-01	-1.789201e+00
1.928875e+14	7.049388e-01	-2.015464e+00
1.928627e+14	5.673139e-01	-2.288036e+00
1.928378e+14	3.694038e-01	-2.609425e+00
1.928130e+14	1.241507e-01	-2.964925e+00
1.927882e+14	1.227620e-01	-1.678348e-01
1.927633e+14	3.262897e-01	-4.871393e-01
1.927385e+14	4.727750e-01	-7.608766e-01
1.927137e+14	5.711875e-01	-9.959894e-01
1.926889e+14	6.351680e-01	-1.202891e+00
1.926641e+14	6.754714e-01	-1.391042e+00
1.926393e+14	6.991440e-01	-1.567782e+00
1.926145e+14	7.104592e-01	-1.738603e+00
1.925897e+14	7.118595e-01	-1.907664e+00
1.925650e+14	7.046044e-01	-2.078216e+00
1.925402e+14	6.891880e-01	-2.252870e+00
1.925154e+14	6.656271e-01	-2.433735e+00
1.924907e+14	6.337051e-01	-2.622451e+00
1.924659e+14	5.932293e-01	-2.820133e+00
1.924412e+14	5.443249e-01	-3.027269e+00
1.924165e+14	4.877431e-01	3.039568e+00
1.923917e+14	4.250942e-01	2.815000e+00
1.923670e+14	3.588838e-01	2.583812e+00
1.923423e+14	2.922638e-01	2.347879e+00
1.923176e+14	2.285432e-01	2.108875e+00
1.922929e+14	1.706362e-01	1.867732e+00
1.922682e+14	1.206521e-01	1.624047e+00
1.922435e+14	7.973368e-02	1.375180e+00
1.922188e+14	4.811654e-02	1.113919e+00
1.921941e+14	2.531590e-02	8.198765e-01
1.921694e+14	1.039282e-02	4.116736e-01
1.921448e+14	2.954883e-03	-7.361137e-01
1.921201e+14	3.900797e-03	-2.293718e+00
1.920955e+14	4.762968e-03	-2.825541e+00
1.920708e+14	4.735808e-03	3.034472e+00
1.920462e+14	5.353090e-03	2.645419e+00
1.920215e+14	7.974572e-03	2.385411e+00
1.919969e+14	1.376567e-02	2.217248e+00
1.919723e+14	2.377607e-02	2.058365e+00
1.919477e+14	3.873510e-02	1.884984e+00
1.919231e+14	5.897694e-02	1.698179e+00
1.918985e+14	8.443015e-02	1.502216e+00
1.918739e+14	1.146161e-01	1.300405e+00
1.918493e+14	1.486689e-01	1.095057e+00
1.918247e+14	1.853911e-01	8.878833e-01
1.918001e+14	2.233520e-01	6.802538e-01
1.917756e+14	2.610162e-01	4.732994e-01
1.917510e+14	2.968820e-01	2.679245e-01
1.917264e+14	3.295990e-01	6.477595e-02
1.917019e+14	3.580417e-01	-1.357897e-01
1.916773e+14	3.813312e-01	-3.337203e-01
1.916528e+14	3.988124e-01	-5.292566e-01
1.916283e+14	4.100013e-01	-7.228986e-01
1.916037e+14	4.145240e-01	-9.153557e-01
1.915792e+14	4.120625e-01	-1.107490e+00
1.915547e+14	4.023196e-01	-1.300254e+00
1.915302e+14	3.850114e-01	-1.494622e+00
1.915057e+14	3.598954e-01	-1.691514e+00
1.914812e+14	3.268369e-01	-1.891712e+00
1.914567e+14	2.859139e-01	-2.095770e+00
1.914322e+14	2.375475e-01	-2.303927e+00
1.914077e+14	1.826279e-01	-2.516073e+00
1.913833e+14	1.225896e-01	-2.731881e+00
1.913588e+14	5.938542e-02	-2.952060e+00
1.913344e+14	4.687676e-03	6.054917e-02
1.913099e+14	6.716225e-02	-2.327990e-01
1.912855e+14	1.258552e-01	-4.505282e-01
1.912610e+14	1.789470e-01	-6.636745e-01
1.912366e+14	2.251726e-01	-8.730122e-01
1.912122e+14	2.638038e-01	-1.078711e+00
1.911877e+14	2.945593e-01	-1.281126e+00
1.911633e+14	3.174803e-01	-1.480834e+00
1.911389e+14	3.328126e-01	-1.678569e+00
1.911145e+14	3.409178e-01	-1.875144e+00
1.910901e+14	3.422196e-01	-2.071371e+00
1.910657e+14	3.371835e-01	-2.268010e+00
1.910413e+14	3.263207e-01	-2.465711e+00
1.910170e+14	3.102081e-01	-2.664988e+00
1.909926e+14	2.895139e-01	-2.866193e+00
1.909682e+14	2.650174e-01	-3.069514e+00
1.909439e+14	2.376160e-01	3.008198e+00
1.909195e+14	2.083091e-01	2.800648e+00
1.908952e+14	1.781600e-01	2.591151e+00
1.908708e+14	1.482382e-01	2.379802e+00
1.908465e+14	1.195518e-01	2.166550e+00
1.908222e+14	9.298232e-02	1.951032e+00
1.907979e+14	6.923272e-02	1.732301e+00
1.907735e+14	4.879453e-02	1.508240e+00
1.907492e+14	3.193664e-02	1.274051e+00
1.907249e+14	1.871453e-02	1.017166e+00
1.907006e+14	9.009797e-03	6.925191e-01
1.906763e+14	2.793566e-03	-2.239439e-02
1.906521e+14	2.558838e-03	-1.961199e+00
1.906278e+14	4.211410e-03	-2.547124e+00
1.906035e+14	4.759073e-03	-2.882988e+00
1.905792e+14	4.718533e-03	3.095175e+00
1.905550e+14	4.794441e-03	2.793027e+00
1.905307e+14	5.662442e-03	2.521833e+00
1.905065e+14	7.910347e-03	2.306690e+00
1.904822e+14	1.205206e-02	2.125724e+00
1.904580e+14	1.850779e-02	1.950939e+00
1.904338e+14	2.755715e-02	1.771429e+00
1.904096e+14	3.931626e-02	1.585794e+00
1.903853e+14	5.373053e-02	1.395192e+00
1.903611e+14	7.057496e-02	1.201010e+00
1.903369e+14	8.946217e-02	1.004378e+00
1.903127e+14	1.098600e-01	8.061613e-01
1.902885e+14	1.311193e-01	6.070355e-01
1.902644e+14	1.525098e-01	4.075349e-01
1.902402e+14	1.732614e-01	2.080814e-01
1.902160e+14	1.926060e-01	8.991157e-03
1.901918e+14	2.098141e-01	-1.895275e-01
1.901677e+14	2.242235e-01	-3.873783e-01
1.901435e+14	2.352573e-01	-5.845778e-01
1.901194e+14	2.424325e-01	-7.812482e-01
1.900952e+14	2.453622e-01	-9.776038e-01
1.900711e+14	2.437548e-01	-1.173929e+00
1.900470e+14	2.374137e-01	-1.370552e+00
1.900228e+14	2.262426e-01	-1.567811e+00
1.899987e+14	2.102559e-01	-1.766024e+00
1.899746e+14	1.895958e-01	-1.965456e+00
1.899505e+14	1.645522e-01	-2.166296e+00
1.899264e+14	1.355810e-01	-2.368655e+00
1.899023e+14	1.033134e-01	-2.572620e+00
1.898782e+14	6.855001e-02	-2.778546e+00
1.898542e+14	3.223386e-02	-2.989331e+00
1.898301e+14	4.617026e-03	3.692748e-02
1.898060e+14	4.089055e-02	-2.377042e-01
1.897819e+14	7.560146e-02	-4.461689e-01
1.897579e+14	1.078150e-01	-6.511115e-01
1.897338e+14	1.367565e-01	-8.542256e-01
1.897098e+14	1.618260e-01	-1.055835e+00
1.896858e+14	1.826020e-01	-1.256116e+00
1.896617e+14	1.988310e-01	-1.455274e+00
1.896377e+14	2.104080e-01	-1.653573e+00
1.896137e+14	2.173551e-01	-1.851319e+00
1.895897e+14	2.198026e-01	-2.048841e+00
1.895657e+14	2.179753e-01	-2.246465e+00
1.895417e+14	2.121834e-01	-2.444484e+00
1.895177e+14	2.028174e-01	-2.643150e+00
1.894937e+14	1.903435e-01	-2.842655e+00
1.894697e+14	1.752975e-01	-3.043137e+00
1.894457e+14	1.582742e-01	3.038505e+00
1.894217e+14	1.399099e-01	2.835841e+00
1.893978e+14	1.208604e-01	2.631995e+00
1.893738e+14	1.017724e-01	2.426853e+00
1.893499e+14	8.325436e-02	2.220175e+00
1.893259e+14	6.584795e-02	2.011472e+00
1.893020e+14	5.000377e-02	1.799778e+00
1.892780e+14	3.606389e-02	1.583147e+00
1.892541e+14	2.425224e-02	1.357309e+00
1.892302e+14	1.467440e-02	1.111173e+00
1.892063e+14	7.335945e-03	8.049275e-01
1.891824e+14	2.318630e-03	1.446731e-01
1.891585e+14	2.129212e-03	-1.887991e+00
1.891346e+14	3.860538e-03	-2.455646e+00
1.891107e+14	4.653789e-03	-2.764498e+00
1.890868e+14	4.773222e-03	-3.033845e+00
1.890629e+14	4.647893e-03	2.983847e+00
1.890390e+14	4.723923e-03	2.719667e+00
1.890152e+14	5.420915e-03	2.475239e+00
1.889913e+14	7.108296e-03	2.264719e+00
1.889674e+14	1.010317e-02	2.078172e+00
1.889436e+14	1.465834e-02	1.899014e+00
1.889197e+14	2.094051e-02	1.718525e+00
1.888959e+14	2.901679e-02	1.534373e+00
1.888721e+14	3.884979e-02	1.346702e+00
1.888482e+14	5.029768e-02	1.156256e+00
1.888244e+14	6.311881e-02	9.637730e-01
1.888006e+14	7.698121e-02	7.698596e-01
1.887768e+14	9.147679e-02	5.749937e-01
1.887530e+14	1.061399e-01	3.795494e-01
1.887292e+14	1.204687e-01	1.838177e-01
1.887054e+14	1.339484e-01	-1.198098e-02
1.886816e+14	1.460731e-01	-2.076924e-01
1.886578e+14	1.563659e-01	-4.032259e-01
1.886341e+14	1.643955e-01	-5.985531e-01
1.886103e+14	1.697889e-01	-7.937034e-01
1.885865e+14	1.722404e-01	-9.887577e-01
1.885628e+14	1.715184e-01	-1.183838e+00
1.885390e+14	1.674704e-01	-1.379092e+00
1.885153e+14	1.600287e-01	-1.574683e+00
1.884916e+14	1.492154e-01	-1.770768e+00
1.884678e+14	1.351479e-01	-1.967489e+00
1.884441e+14	1.180446e-01	-2.164966e+00
1.884204e+14	9.822664e-02	-2.363309e+00
1.883967e+14	7.611664e-02	-2.562688e+00
1.883730e+14	5.223015e-02	-2.763615e+00
1.883493e+14	2.715995e-02	-2.968852e+00
1.883256e+14	1.584176e-03	2.912414e+00
1.883019e+14	2.393459e-02	-1.995897e-01
1.882782e+14	4.862284e-02	-4.059780e-01
1.882545e+14	7.190130e-02	-6.070654e-01
1.882309e+14	9.321618e-02	-8.064689e-01
1.882072e+14	1.121010e-01	-1.004830e+00
1.881835e+14	1.281878e-01	-1.202370e+00
1.881599e+14	1.412119e-01	-1.399237e+00
1.881362e+14	1.510100e-01	-1.595578e+00
1.881126e+14	1.575155e-01	-1.791558e+00
1.880890e+14	1.607517e-01	-1.987356e+00
1.880653e+14	1.608246e-01	-2.183155e+00
1.880417e+14	1.579163e-01	-2.379130e+00
1.880181e+14	1.522784e-01	-2.575439e+00
1.879945e+14	1.442250e-01	-2.772220e+00
1.879709e+14	1.341249e-01	-2.969586e+00
1.879473e+14	1.223912e-01	3.115555e+00
1.879237e+14	1.094688e-01	2.916744e+00
1.879001e+14	9.581894e-02	2.717066e+00
1.878765e+14	8.190193e-02	2.516372e+00
1.878529e+14	6.815872e-02	2.314415e+00
1.878294e+14	5.499312e-02	2.110756e+00
1.878058e+14	4.275572e-02	1.904599e+00
1.877822e+14	3.173099e-02	1.694408e+00
1.877587e+14	2.212852e-02	1.476964e+00
1.877351e+14	1.407938e-02	1.244347e+00
1.877116e+14	7.642452e-03	9.708025e-01
1.876881e+14	2.870999e-03	5.047702e-01
1.876645e+14	1.417672e-03	-1.505437e+00
1.876410e+14	3.258195e-03	-2.298730e+00
1.876175e+14	4.376375e-03	-2.616926e+00
1.875940e+14	4.775397e-03	-2.874209e+00
1.875705e+14	4.734261e-03	-3.119009e+00
1.875470e+14	4.567570e-03	2.918839e+00
1.875235e+14	4.592836e-03	2.674010e+00
1.875000e+14	5.108196e-03	2.442371e+00
