("port 1","TE",1,"port 1",1,"modulation")
(1,1)
0.00314
(500,3)
2.000000e+14	5.379969e-02	-8.588036e-01
1.999733e+14	4.245774e-02	-1.086797e+00
1.999466e+14	3.233464e-02	-1.316229e+00
1.999199e+14	2.371232e-02	-1.547370e+00
1.998932e+14	1.675668e-02	-1.780172e+00
1.998665e+14	1.151163e-02	-2.013253e+00
1.998398e+14	7.900236e-03	-2.241535e+00
1.998131e+14	5.734023e-03	-2.454057e+00
1.997865e+14	4.730591e-03	-2.641321e+00
1.997598e+14	4.530765e-03	-2.811934e+00
1.997332e+14	4.711784e-03	-2.982822e+00
1.997065e+14	4.814547e-03	3.128155e+00
1.996799e+14	4.383023e-03	2.974573e+00
1.996532e+14	3.028394e-03	2.922138e+00
1.996266e+14	1.293461e-03	-2.357192e+00
1.996000e+14	4.812701e-03	-1.341510e+00
1.995734e+14	1.116751e-02	-1.398135e+00
1.995468e+14	1.960911e-02	-1.563011e+00
1.995202e+14	3.005971e-02	-1.756723e+00
1.994936e+14	4.234952e-02	-1.962131e+00
1.994670e+14	5.618465e-02	-2.173346e+00
1.994404e+14	7.115155e-02	-2.387763e+00
1.994139e+14	8.673359e-02	-2.604016e+00
1.993873e+14	1.023359e-01	-2.821291e+00
1.993608e+14	1.173157e-01	-3.039066e+00
1.993342e+14	1.310155e-01	3.026190e+00
1.993077e+14	1.427953e-01	2.808323e+00
1.992812e+14	1.520613e-01	2.590623e+00
1.992546e+14	1.582894e-01	2.373107e+00
1.992281e+14	1.610433e-01	2.155711e+00
1.992016e+14	1.599888e-01	1.938309e+00
1.991751e+14	1.549045e-01	1.720745e+00
1.991486e+14	1.456937e-01	1.502856e+00
1.991221e+14	1.323951e-01	1.284514e+00
1.990956e+14	1.151952e-01	1.065677e+00
1.990691e+14	9.443683e-02	8.464681e-01
1.990427e+14	7.062289e-02	6.273833e-01
1.990162e+14	4.440902e-02	4.102073e-01
1.989898e+14	1.658502e-02	2.083112e-01
1.989633e+14	1.199842e-02	3.050768e+00
1.989369e+14	4.036001e-02	2.859875e+00
1.989104e+14	6.761913e-02	2.643341e+00
1.988840e+14	9.291706e-02	2.424196e+00
1.988576e+14	1.155093e-01	2.204751e+00
1.988312e+14	1.347916e-01	1.985628e+00
1.988048e+14	1.503155e-01	1.767001e+00
1.987784e+14	1.617916e-01	1.548840e+00
1.987520e+14	1.690846e-01	1.331001e+00
1.987256e+14	1.722031e-01	1.113277e+00
1.986992e+14	1.712901e-01	8.954315e-01
1.986729e+14	1.666129e-01	6.772340e-01
1.986465e+14	1.585537e-01	4.584808e-01
1.986201e+14	1.475995e-01	2.390097e-01
1.985938e+14	1.343268e-01	1.870414e-02
1.985674e+14	1.193816e-01	-2.025147e-01
1.985411e+14	1.034522e-01	-4.247072e-01
1.985148e+14	8.723558e-02	-6.479460e-01
1.984885e+14	7.140067e-02	-8.723558e-01
1.984622e+14	5.655089e-02	-1.098160e+00
1.984358e+14	4.319074e-02	-1.325724e+00
1.984095e+14	3.169899e-02	-1.555564e+00
1.983832e+14	2.231028e-02	-1.788199e+00
1.983570e+14	1.510589e-02	-2.023433e+00
1.983307e+14	1.001315e-02	-2.258017e+00
1.983044e+14	6.814200e-03	-2.480850e+00
1.982781e+14	5.167739e-03	-2.673423e+00
1.982519e+14	4.637792e-03	-2.833108e+00
1.982256e+14	4.706897e-03	-2.983424e+00
1.981994e+14	4.796677e-03	-3.135106e+00
1.981732e+14	4.321872e-03	3.019395e+00
1.981469e+14	2.801561e-03	3.044503e+00
1.981207e+14	1.790628e-03	-1.822189e+00
1.980945e+14	6.694028e-03	-1.273596e+00
1.980683e+14	1.458034e-02	-1.359601e+00
1.980421e+14	2.515797e-02	-1.527537e+00
1.980159e+14	3.840228e-02	-1.720357e+00
1.979897e+14	5.414854e-02	-1.923919e+00
1.979635e+14	7.206359e-02	-2.133007e+00
1.979373e+14	9.164990e-02	-2.345179e+00
1.979112e+14	1.122653e-01	-2.559079e+00
1.978850e+14	1.331555e-01	-2.773842e+00
1.978588e+14	1.534956e-01	-2.988872e+00
1.978327e+14	1.724364e-01	3.079434e+00
1.978066e+14	1.891480e-01	2.864975e+00
1.977804e+14	2.028573e-01	2.651068e+00
1.977543e+14	2.128741e-01	2.437710e+00
1.977282e+14	2.186082e-01	2.224775e+00
1.977021e+14	2.195780e-01	2.012031e+00
1.976760e+14	2.154165e-01	1.799170e+00
1.976499e+14	2.058805e-01	1.585849e+00
1.976238e+14	1.908646e-01	1.371733e+00
1.975977e+14	1.704254e-01	1.156561e+00
1.975716e+14	1.448109e-01	9.402074e-01
1.975455e+14	1.144902e-01	7.227994e-01
1.975195e+14	8.017476e-02	5.050041e-01
1.974934e+14	4.281651e-02	2.897594e-01
1.974674e+14	3.605178e-03	1.983979e-01
1.974413e+14	3.626497e-02	2.962230e+00
1.974153e+14	7.533228e-02	2.748257e+00
1.973892e+14	1.123479e-01	2.530093e+00
1.973632e+14	1.461644e-01	2.312008e+00
1.973372e+14	1.758440e-01	2.094947e+00
1.973112e+14	2.006867e-01	1.879184e+00
1.972852e+14	2.202280e-01	1.664684e+00
1.972592e+14	2.342174e-01	1.451212e+00
1.972332e+14	2.425882e-01	1.238406e+00
1.972072e+14	2.454299e-01	1.025832e+00
1.971812e+14	2.429691e-01	8.130407e-01
1.971553e+14	2.355601e-01	5.996124e-01
1.971293e+14	2.236830e-01	3.851931e-01
1.971034e+14	2.079444e-01	1.695188e-01
1.970774e+14	1.890732e-01	-4.757641e-02
1.970515e+14	1.679072e-01	-2.661704e-01
1.970255e+14	1.453637e-01	-4.862828e-01
1.969996e+14	1.223964e-01	-7.079243e-01
1.969737e+14	9.994019e-02	-9.311638e-01
1.969478e+14	7.885220e-02	-1.156213e+00
1.969219e+14	5.985691e-02	-1.383524e+00
1.968960e+14	4.350189e-02	-1.613893e+00
1.968701e+14	3.012819e-02	-1.848476e+00
1.968442e+14	1.985584e-02	-2.088349e+00
1.968183e+14	1.258226e-02	-2.332164e+00
1.967924e+14	7.992374e-03	-2.568536e+00
1.967666e+14	5.588641e-03	-2.767113e+00
1.967407e+14	4.747767e-03	-2.907455e+00
1.967148e+14	4.741565e-03	-3.022857e+00
1.966890e+14	4.737903e-03	-3.135620e+00
1.966632e+14	3.904242e-03	3.095909e+00
1.966373e+14	1.980833e-03	-2.657761e+00
1.966115e+14	4.896054e-03	-1.277541e+00
1.965857e+14	1.316986e-02	-1.230045e+00
1.965599e+14	2.533611e-02	-1.366772e+00
1.965341e+14	4.155400e-02	-1.547041e+00
1.965083e+14	6.184720e-02	-1.744244e+00
1.964825e+14	8.598471e-02	-1.949775e+00
1.964567e+14	1.134568e-01	-2.159888e+00
1.964309e+14	1.434829e-01	-2.372544e+00
1.964051e+14	1.750491e-01	-2.586399e+00
1.963794e+14	2.069743e-01	-2.800444e+00
1.963536e+14	2.379955e-01	-3.013881e+00
1.963279e+14	2.668575e-01	3.057077e+00
1.963021e+14	2.923891e-01	2.846451e+00
1.962764e+14	3.135517e-01	2.637580e+00
1.962507e+14	3.294565e-01	2.430367e+00
1.962249e+14	3.393514e-01	2.224473e+00
1.961992e+14	3.425925e-01	2.019337e+00
1.961735e+14	3.386104e-01	1.814222e+00
1.961478e+14	3.268900e-01	1.608274e+00
1.961221e+14	3.069753e-01	1.400595e+00
1.960964e+14	2.785129e-01	1.190343e+00
1.960707e+14	2.413424e-01	9.768526e-01
1.960450e+14	1.956309e-01	7.597934e-01
1.960194e+14	1.420319e-01	5.394071e-01
1.959937e+14	8.181936e-02	3.172798e-01
1.959681e+14	1.693469e-02	1.131602e-01
1.959424e+14	5.015225e-02	2.988111e+00
1.959168e+14	1.166432e-01	2.766262e+00
1.958911e+14	1.798589e-01	2.542463e+00
1.958655e+14	2.375247e-01	2.321213e+00
1.958399e+14	2.879883e-01	2.103780e+00
1.958143e+14	3.302530e-01	1.890541e+00
1.957886e+14	3.638803e-01	1.681286e+00
1.957630e+14	3.888278e-01	1.475377e+00
1.957374e+14	4.052879e-01	1.271887e+00
1.957119e+14	4.135637e-01	1.069726e+00
1.956863e+14	4.139953e-01	8.677471e-01
1.956607e+14	4.069367e-01	6.648357e-01
1.956351e+14	3.927753e-01	4.599885e-01
1.956096e+14	3.719839e-01	2.523793e-01
1.955840e+14	3.451913e-01	4.141492e-02
1.955585e+14	3.132548e-01	-1.732308e-01
1.955329e+14	2.773083e-01	-3.916153e-01
1.955074e+14	2.387644e-01	-6.135743e-01
1.954818e+14	1.992525e-01	-8.388249e-01
1.954563e+14	1.604956e-01	-1.067128e+00
1.954308e+14	1.241496e-01	-1.298506e+00
1.954053e+14	9.164076e-02	-1.533520e+00
1.953798e+14	6.403632e-02	-1.773625e+00
1.953543e+14	4.196555e-02	-2.021606e+00
1.953288e+14	2.558922e-02	-2.281633e+00
1.953033e+14	1.460096e-02	-2.555695e+00
1.952779e+14	8.242588e-03	-2.822779e+00
1.952524e+14	5.382067e-03	-2.999687e+00
1.952269e+14	4.731878e-03	-3.044120e+00
1.952015e+14	4.780718e-03	-3.056307e+00
1.951760e+14	3.851488e-03	-2.942544e+00
1.951506e+14	3.265983e-03	-1.718842e+00
1.951251e+14	1.177269e-02	-1.132730e+00
1.950997e+14	2.817261e-02	-1.190246e+00
1.950743e+14	5.309786e-02	-1.352783e+00
1.950489e+14	8.750049e-02	-1.549938e+00
1.950234e+14	1.317596e-01	-1.763679e+00
1.949980e+14	1.853961e-01	-1.987027e+00
1.949726e+14	2.468856e-01	-2.216067e+00
1.949473e+14	3.136518e-01	-2.447649e+00
1.949219e+14	3.823390e-01	-2.678708e+00
1.948965e+14	4.493534e-01	-2.906249e+00
1.948711e+14	5.114950e-01	-3.127645e+00
1.948458e+14	5.664283e-01	2.942223e+00
1.948204e+14	6.128318e-01	2.738010e+00
1.947951e+14	6.502441e-01	2.543007e+00
1.947697e+14	6.787448e-01	2.356500e+00
1.947444e+14	6.986044e-01	2.177106e+00
1.947190e+14	7.099745e-01	2.002885e+00
1.946937e+14	7.126139e-01	1.831366e+00
1.946684e+14	7.056015e-01	1.659457e+00
1.946431e+14	6.869515e-01	1.483226e+00
1.946178e+14	6.530209e-01	1.297510e+00
1.945925e+14	5.976001e-01	1.095381e+00
1.945672e+14	5.107898e-01	8.676973e-01
1.945419e+14	3.788246e-01	6.037038e-01
1.945166e+14	1.890800e-01	2.957001e-01
1.944914e+14	5.342082e-02	3.075854e+00
1.944661e+14	3.091774e-01	2.720687e+00
1.944408e+14	5.254865e-01	2.384103e+00
1.944156e+14	6.792825e-01	2.095516e+00
1.943903e+14	7.791138e-01	1.856284e+00
1.943651e+14	8.422878e-01	1.657154e+00
1.943399e+14	8.826471e-01	1.487787e+00
1.943146e+14	9.090256e-01	1.339898e+00
1.942894e+14	9.266924e-01	1.207460e+00
1.942642e+14	9.387614e-01	1.086175e+00
1.942390e+14	9.470963e-01	9.729402e-01
1.942138e+14	9.528315e-01	8.654434e-01
1.941886e+14	9.566651e-01	7.618928e-01
1.941634e+14	9.590224e-01	6.608260e-01
1.941382e+14	9.601484e-01	5.609782e-01
1.941131e+14	9.601565e-01	4.611817e-01
1.940879e+14	9.590506e-01	3.602845e-01
1.940627e+14	9.567279e-01	2.570726e-01
1.940376e+14	9.529612e-01	1.501896e-01
1.940124e+14	9.473599e-01	3.804141e-02
1.939873e+14	9.392982e-01	-8.132270e-02
1.939622e+14	9.277952e-01	-2.103650e-01
1.939370e+14	9.113225e-01	-3.522577e-01
1.939119e+14	8.875097e-01	-5.111199e-01
1.938868e+14	8.527487e-01	-6.922415e-01
1.938617e+14	8.018318e-01	-9.021328e-01
1.938366e+14	7.281734e-01	-1.148046e+00
1.938115e+14	6.259375e-01	-1.436588e+00
1.937864e+14	4.954673e-01	-1.772295e+00
1.937613e+14	3.497739e-01	-2.161547e+00
1.937362e+14	2.142301e-01	-2.635588e+00
1.937112e+14	1.180417e-01	2.977372e+00
1.936861e+14	8.177329e-02	2.090183e+00
1.936611e+14	7.935204e-02	1.572731e+00
1.936360e+14	8.571951e-02	1.658460e+00
1.936110e+14	1.371569e-01	1.929551e+00
1.935859e+14	2.457375e-01	1.912147e+00
1.935609e+14	3.861885e-01	1.722972e+00
1.935359e+14	5.296136e-01	1.476500e+00
1.935109e+14	6.533190e-01	1.225024e+00
1.934858e+14	7.479237e-01	9.920398e-01
1.934608e+14	8.152568e-01	7.850062e-01
1.934358e+14	8.616377e-01	6.031807e-01
1.934109e+14	8.933488e-01	4.427588e-01
1.933859e+14	9.151531e-01	2.994568e-01
1.933609e+14	9.302984e-01	1.694738e-01
1.933359e+14	9.409081e-01	4.970213e-02
1.933110e+14	9.483519e-01	-6.233462e-02
1.932860e+14	9.535096e-01	-1.686133e-01
1.932610e+14	9.569425e-01	-2.707412e-01
1.932361e+14	9.589988e-01	-3.700658e-01
1.932112e+14	9.598763e-01	-4.677649e-01
1.931862e+14	9.596562e-01	-5.649216e-01
1.931613e+14	9.583162e-01	-6.625923e-01
1.931364e+14	9.557257e-01	-7.618751e-01
1.931115e+14	9.516208e-01	-8.639861e-01
1.930865e+14	9.455522e-01	-9.703554e-01
1.930616e+14	9.367902e-01	-1.082757e+00
1.930368e+14	9.241556e-01	-1.203493e+00
1.930119e+14	9.057217e-01	-1.335668e+00
1.929870e+14	8.782893e-01	-1.483572e+00
1.929621e+14	8.364922e-01	-1.653190e+00
1.929372e+14	7.714525e-01	-1.852660e+00
1.929124e+14	6.695544e-01	-2.091929e+00
1.928875e+14	5.144348e-01	-2.379497e+00
1.928627e+14	2.992852e-01	-2.713545e+00
1.928378e+14	4.781702e-02	-3.077233e+00
1.928130e+14	1.896124e-01	-2.685395e-01
1.927882e+14	3.760386e-01	-5.738272e-01
1.927633e+14	5.066974e-01	-8.349889e-01
1.927385e+14	5.934280e-01	-1.060550e+00
1.927137e+14	6.493602e-01	-1.260938e+00
1.926889e+14	6.840827e-01	-1.444998e+00
1.926641e+14	7.036982e-01	-1.619463e+00
1.926393e+14	7.118454e-01	-1.789375e+00
1.926145e+14	7.105564e-01	-1.958584e+00
1.925897e+14	7.008253e-01	-2.130126e+00
1.925650e+14	6.829758e-01	-2.306453e+00
1.925402e+14	6.569294e-01	-2.489534e+00
1.925154e+14	6.224481e-01	-2.680861e+00
1.924907e+14	5.794021e-01	-2.881373e+00
1.924659e+14	5.280734e-01	-3.091347e+00
1.924412e+14	4.694535e-01	2.972874e+00
1.924165e+14	4.054307e-01	2.746118e+00
1.923917e+14	3.387444e-01	2.513295e+00
1.923670e+14	2.726528e-01	2.276278e+00
1.923423e+14	2.104019e-01	2.036572e+00
1.923176e+14	1.546965e-01	1.794778e+00
1.922929e+14	1.073611e-01	1.549948e+00
1.922682e+14	6.925164e-02	1.298438e+00
1.922435e+14	4.036390e-02	1.030571e+00
1.922188e+14	2.004287e-02	7.169794e-01
1.921941e+14	7.305700e-03	2.176572e-01
1.921694e+14	2.708727e-03	-1.408257e+00
1.921448e+14	4.327486e-03	-2.487724e+00
1.921201e+14	4.781144e-03	-2.954581e+00
1.920955e+14	4.784777e-03	2.909445e+00
1.920708e+14	5.877884e-03	2.551732e+00
1.920462e+14	9.333627e-03	2.330068e+00
1.920215e+14	1.629760e-02	2.170464e+00
1.919969e+14	2.774114e-02	2.007803e+00
1.919723e+14	4.427686e-02	1.829912e+00
1.919477e+14	6.611736e-02	1.639904e+00
1.919231e+14	9.306795e-02	1.441865e+00
1.918985e+14	1.245296e-01	1.238762e+00
1.918739e+14	1.595284e-01	1.032688e+00
1.918493e+14	1.967844e-01	8.252317e-01
1.918247e+14	2.348205e-01	6.176844e-01
1.918001e+14	2.720970e-01	4.111106e-01
1.917756e+14	3.071470e-01	2.063410e-01
1.917510e+14	3.386824e-01	3.937604e-03
1.917264e+14	3.656519e-01	-1.958346e-01
1.917019e+14	3.872484e-01	-3.930144e-01
1.916773e+14	4.028745e-01	-5.879252e-01
1.916528e+14	4.120858e-01	-7.811361e-01
1.916283e+14	4.145305e-01	-9.734092e-01
1.916037e+14	4.098992e-01	-1.165641e+00
1.915792e+14	3.978980e-01	-1.358797e+00
1.915547e+14	3.782509e-01	-1.553845e+00
1.915302e+14	3.507389e-01	-1.751673e+00
1.915057e+14	3.152792e-01	-1.953003e+00
1.914812e+14	2.720392e-01	-2.158301e+00
1.914567e+14	2.215699e-01	-2.367701e+00
1.914322e+14	1.649222e-01	-2.580999e+00
1.914077e+14	1.036962e-01	-2.797913e+00
1.913833e+14	3.997703e-02	-3.021045e+00
1.913588e+14	2.386484e-02	-7.127840e-02
1.913344e+14	8.542525e-02	-2.993904e-01
1.913099e+14	1.425920e-01	-5.154907e-01
1.912855e+14	1.937148e-01	-7.274750e-01
1.912610e+14	2.376965e-01	-9.356971e-01
1.912366e+14	2.739561e-01	-1.140362e+00
1.912122e+14	3.023235e-01	-1.341897e+00
1.911877e+14	3.229132e-01	-1.540933e+00
1.911633e+14	3.360141e-01	-1.738239e+00
1.911389e+14	3.420105e-01	-1.934633e+00
1.911145e+14	3.413399e-01	-2.130918e+00
1.910901e+14	3.344802e-01	-2.327825e+00
1.910657e+14	3.219601e-01	-2.525966e+00
1.910413e+14	3.043816e-01	-2.725807e+00
1.910170e+14	2.824450e-01	-2.927651e+00
1.909926e+14	2.569659e-01	-3.131635e+00
1.909682e+14	2.288754e-01	2.945426e+00
1.909439e+14	1.991976e-01	2.737263e+00
1.909195e+14	1.690044e-01	2.527189e+00
1.908952e+14	1.393543e-01	2.315270e+00
1.908708e+14	1.112235e-01	2.101381e+00
1.908465e+14	8.544409e-02	1.885020e+00
1.908222e+14	6.265741e-02	1.664969e+00
1.907979e+14	4.328766e-02	1.438535e+00
1.907735e+14	2.753698e-02	1.199429e+00
1.907492e+14	1.540146e-02	9.299302e-01
1.907249e+14	6.732007e-03	5.559491e-01
1.907006e+14	1.892209e-03	-6.087161e-01
1.906763e+14	3.174986e-03	-2.208960e+00
1.906521e+14	4.479750e-03	-2.657839e+00
1.906278e+14	4.777121e-03	-2.976391e+00
1.906035e+14	4.696748e-03	3.002478e+00
1.905792e+14	4.945890e-03	2.705272e+00
1.905550e+14	6.175373e-03	2.450775e+00
1.905307e+14	8.948596e-03	2.249662e+00
1.905065e+14	1.375608e-02	2.072718e+00
1.904822e+14	2.097936e-02	1.896991e+00
1.904580e+14	3.084969e-02	1.715547e+00
1.904338e+14	4.343160e-02	1.528230e+00
1.904096e+14	5.861825e-02	1.336387e+00
1.903853e+14	7.613386e-02	1.141339e+00
1.903611e+14	9.554458e-02	9.441294e-01
1.903369e+14	1.162792e-01	7.455601e-01
1.903127e+14	1.376595e-01	5.462577e-01
1.902885e+14	1.589385e-01	3.467208e-01
1.902644e+14	1.793425e-01	1.473389e-01
1.902402e+14	1.981112e-01	-5.160431e-02
1.902160e+14	2.145333e-01	-2.499343e-01
1.901918e+14	2.279707e-01	-4.475896e-01
1.901677e+14	2.378748e-01	-6.446199e-01
1.901435e+14	2.437917e-01	-8.411774e-01
1.901194e+14	2.453638e-01	-1.037501e+00
1.900952e+14	2.423281e-01	-1.233890e+00
1.900711e+14	2.345179e-01	-1.430681e+00
1.900470e+14	2.218691e-01	-1.628209e+00
1.900228e+14	2.044334e-01	-1.826778e+00
1.899987e+14	1.823957e-01	-2.026633e+00
1.899746e+14	1.560950e-01	-2.227938e+00
1.899505e+14	1.260405e-01	-2.430785e+00
1.899264e+14	9.291671e-02	-2.635289e+00
1.899023e+14	5.757172e-02	-2.842087e+00
1.898782e+14	2.098401e-02	-3.058023e+00
1.898542e+14	1.580457e-02	-8.138338e-02
1.898301e+14	5.171350e-02	-3.021252e-01
1.898060e+14	8.575442e-02	-5.090705e-01
1.897819e+14	1.170434e-01	-7.133986e-01
1.897579e+14	1.448575e-01	-9.160409e-01
1.897338e+14	1.686515e-01	-1.117234e+00
1.897098e+14	1.880571e-01	-1.317156e+00
1.896858e+14	2.028684e-01	-1.516030e+00
1.896617e+14	2.130215e-01	-1.714134e+00
1.896377e+14	2.185735e-01	-1.911785e+00
1.896137e+14	2.196846e-01	-2.109314e+00
1.895897e+14	2.166068e-01	-2.307037e+00
1.895657e+14	2.096751e-01	-2.505239e+00
1.895417e+14	1.993040e-01	-2.704152e+00
1.895177e+14	1.859819e-01	-2.903953e+00
1.894937e+14	1.702640e-01	-3.104761e+00
1.894697e+14	1.527600e-01	2.976534e+00
1.894457e+14	1.341151e-01	2.773508e+00
1.894217e+14	1.149853e-01	2.569274e+00
1.893978e+14	9.600905e-02	2.363688e+00
1.893738e+14	7.777717e-02	2.156451e+00
1.893499e+14	6.080578e-02	1.946959e+00
1.893259e+14	4.551381e-02	1.734023e+00
1.893020e+14	3.220776e-02	1.515195e+00
1.892780e+14	2.107478e-02	1.284887e+00
1.892541e+14	1.218626e-02	1.027413e+00
1.892302e+14	5.530720e-03	6.768550e-01
1.892063e+14	1.500746e-03	-4.397803e-01
1.891824e+14	2.748295e-03	-2.135216e+00
1.891585e+14	4.198647e-03	-2.559692e+00
1.891346e+14	4.743140e-03	-2.848861e+00
1.891107e+14	4.739972e-03	-3.115202e+00
1.890868e+14	4.629518e-03	2.902017e+00
1.890629e+14	4.853750e-03	2.641431e+00
1.890390e+14	5.818118e-03	2.407044e+00
1.890152e+14	7.876078e-03	2.205759e+00
1.889913e+14	1.132724e-02	2.022950e+00
1.889674e+14	1.640009e-02	1.843906e+00
1.889436e+14	2.323168e-02	1.662350e+00
1.889197e+14	3.185726e-02	1.477038e+00
1.888959e+14	4.220710e-02	1.288417e+00
1.888721e+14	5.410795e-02	1.097259e+00
1.888482e+14	6.728912e-02	9.042666e-01
1.888244e+14	8.139345e-02	7.100038e-01
1.888006e+14	9.599293e-02	5.149139e-01
1.887768e+14	1.106083e-01	3.193434e-01
1.887530e+14	1.247314e-01	1.235609e-01
1.887292e+14	1.378475e-01	-7.223407e-02
1.887054e+14	1.494578e-01	-2.679070e-01
1.886816e+14	1.590978e-01	-4.633866e-01
1.886578e+14	1.663528e-01	-6.586628e-01
1.886341e+14	1.708698e-01	-8.537819e-01
1.886103e+14	1.723650e-01	-1.048839e+00
1.885865e+14	1.706307e-01	-1.243965e+00
1.885628e+14	1.655402e-01	-1.439314e+00
1.885390e+14	1.570525e-01	-1.635050e+00
1.885153e+14	1.452187e-01	-1.831326e+00
1.884916e+14	1.301868e-01	-2.028276e+00
1.884678e+14	1.122068e-01	-2.226016e+00
1.884441e+14	9.163170e-02	-2.424663e+00
1.884204e+14	6.891396e-02	-2.624439e+00
1.883967e+14	4.459507e-02	-2.826148e+00
1.883730e+14	1.928762e-02	-3.035436e+00
1.883493e+14	6.366996e-03	-2.275918e-02
1.883256e+14	3.166618e-02	-2.645481e-01
1.883019e+14	5.598418e-02	-4.683077e-01
1.882782e+14	7.871298e-02	-6.687497e-01
1.882545e+14	9.932404e-02	-8.678036e-01
1.882309e+14	1.173804e-01	-1.065902e+00
1.882072e+14	1.325458e-01	-1.263228e+00
1.881835e+14	1.445870e-01	-1.459924e+00
1.881599e+14	1.533714e-01	-1.656144e+00
1.881362e+14	1.588608e-01	-1.852056e+00
1.881126e+14	1.611049e-01	-2.047843e+00
1.880890e+14	1.602338e-01	-2.243686e+00
1.880653e+14	1.564520e-01	-2.439757e+00
1.880417e+14	1.500310e-01	-2.636207e+00
1.880181e+14	1.413029e-01	-2.833165e+00
1.879945e+14	1.306514e-01	-3.030739e+00
1.879709e+14	1.185011e-01	3.054166e+00
1.879473e+14	1.053036e-01	2.855092e+00
1.879237e+14	9.152185e-02	2.655112e+00
1.879001e+14	7.761227e-02	2.454054e+00
1.878765e+14	6.400621e-02	2.251623e+00
1.878529e+14	5.109263e-02	2.047295e+00
1.878294e+14	3.920293e-02	1.840100e+00
1.878058e+14	2.859916e-02	1.628133e+00
1.877822e+14	1.946671e-02	1.407227e+00
1.877587e+14	1.191287e-02	1.166409e+00
1.877351e+14	5.979979e-03	8.649129e-01
1.877116e+14	1.813238e-03	1.686952e-01
1.876881e+14	2.007608e-03	-1.902476e+00
1.876645e+14	3.694516e-03	-2.411139e+00
1.876410e+14	4.565085e-03	-2.699635e+00
1.876175e+14	4.795321e-03	-2.950524e+00
1.875940e+14	4.681041e-03	3.088391e+00
1.875705e+14	4.540380e-03	2.842475e+00
1.875470e+14	4.687108e-03	2.600076e+00
1.875235e+14	5.409755e-03	2.375337e+00
1.875000e+14	6.960190e-03	2.174703e+00
("port 1","TE",1,"port 2",1,"modulation")
(1,1)
0.00314
(500,3)
2.000000e+14	5.379969e-02	-8.588036e-01
1.999733e+14	4.245774e-02	-1.086797e+00
1.999466e+14	3.233464e-02	-1.316229e+00
1.999199e+14	2.371232e-02	-1.547370e+00
1.998932e+14	1.675668e-02	-1.780172e+00
1.998665e+14	1.151163e-02	-2.013253e+00
1.998398e+14	7.900236e-03	-2.241535e+00
1.998131e+14	5.734023e-03	-2.454057e+00
1.997865e+14	4.730591e-03	-2.641321e+00
1.997598e+14	4.530765e-03	-2.811934e+00
1.997332e+14	4.711784e-03	-2.982822e+00
1.997065e+14	4.814547e-03	3.128155e+00
1.996799e+14	4.383023e-03	2.974573e+00
1.996532e+14	3.028394e-03	2.922138e+00
1.996266e+14	1.293461e-03	-2.357192e+00
1.996000e+14	4.812701e-03	-1.341510e+00
1.995734e+14	1.116751e-02	-1.398135e+00
1.995468e+14	1.960911e-02	-1.563011e+00
1.995202e+14	3.005971e-02	-1.756723e+00
1.994936e+14	4.234952e-02	-1.962131e+00
1.994670e+14	5.618465e-02	-2.173346e+00
1.994404e+14	7.115155e-02	-2.387763e+00
1.994139e+14	8.673359e-02	-2.604016e+00
1.993873e+14	1.023359e-01	-2.821291e+00
1.993608e+14	1.173157e-01	-3.039066e+00
1.993342e+14	1.310155e-01	3.026190e+00
1.993077e+14	1.427953e-01	2.808323e+00
1.992812e+14	1.520613e-01	2.590623e+00
1.992546e+14	1.582894e-01	2.373107e+00
1.992281e+14	1.610433e-01	2.155711e+00
1.992016e+14	1.599888e-01	1.938309e+00
1.991751e+14	1.549045e-01	1.720745e+00
1.991486e+14	1.456937e-01	1.502856e+00
1.991221e+14	1.323951e-01	1.284514e+00
1.990956e+14	1.151952e-01	1.065677e+00
1.990691e+14	9.443683e-02	8.464681e-01
1.990427e+14	7.062289e-02	6.273833e-01
1.990162e+14	4.440902e-02	4.102073e-01
1.989898e+14	1.658502e-02	2.083112e-01
1.989633e+14	1.199842e-02	3.050768e+00
1.989369e+14	4.036001e-02	2.859875e+00
1.989104e+14	6.761913e-02	2.643341e+00
1.988840e+14	9.291706e-02	2.424196e+00
1.988576e+14	1.155093e-01	2.204751e+00
1.988312e+14	1.347916e-01	1.985628e+00
1.988048e+14	1.503155e-01	1.767001e+00
1.987784e+14	1.617916e-01	1.548840e+00
1.987520e+14	1.690846e-01	1.331001e+00
1.987256e+14	1.722031e-01	1.113277e+00
1.986992e+14	1.712901e-01	8.954315e-01
1.986729e+14	1.666129e-01	6.772340e-01
1.986465e+14	1.585537e-01	4.584808e-01
1.986201e+14	1.475995e-01	2.390097e-01
1.985938e+14	1.343268e-01	1.870414e-02
1.985674e+14	1.193816e-01	-2.025147e-01
1.985411e+14	1.034522e-01	-4.247072e-01
1.985148e+14	8.723558e-02	-6.479460e-01
1.984885e+14	7.140067e-02	-8.723558e-01
1.984622e+14	5.655089e-02	-1.098160e+00
1.984358e+14	4.319074e-02	-1.325724e+00
1.984095e+14	3.169899e-02	-1.555564e+00
1.983832e+14	2.231028e-02	-1.788199e+00
1.983570e+14	1.510589e-02	-2.023433e+00
1.983307e+14	1.001315e-02	-2.258017e+00
1.983044e+14	6.814200e-03	-2.480850e+00
1.982781e+14	5.167739e-03	-2.673423e+00
1.982519e+14	4.637792e-03	-2.833108e+00
1.982256e+14	4.706897e-03	-2.983424e+00
1.981994e+14	4.796677e-03	-3.135106e+00
1.981732e+14	4.321872e-03	3.019395e+00
1.981469e+14	2.801561e-03	3.044503e+00
1.981207e+14	1.790628e-03	-1.822189e+00
1.980945e+14	6.694028e-03	-1.273596e+00
1.980683e+14	1.458034e-02	-1.359601e+00
1.980421e+14	2.515797e-02	-1.527537e+00
1.980159e+14	3.840228e-02	-1.720357e+00
1.979897e+14	5.414854e-02	-1.923919e+00
1.979635e+14	7.206359e-02	-2.133007e+00
1.979373e+14	9.164990e-02	-2.345179e+00
1.979112e+14	1.122653e-01	-2.559079e+00
1.978850e+14	1.331555e-01	-2.773842e+00
1.978588e+14	1.534956e-01	-2.988872e+00
1.978327e+14	1.724364e-01	3.079434e+00
1.978066e+14	1.891480e-01	2.864975e+00
1.977804e+14	2.028573e-01	2.651068e+00
1.977543e+14	2.128741e-01	2.437710e+00
1.977282e+14	2.186082e-01	2.224775e+00
1.977021e+14	2.195780e-01	2.012031e+00
1.976760e+14	2.154165e-01	1.799170e+00
1.976499e+14	2.058805e-01	1.585849e+00
1.976238e+14	1.908646e-01	1.371733e+00
1.975977e+14	1.704254e-01	1.156561e+00
1.975716e+14	1.448109e-01	9.402074e-01
1.975455e+14	1.144902e-01	7.227994e-01
1.975195e+14	8.017476e-02	5.050041e-01
1.974934e+14	4.281651e-02	2.897594e-01
1.974674e+14	3.605178e-03	1.983979e-01
1.974413e+14	3.626497e-02	2.962230e+00
1.974153e+14	7.533228e-02	2.748257e+00
1.973892e+14	1.123479e-01	2.530093e+00
1.973632e+14	1.461644e-01	2.312008e+00
1.973372e+14	1.758440e-01	2.094947e+00
1.973112e+14	2.006867e-01	1.879184e+00
1.972852e+14	2.202280e-01	1.664684e+00
1.972592e+14	2.342174e-01	1.451212e+00
1.972332e+14	2.425882e-01	1.238406e+00
1.972072e+14	2.454299e-01	1.025832e+00
1.971812e+14	2.429691e-01	8.130407e-01
1.971553e+14	2.355601e-01	5.996124e-01
1.971293e+14	2.236830e-01	3.851931e-01
1.971034e+14	2.079444e-01	1.695188e-01
1.970774e+14	1.890732e-01	-4.757641e-02
1.970515e+14	1.679072e-01	-2.661704e-01
1.970255e+14	1.453637e-01	-4.862828e-01
1.969996e+14	1.223964e-01	-7.079243e-01
1.969737e+14	9.994019e-02	-9.311638e-01
1.969478e+14	7.885220e-02	-1.156213e+00
1.969219e+14	5.985691e-02	-1.383524e+00
1.968960e+14	4.350189e-02	-1.613893e+00
1.968701e+14	3.012819e-02	-1.848476e+00
1.968442e+14	1.985584e-02	-2.088349e+00
1.968183e+14	1.258226e-02	-2.332164e+00
1.967924e+14	7.992374e-03	-2.568536e+00
1.967666e+14	5.588641e-03	-2.767113e+00
1.967407e+14	4.747767e-03	-2.907455e+00
1.967148e+14	4.741565e-03	-3.022857e+00
1.966890e+14	4.737903e-03	-3.135620e+00
1.966632e+14	3.904242e-03	3.095909e+00
1.966373e+14	1.980833e-03	-2.657761e+00
1.966115e+14	4.896054e-03	-1.277541e+00
1.965857e+14	1.316986e-02	-1.230045e+00
1.965599e+14	2.533611e-02	-1.366772e+00
1.965341e+14	4.155400e-02	-1.547041e+00
1.965083e+14	6.184720e-02	-1.744244e+00
1.964825e+14	8.598471e-02	-1.949775e+00
1.964567e+14	1.134568e-01	-2.159888e+00
1.964309e+14	1.434829e-01	-2.372544e+00
1.964051e+14	1.750491e-01	-2.586399e+00
1.963794e+14	2.069743e-01	-2.800444e+00
1.963536e+14	2.379955e-01	-3.013881e+00
1.963279e+14	2.668575e-01	3.057077e+00
1.963021e+14	2.923891e-01	2.846451e+00
1.962764e+14	3.135517e-01	2.637580e+00
1.962507e+14	3.294565e-01	2.430367e+00
1.962249e+14	3.393514e-01	2.224473e+00
1.961992e+14	3.425925e-01	2.019337e+00
1.961735e+14	3.386104e-01	1.814222e+00
1.961478e+14	3.268900e-01	1.608274e+00
1.961221e+14	3.069753e-01	1.400595e+00
1.960964e+14	2.785129e-01	1.190343e+00
1.960707e+14	2.413424e-01	9.768526e-01
1.960450e+14	1.956309e-01	7.597934e-01
1.960194e+14	1.420319e-01	5.394071e-01
1.959937e+14	8.181936e-02	3.172798e-01
1.959681e+14	1.693469e-02	1.131602e-01
1.959424e+14	5.015225e-02	2.988111e+00
1.959168e+14	1.166432e-01	2.766262e+00
1.958911e+14	1.798589e-01	2.542463e+00
1.958655e+14	2.375247e-01	2.321213e+00
1.958399e+14	2.879883e-01	2.103780e+00
1.958143e+14	3.302530e-01	1.890541e+00
1.957886e+14	3.638803e-01	1.681286e+00
1.957630e+14	3.888278e-01	1.475377e+00
1.957374e+14	4.052879e-01	1.271887e+00
1.957119e+14	4.135637e-01	1.069726e+00
1.956863e+14	4.139953e-01	8.677471e-01
1.956607e+14	4.069367e-01	6.648357e-01
1.956351e+14	3.927753e-01	4.599885e-01
1.956096e+14	3.719839e-01	2.523793e-01
1.955840e+14	3.451913e-01	4.141492e-02
1.955585e+14	3.132548e-01	-1.732308e-01
1.955329e+14	2.773083e-01	-3.916153e-01
1.955074e+14	2.387644e-01	-6.135743e-01
1.954818e+14	1.992525e-01	-8.388249e-01
1.954563e+14	1.604956e-01	-1.067128e+00
1.954308e+14	1.241496e-01	-1.298506e+00
1.954053e+14	9.164076e-02	-1.533520e+00
1.953798e+14	6.403632e-02	-1.773625e+00
1.953543e+14	4.196555e-02	-2.021606e+00
1.953288e+14	2.558922e-02	-2.281633e+00
1.953033e+14	1.460096e-02	-2.555695e+00
1.952779e+14	8.242588e-03	-2.822779e+00
1.952524e+14	5.382067e-03	-2.999687e+00
1.952269e+14	4.731878e-03	-3.044120e+00
1.952015e+14	4.780718e-03	-3.056307e+00
1.951760e+14	3.851488e-03	-2.942544e+00
1.951506e+14	3.265983e-03	-1.718842e+00
1.951251e+14	1.177269e-02	-1.132730e+00
1.950997e+14	2.817261e-02	-1.190246e+00
1.950743e+14	5.309786e-02	-1.352783e+00
1.950489e+14	8.750049e-02	-1.549938e+00
1.950234e+14	1.317596e-01	-1.763679e+00
1.949980e+14	1.853961e-01	-1.987027e+00
1.949726e+14	2.468856e-01	-2.216067e+00
1.949473e+14	3.136518e-01	-2.447649e+00
1.949219e+14	3.823390e-01	-2.678708e+00
1.948965e+14	4.493534e-01	-2.906249e+00
1.948711e+14	5.114950e-01	-3.127645e+00
1.948458e+14	5.664283e-01	2.942223e+00
1.948204e+14	6.128318e-01	2.738010e+00
1.947951e+14	6.502441e-01	2.543007e+00
1.947697e+14	6.787448e-01	2.356500e+00
1.947444e+14	6.986044e-01	2.177106e+00
1.947190e+14	7.099745e-01	2.002885e+00
1.946937e+14	7.126139e-01	1.831366e+00
1.946684e+14	7.056015e-01	1.659457e+00
1.946431e+14	6.869515e-01	1.483226e+00
1.946178e+14	6.530209e-01	1.297510e+00
1.945925e+14	5.976001e-01	1.095381e+00
1.945672e+14	5.107898e-01	8.676973e-01
1.945419e+14	3.788246e-01	6.037038e-01
1.945166e+14	1.890800e-01	2.957001e-01
1.944914e+14	5.342082e-02	3.075854e+00
1.944661e+14	3.091774e-01	2.720687e+00
1.944408e+14	5.254865e-01	2.384103e+00
1.944156e+14	6.792825e-01	2.095516e+00
1.943903e+14	7.791138e-01	1.856284e+00
1.943651e+14	8.422878e-01	1.657154e+00
1.943399e+14	8.826471e-01	1.487787e+00
1.943146e+14	9.090256e-01	1.339898e+00
1.942894e+14	9.266924e-01	1.207460e+00
1.942642e+14	9.387614e-01	1.086175e+00
1.942390e+14	9.470963e-01	9.729402e-01
1.942138e+14	9.528315e-01	8.654434e-01
1.941886e+14	9.566651e-01	7.618928e-01
1.941634e+14	9.590224e-01	6.608260e-01
1.941382e+14	9.601484e-01	5.609782e-01
1.941131e+14	9.601565e-01	4.611817e-01
1.940879e+14	9.590506e-01	3.602845e-01
1.940627e+14	9.567279e-01	2.570726e-01
1.940376e+14	9.529612e-01	1.501896e-01
1.940124e+14	9.473599e-01	3.804141e-02
1.939873e+14	9.392982e-01	-8.132270e-02
1.939622e+14	9.277952e-01	-2.103650e-01
1.939370e+14	9.113225e-01	-3.522577e-01
1.939119e+14	8.875097e-01	-5.111199e-01
1.938868e+14	8.527487e-01	-6.922415e-01
1.938617e+14	8.018318e-01	-9.021328e-01
1.938366e+14	7.281734e-01	-1.148046e+00
1.938115e+14	6.259375e-01	-1.436588e+00
1.937864e+14	4.954673e-01	-1.772295e+00
1.937613e+14	3.497739e-01	-2.161547e+00
1.937362e+14	2.142301e-01	-2.635588e+00
1.937112e+14	1.180417e-01	2.977372e+00
1.936861e+14	8.177329e-02	2.090183e+00
1.936611e+14	7.935204e-02	1.572731e+00
1.936360e+14	8.571951e-02	1.658460e+00
1.936110e+14	1.371569e-01	1.929551e+00
1.935859e+14	2.457375e-01	1.912147e+00
1.935609e+14	3.861885e-01	1.722972e+00
1.935359e+14	5.296136e-01	1.476500e+00
1.935109e+14	6.533190e-01	1.225024e+00
1.934858e+14	7.479237e-01	9.920398e-01
1.934608e+14	8.152568e-01	7.850062e-01
1.934358e+14	8.616377e-01	6.031807e-01
1.934109e+14	8.933488e-01	4.427588e-01
1.933859e+14	9.151531e-01	2.994568e-01
1.933609e+14	9.302984e-01	1.694738e-01
1.933359e+14	9.409081e-01	4.970213e-02
1.933110e+14	9.483519e-01	-6.233462e-02
1.932860e+14	9.535096e-01	-1.686133e-01
1.932610e+14	9.569425e-01	-2.707412e-01
1.932361e+14	9.589988e-01	-3.700658e-01
1.932112e+14	9.598763e-01	-4.677649e-01
1.931862e+14	9.596562e-01	-5.649216e-01
1.931613e+14	9.583162e-01	-6.625923e-01
1.931364e+14	9.557257e-01	-7.618751e-01
1.931115e+14	9.516208e-01	-8.639861e-01
1.930865e+14	9.455522e-01	-9.703554e-01
1.930616e+14	9.367902e-01	-1.082757e+00
1.930368e+14	9.241556e-01	-1.203493e+00
1.930119e+14	9.057217e-01	-1.335668e+00
1.929870e+14	8.782893e-01	-1.483572e+00
1.929621e+14	8.364922e-01	-1.653190e+00
1.929372e+14	7.714525e-01	-1.852660e+00
1.929124e+14	6.695544e-01	-2.091929e+00
1.928875e+14	5.144348e-01	-2.379497e+00
1.928627e+14	2.992852e-01	-2.713545e+00
1.928378e+14	4.781702e-02	-3.077233e+00
1.928130e+14	1.896124e-01	-2.685395e-01
1.927882e+14	3.760386e-01	-5.738272e-01
1.927633e+14	5.066974e-01	-8.349889e-01
1.927385e+14	5.934280e-01	-1.060550e+00
1.927137e+14	6.493602e-01	-1.260938e+00
1.926889e+14	6.840827e-01	-1.444998e+00
1.926641e+14	7.036982e-01	-1.619463e+00
1.926393e+14	7.118454e-01	-1.789375e+00
1.926145e+14	7.105564e-01	-1.958584e+00
1.925897e+14	7.008253e-01	-2.130126e+00
1.925650e+14	6.829758e-01	-2.306453e+00
1.925402e+14	6.569294e-01	-2.489534e+00
1.925154e+14	6.224481e-01	-2.680861e+00
1.924907e+14	5.794021e-01	-2.881373e+00
1.924659e+14	5.280734e-01	-3.091347e+00
1.924412e+14	4.694535e-01	2.972874e+00
1.924165e+14	4.054307e-01	2.746118e+00
1.923917e+14	3.387444e-01	2.513295e+00
1.923670e+14	2.726528e-01	2.276278e+00
1.923423e+14	2.104019e-01	2.036572e+00
1.923176e+14	1.546965e-01	1.794778e+00
1.922929e+14	1.073611e-01	1.549948e+00
1.922682e+14	6.925164e-02	1.298438e+00
1.922435e+14	4.036390e-02	1.030571e+00
1.922188e+14	2.004287e-02	7.169794e-01
1.921941e+14	7.305700e-03	2.176572e-01
1.921694e+14	2.708727e-03	-1.408257e+00
1.921448e+14	4.327486e-03	-2.487724e+00
1.921201e+14	4.781144e-03	-2.954581e+00
1.920955e+14	4.784777e-03	2.909445e+00
1.920708e+14	5.877884e-03	2.551732e+00
1.920462e+14	9.333627e-03	2.330068e+00
1.920215e+14	1.629760e-02	2.170464e+00
1.919969e+14	2.774114e-02	2.007803e+00
1.919723e+14	4.427686e-02	1.829912e+00
1.919477e+14	6.611736e-02	1.639904e+00
1.919231e+14	9.306795e-02	1.441865e+00
1.918985e+14	1.245296e-01	1.238762e+00
1.918739e+14	1.595284e-01	1.032688e+00
1.918493e+14	1.967844e-01	8.252317e-01
1.918247e+14	2.348205e-01	6.176844e-01
1.918001e+14	2.720970e-01	4.111106e-01
1.917756e+14	3.071470e-01	2.063410e-01
1.917510e+14	3.386824e-01	3.937604e-03
1.917264e+14	3.656519e-01	-1.958346e-01
1.917019e+14	3.872484e-01	-3.930144e-01
1.916773e+14	4.028745e-01	-5.879252e-01
1.916528e+14	4.120858e-01	-7.811361e-01
1.916283e+14	4.145305e-01	-9.734092e-01
1.916037e+14	4.098992e-01	-1.165641e+00
1.915792e+14	3.978980e-01	-1.358797e+00
1.915547e+14	3.782509e-01	-1.553845e+00
1.915302e+14	3.507389e-01	-1.751673e+00
1.915057e+14	3.152792e-01	-1.953003e+00
1.914812e+14	2.720392e-01	-2.158301e+00
1.914567e+14	2.215699e-01	-2.367701e+00
1.914322e+14	1.649222e-01	-2.580999e+00
1.914077e+14	1.036962e-01	-2.797913e+00
1.913833e+14	3.997703e-02	-3.021045e+00
1.913588e+14	2.386484e-02	-7.127840e-02
1.913344e+14	8.542525e-02	-2.993904e-01
1.913099e+14	1.425920e-01	-5.154907e-01
1.912855e+14	1.937148e-01	-7.274750e-01
1.912610e+14	2.376965e-01	-9.356971e-01
1.912366e+14	2.739561e-01	-1.140362e+00
1.912122e+14	3.023235e-01	-1.341897e+00
1.911877e+14	3.229132e-01	-1.540933e+00
1.911633e+14	3.360141e-01	-1.738239e+00
1.911389e+14	3.420105e-01	-1.934633e+00
1.911145e+14	3.413399e-01	-2.130918e+00
1.910901e+14	3.344802e-01	-2.327825e+00
1.910657e+14	3.219601e-01	-2.525966e+00
1.910413e+14	3.043816e-01	-2.725807e+00
1.910170e+14	2.824450e-01	-2.927651e+00
1.909926e+14	2.569659e-01	-3.131635e+00
1.909682e+14	2.288754e-01	2.945426e+00
1.909439e+14	1.991976e-01	2.737263e+00
1.909195e+14	1.690044e-01	2.527189e+00
1.908952e+14	1.393543e-01	2.315270e+00
1.908708e+14	1.112235e-01	2.101381e+00
1.908465e+14	8.544409e-02	1.885020e+00
1.908222e+14	6.265741e-02	1.664969e+00
1.907979e+14	4.328766e-02	1.438535e+00
1.907735e+14	2.753698e-02	1.199429e+00
1.907492e+14	1.540146e-02	9.299302e-01
1.907249e+14	6.732007e-03	5.559491e-01
1.907006e+14	1.892209e-03	-6.087161e-01
1.906763e+14	3.174986e-03	-2.208960e+00
1.906521e+14	4.479750e-03	-2.657839e+00
1.906278e+14	4.777121e-03	-2.976391e+00
1.906035e+14	4.696748e-03	3.002478e+00
1.905792e+14	4.945890e-03	2.705272e+00
1.905550e+14	6.175373e-03	2.450775e+00
1.905307e+14	8.948596e-03	2.249662e+00
1.905065e+14	1.375608e-02	2.072718e+00
1.904822e+14	2.097936e-02	1.896991e+00
1.904580e+14	3.084969e-02	1.715547e+00
1.904338e+14	4.343160e-02	1.528230e+00
1.904096e+14	5.861825e-02	1.336387e+00
1.903853e+14	7.613386e-02	1.141339e+00
1.903611e+14	9.554458e-02	9.441294e-01
1.903369e+14	1.162792e-01	7.455601e-01
1.903127e+14	1.376595e-01	5.462577e-01
1.902885e+14	1.589385e-01	3.467208e-01
1.902644e+14	1.793425e-01	1.473389e-01
1.902402e+14	1.981112e-01	-5.160431e-02
1.902160e+14	2.145333e-01	-2.499343e-01
1.901918e+14	2.279707e-01	-4.475896e-01
1.901677e+14	2.378748e-01	-6.446199e-01
1.901435e+14	2.437917e-01	-8.411774e-01
1.901194e+14	2.453638e-01	-1.037501e+00
1.900952e+14	2.423281e-01	-1.233890e+00
1.900711e+14	2.345179e-01	-1.430681e+00
1.900470e+14	2.218691e-01	-1.628209e+00
1.900228e+14	2.044334e-01	-1.826778e+00
1.899987e+14	1.823957e-01	-2.026633e+00
1.899746e+14	1.560950e-01	-2.227938e+00
1.899505e+14	1.260405e-01	-2.430785e+00
1.899264e+14	9.291671e-02	-2.635289e+00
1.899023e+14	5.757172e-02	-2.842087e+00
1.898782e+14	2.098401e-02	-3.058023e+00
1.898542e+14	1.580457e-02	-8.138338e-02
1.898301e+14	5.171350e-02	-3.021252e-01
1.898060e+14	8.575442e-02	-5.090705e-01
1.897819e+14	1.170434e-01	-7.133986e-01
1.897579e+14	1.448575e-01	-9.160409e-01
1.897338e+14	1.686515e-01	-1.117234e+00
1.897098e+14	1.880571e-01	-1.317156e+00
1.896858e+14	2.028684e-01	-1.516030e+00
1.896617e+14	2.130215e-01	-1.714134e+00
1.896377e+14	2.185735e-01	-1.911785e+00
1.896137e+14	2.196846e-01	-2.109314e+00
1.895897e+14	2.166068e-01	-2.307037e+00
1.895657e+14	2.096751e-01	-2.505239e+00
1.895417e+14	1.993040e-01	-2.704152e+00
1.895177e+14	1.859819e-01	-2.903953e+00
1.894937e+14	1.702640e-01	-3.104761e+00
1.894697e+14	1.527600e-01	2.976534e+00
1.894457e+14	1.341151e-01	2.773508e+00
1.894217e+14	1.149853e-01	2.569274e+00
1.893978e+14	9.600905e-02	2.363688e+00
1.893738e+14	7.777717e-02	2.156451e+00
1.893499e+14	6.080578e-02	1.946959e+00
1.893259e+14	4.551381e-02	1.734023e+00
1.893020e+14	3.220776e-02	1.515195e+00
1.892780e+14	2.107478e-02	1.284887e+00
1.892541e+14	1.218626e-02	1.027413e+00
1.892302e+14	5.530720e-03	6.768550e-01
1.892063e+14	1.500746e-03	-4.397803e-01
1.891824e+14	2.748295e-03	-2.135216e+00
1.891585e+14	4.198647e-03	-2.559692e+00
1.891346e+14	4.743140e-03	-2.848861e+00
1.891107e+14	4.739972e-03	-3.115202e+00
1.890868e+14	4.629518e-03	2.902017e+00
1.890629e+14	4.853750e-03	2.641431e+00
1.890390e+14	5.818118e-03	2.407044e+00
1.890152e+14	7.876078e-03	2.205759e+00
1.889913e+14	1.132724e-02	2.022950e+00
1.889674e+14	1.640009e-02	1.843906e+00
1.889436e+14	2.323168e-02	1.662350e+00
1.889197e+14	3.185726e-02	1.477038e+00
1.888959e+14	4.220710e-02	1.288417e+00
1.888721e+14	5.410795e-02	1.097259e+00
1.888482e+14	6.728912e-02	9.042666e-01
1.888244e+14	8.139345e-02	7.100038e-01
1.888006e+14	9.599293e-02	5.149139e-01
1.887768e+14	1.106083e-01	3.193434e-01
1.887530e+14	1.247314e-01	1.235609e-01
1.887292e+14	1.378475e-01	-7.223407e-02
1.887054e+14	1.494578e-01	-2.679070e-01
1.886816e+14	1.590978e-01	-4.633866e-01
1.886578e+14	1.663528e-01	-6.586628e-01
1.886341e+14	1.708698e-01	-8.537819e-01
1.886103e+14	1.723650e-01	-1.048839e+00
1.885865e+14	1.706307e-01	-1.243965e+00
1.885628e+14	1.655402e-01	-1.439314e+00
1.885390e+14	1.570525e-01	-1.635050e+00
1.885153e+14	1.452187e-01	-1.831326e+00
1.884916e+14	1.301868e-01	-2.028276e+00
1.884678e+14	1.122068e-01	-2.226016e+00
1.884441e+14	9.163170e-02	-2.424663e+00
1.884204e+14	6.891396e-02	-2.624439e+00
1.883967e+14	4.459507e-02	-2.826148e+00
1.883730e+14	1.928762e-02	-3.035436e+00
1.883493e+14	6.366996e-03	-2.275918e-02
1.883256e+14	3.166618e-02	-2.645481e-01
1.883019e+14	5.598418e-02	-4.683077e-01
1.882782e+14	7.871298e-02	-6.687497e-01
1.882545e+14	9.932404e-02	-8.678036e-01
1.882309e+14	1.173804e-01	-1.065902e+00
1.882072e+14	1.325458e-01	-1.263228e+00
1.881835e+14	1.445870e-01	-1.459924e+00
1.881599e+14	1.533714e-01	-1.656144e+00
1.881362e+14	1.588608e-01	-1.852056e+00
1.881126e+14	1.611049e-01	-2.047843e+00
1.880890e+14	1.602338e-01	-2.243686e+00
1.880653e+14	1.564520e-01	-2.439757e+00
1.880417e+14	1.500310e-01	-2.636207e+00
1.880181e+14	1.413029e-01	-2.833165e+00
1.879945e+14	1.306514e-01	-3.030739e+00
1.879709e+14	1.185011e-01	3.054166e+00
1.879473e+14	1.053036e-01	2.855092e+00
1.879237e+14	9.152185e-02	2.655112e+00
1.879001e+14	7.761227e-02	2.454054e+00
1.878765e+14	6.400621e-02	2.251623e+00
1.878529e+14	5.109263e-02	2.047295e+00
1.878294e+14	3.920293e-02	1.840100e+00
1.878058e+14	2.859916e-02	1.628133e+00
1.877822e+14	1.946671e-02	1.407227e+00
1.877587e+14	1.191287e-02	1.166409e+00
1.877351e+14	5.979979e-03	8.649129e-01
1.877116e+14	1.813238e-03	1.686952e-01
1.876881e+14	2.007608e-03	-1.902476e+00
1.876645e+14	3.694516e-03	-2.411139e+00
1.876410e+14	4.565085e-03	-2.699635e+00
1.876175e+14	4.795321e-03	-2.950524e+00
1.875940e+14	4.681041e-03	3.088391e+00
1.875705e+14	4.540380e-03	2.842475e+00
1.875470e+14	4.687108e-03	2.600076e+00
1.875235e+14	5.409755e-03	2.375337e+00
1.875000e+14	6.960190e-03	2.174703e+00
("port 2","TE",1,"port 1",1,"modulation")
(1,1)
0.00314
(500,3)
2.000000e+14	9.985591e-01	2.293887e+00
1.999733e+14	9.991056e-01	2.071018e+00
1.999466e+14	9.994845e-01	1.848186e+00
1.999199e+14	9.997262e-01	1.625434e+00
1.998932e+14	9.998670e-01	1.402784e+00
1.998665e+14	9.999411e-01	1.180244e+00
1.998398e+14	9.999762e-01	9.578074e-01
1.998131e+14	9.999910e-01	7.354648e-01
1.997865e+14	9.999963e-01	5.132033e-01
1.997598e+14	9.999972e-01	2.910118e-01
1.997332e+14	9.999964e-01	6.888131e-02
1.997065e+14	9.999959e-01	-1.531966e-01
1.996799e+14	9.999979e-01	-3.752316e-01
1.996532e+14	1.000003e+00	-5.972371e-01
1.996266e+14	1.000007e+00	-8.192310e-01
1.996000e+14	9.999960e-01	-1.041234e+00
1.995734e+14	9.999452e-01	-1.263266e+00
1.995468e+14	9.998153e-01	-1.485338e+00
1.995202e+14	9.995557e-01	-1.707447e+00
1.994936e+14	9.991105e-01	-1.929568e+00
1.994670e+14	9.984280e-01	-2.151649e+00
1.994404e+14	9.974731e-01	-2.373612e+00
1.994139e+14	9.962392e-01	-2.595358e+00
1.993873e+14	9.947575e-01	-2.816780e+00
1.993608e+14	9.931023e-01	-3.037776e+00
1.993342e+14	9.913880e-01	3.024916e+00
1.993077e+14	9.897599e-01	2.804962e+00
1.992812e+14	9.883787e-01	2.585533e+00
1.992546e+14	9.874004e-01	2.366553e+00
1.992281e+14	9.869550e-01	2.147890e+00
1.992016e+14	9.871265e-01	1.929364e+00
1.991751e+14	9.879371e-01	1.710767e+00
1.991486e+14	9.893375e-01	1.491884e+00
1.991221e+14	9.912048e-01	1.272522e+00
1.990956e+14	9.933506e-01	1.052536e+00
1.990691e+14	9.955386e-01	8.318526e-01
1.990427e+14	9.975109e-01	6.104845e-01
1.990162e+14	9.990213e-01	3.885374e-01
1.989898e+14	9.998703e-01	1.662001e-01
1.989633e+14	9.999359e-01	-5.627727e-02
1.989369e+14	9.991931e-01	-2.786151e-01
1.989104e+14	9.977191e-01	-5.005426e-01
1.988840e+14	9.956818e-01	-7.218334e-01
1.988576e+14	9.933143e-01	-9.423352e-01
1.988312e+14	9.908819e-01	-1.161987e+00
1.988048e+14	9.886460e-01	-1.380820e+00
1.987784e+14	9.868328e-01	-1.598953e+00
1.987520e+14	9.856094e-01	-1.816567e+00
1.987256e+14	9.850694e-01	-2.033884e+00
1.986992e+14	9.852286e-01	-2.251135e+00
1.986729e+14	9.860303e-01	-2.468533e+00
1.986465e+14	9.873583e-01	-2.686253e+00
1.986201e+14	9.890552e-01	-2.904411e+00
1.985938e+14	9.909451e-01	-3.123061e+00
1.985674e+14	9.928565e-01	2.940992e+00
1.985411e+14	9.946425e-01	2.721440e+00
1.985148e+14	9.961958e-01	2.501568e+00
1.984885e+14	9.974558e-01	2.281493e+00
1.984622e+14	9.984078e-01	2.061330e+00
1.984358e+14	9.990750e-01	1.841178e+00
1.984095e+14	9.995056e-01	1.621109e+00
1.983832e+14	9.997592e-01	1.401164e+00
1.983570e+14	9.998941e-01	1.181358e+00
1.983307e+14	9.999580e-01	9.616854e-01
1.983044e+14	9.999850e-01	7.421277e-01
1.982781e+14	9.999948e-01	5.226638e-01
1.982519e+14	9.999975e-01	3.032737e-01
1.982256e+14	9.999972e-01	8.394043e-02
1.981994e+14	9.999967e-01	-1.353508e-01
1.981732e+14	9.999989e-01	-3.546165e-01
1.981469e+14	1.000004e+00	-5.738785e-01
1.981207e+14	1.000007e+00	-7.931659e-01
1.980945e+14	9.999859e-01	-1.012514e+00
1.980683e+14	9.999020e-01	-1.231957e+00
1.980421e+14	9.996918e-01	-1.451520e+00
1.980159e+14	9.992707e-01	-1.671205e+00
1.979897e+14	9.985413e-01	-1.890977e+00
1.979635e+14	9.974084e-01	-2.110758e+00
1.979373e+14	9.957997e-01	-2.330423e+00
1.979112e+14	9.936867e-01	-2.549807e+00
1.978850e+14	9.911036e-01	-2.768720e+00
1.978588e+14	9.881578e-01	-2.986976e+00
1.978327e+14	9.850291e-01	3.078766e+00
1.978066e+14	9.819570e-01	2.862232e+00
1.977804e+14	9.792167e-01	2.646616e+00
1.977543e+14	9.770880e-01	2.431827e+00
1.977282e+14	9.758211e-01	2.217675e+00
1.977021e+14	9.756034e-01	2.003876e+00
1.976760e+14	9.765307e-01	1.790080e+00
1.976499e+14	9.785856e-01	1.575902e+00
1.976238e+14	9.816248e-01	1.360966e+00
1.975977e+14	9.853791e-01	1.144950e+00
1.975716e+14	9.894679e-01	9.276342e-01
1.975455e+14	9.934330e-01	7.089389e-01
1.975195e+14	9.967895e-01	4.889529e-01
1.974934e+14	9.990916e-01	2.679370e-01
1.974674e+14	1.000002e+00	4.630158e-02
1.974413e+14	9.993509e-01	-1.754419e-01
1.974153e+14	9.971672e-01	-3.967500e-01
1.973892e+14	9.936777e-01	-6.171233e-01
1.973632e+14	9.892690e-01	-8.361742e-01
1.973372e+14	9.844267e-01	-1.053674e+00
1.973112e+14	9.796642e-01	-1.269576e+00
1.972852e+14	9.754571e-01	-1.484004e+00
1.972592e+14	9.721929e-01	-1.697229e+00
1.972332e+14	9.701380e-01	-1.909628e+00
1.972072e+14	9.694230e-01	-2.121629e+00
1.971812e+14	9.700427e-01	-2.333667e+00
1.971553e+14	9.718685e-01	-2.546135e+00
1.971293e+14	9.746707e-01	-2.759351e+00
1.971034e+14	9.781494e-01	-2.973523e+00
1.970774e+14	9.819718e-01	3.094443e+00
1.970515e+14	9.858116e-01	2.878202e+00
1.970255e+14	9.893871e-01	2.661068e+00
1.969996e+14	9.924902e-01	2.443237e+00
1.969737e+14	9.950023e-01	2.224942e+00
1.969478e+14	9.968952e-01	2.006411e+00
1.969219e+14	9.982159e-01	1.787841e+00
1.968960e+14	9.990623e-01	1.569373e+00
1.968701e+14	9.995550e-01	1.351088e+00
1.968442e+14	9.998118e-01	1.133011e+00
1.968183e+14	9.999298e-01	9.151295e-01
1.967924e+14	9.999771e-01	6.974028e-01
1.967666e+14	9.999934e-01	4.797846e-01
1.967407e+14	9.999978e-01	2.622305e-01
1.967148e+14	9.999978e-01	4.470291e-02
1.966890e+14	9.999979e-01	-1.728326e-01
1.966632e+14	1.000001e+00	-3.904147e-01
1.966373e+14	1.000007e+00	-6.080942e-01
1.966115e+14	9.999972e-01	-8.259386e-01
1.965857e+14	9.999225e-01	-1.044029e+00
1.965599e+14	9.996882e-01	-1.262445e+00
1.965341e+14	9.991455e-01	-1.481246e+00
1.965083e+14	9.980949e-01	-1.700436e+00
1.964825e+14	9.963058e-01	-1.919940e+00
1.964567e+14	9.935523e-01	-2.139574e+00
1.964309e+14	9.896621e-01	-2.359046e+00
1.964051e+14	9.845691e-01	-2.577963e+00
1.963794e+14	9.783557e-01	-2.795877e+00
1.963536e+14	9.712756e-01	-3.012341e+00
1.963279e+14	9.637453e-01	3.056203e+00
1.963021e+14	9.563087e-01	2.843620e+00
1.962764e+14	9.495804e-01	2.633141e+00
1.962507e+14	9.441800e-01	2.424591e+00
1.962249e+14	9.406689e-01	2.217570e+00
1.961992e+14	9.394933e-01	2.011473e+00
1.961735e+14	9.409359e-01	1.805526e+00
1.961478e+14	9.450716e-01	1.598844e+00
1.961221e+14	9.517267e-01	1.390497e+00
1.960964e+14	9.604418e-01	1.179607e+00
1.960707e+14	9.704494e-01	9.654555e-01
1.960450e+14	9.806871e-01	7.476057e-01
1.960194e+14	9.898717e-01	5.260263e-01
1.959937e+14	9.966569e-01	3.011780e-01
1.959681e+14	9.998664e-01	7.402608e-02
1.959424e+14	9.987514e-01	-1.540528e-01
1.959168e+14	9.931837e-01	-3.814717e-01
1.958911e+14	9.837023e-01	-6.066969e-01
1.958655e+14	9.713913e-01	-8.284975e-01
1.958399e+14	9.576437e-01	-1.046116e+00
1.958143e+14	9.439021e-01	-1.259325e+00
1.957886e+14	9.314553e-01	-1.468390e+00
1.957630e+14	9.213200e-01	-1.673970e+00
1.957374e+14	9.141986e-01	-1.876993e+00
1.957119e+14	9.104846e-01	-2.078542e+00
1.956863e+14	9.102885e-01	-2.279746e+00
1.956607e+14	9.134658e-01	-2.481692e+00
1.956351e+14	9.196439e-01	-2.685346e+00
1.956096e+14	9.282487e-01	-2.891481e+00
1.955840e+14	9.385420e-01	-3.100617e+00
1.955585e+14	9.496788e-01	2.970205e+00
1.955329e+14	9.607908e-01	2.754700e+00
1.955074e+14	9.710874e-01	2.536422e+00
1.954818e+14	9.799581e-01	2.315958e+00
1.954563e+14	9.870465e-01	2.094001e+00
1.954308e+14	9.922735e-01	1.871240e+00
1.954053e+14	9.958022e-01	1.648250e+00
1.953798e+14	9.979577e-01	1.425425e+00
1.953543e+14	9.991292e-01	1.202958e+00
1.953288e+14	9.996827e-01	9.808652e-01
1.953033e+14	9.999036e-01	7.590380e-01
1.952779e+14	9.999762e-01	5.373019e-01
1.952524e+14	9.999957e-01	3.154678e-01
1.952269e+14	9.999991e-01	9.335823e-02
1.952015e+14	9.999989e-01	-1.291937e-01
1.951760e+14	1.000003e+00	-3.523713e-01
1.951506e+14	1.000005e+00	-5.764130e-01
1.951251e+14	9.999412e-01	-8.016466e-01
1.950997e+14	9.996137e-01	-1.028494e+00
1.950743e+14	9.986001e-01	-1.257428e+00
1.950489e+14	9.961753e-01	-1.488867e+00
1.950234e+14	9.912927e-01	-1.723000e+00
1.949980e+14	9.826750e-01	-1.959583e+00
1.949726e+14	9.690559e-01	-2.197741e+00
1.949473e+14	9.495495e-01	-2.435886e+00
1.949219e+14	9.240335e-01	-2.671830e+00
1.948965e+14	8.933655e-01	-2.903108e+00
1.948711e+14	8.592976e-01	-3.127423e+00
1.948458e+14	8.241222e-01	2.940121e+00
1.948204e+14	7.902244e-01	2.734032e+00
1.947951e+14	7.597362e-01	2.537494e+00
1.947697e+14	7.343849e-01	2.349718e+00
1.947444e+14	7.155186e-01	2.169265e+00
1.947190e+14	7.042377e-01	1.994152e+00
1.946937e+14	7.015666e-01	1.821876e+00
1.946684e+14	7.086190e-01	1.649320e+00
1.946431e+14	7.267136e-01	1.472528e+00
1.946178e+14	7.573505e-01	1.286314e+00
1.945925e+14	8.018054e-01	1.083725e+00
1.945672e+14	8.597176e-01	8.555699e-01
1.945419e+14	9.254817e-01	5.909601e-01
1.945166e+14	9.819762e-01	2.814228e-01
1.944914e+14	9.985878e-01	-6.850147e-02
1.944661e+14	9.510206e-01	-4.313828e-01
1.944408e+14	8.508179e-01	-7.687274e-01
1.944156e+14	7.338921e-01	-1.057581e+00
1.943903e+14	6.268971e-01	-1.296908e+00
1.943651e+14	5.390420e-01	-1.496032e+00
1.943399e+14	4.700497e-01	-1.665318e+00
1.943146e+14	4.167532e-01	-1.813058e+00
1.942894e+14	3.758335e-01	-1.945282e+00
1.942642e+14	3.445803e-01	-2.066284e+00
1.942390e+14	3.209617e-01	-2.179163e+00
1.942138e+14	3.035117e-01	-2.286221e+00
1.941886e+14	2.912024e-01	-2.389238e+00
1.941634e+14	2.833417e-01	-2.489661e+00
1.941382e+14	2.795018e-01	-2.588734e+00
1.941131e+14	2.794740e-01	-2.687598e+00
1.940879e+14	2.832454e-01	-2.787369e+00
1.940627e+14	2.909946e-01	-2.889212e+00
1.940376e+14	3.031025e-01	-2.994421e+00
1.940124e+14	3.201806e-01	-3.104499e+00
1.939873e+14	3.431118e-01	3.061912e+00
1.939622e+14	3.730997e-01	2.936161e+00
1.939370e+14	4.117032e-01	2.798527e+00
1.939119e+14	4.607993e-01	2.645300e+00
1.938868e+14	5.223319e-01	2.471838e+00
1.938617e+14	5.975609e-01	2.272716e+00
1.938366e+14	6.854046e-01	2.042601e+00
1.938115e+14	7.798854e-01	1.778536e+00
1.937864e+14	8.686393e-01	1.483602e+00
1.937613e+14	9.368470e-01	1.169272e+00
1.937362e+14	9.767960e-01	8.518490e-01
1.937112e+14	9.930211e-01	5.439102e-01
1.936861e+14	9.966632e-01	2.487042e-01
1.936611e+14	9.968589e-01	-3.873361e-02
1.936360e+14	9.963318e-01	-3.272644e-01
1.936110e+14	9.905623e-01	-6.251695e-01
1.935859e+14	9.693500e-01	-9.356552e-01
1.935609e+14	9.224339e-01	-1.252998e+00
1.935359e+14	8.482533e-01	-1.563017e+00
1.935109e+14	7.570970e-01	-1.850075e+00
1.934858e+14	6.637987e-01	-2.104874e+00
1.934608e+14	5.791134e-01	-2.326213e+00
1.934358e+14	5.075373e-01	-2.517912e+00
1.934109e+14	4.493769e-01	-2.685426e+00
1.933859e+14	4.031191e-01	-2.833988e+00
1.933609e+14	3.668162e-01	-2.967974e+00
1.933359e+14	3.386742e-01	-3.090857e+00
1.933110e+14	3.172323e-01	3.077830e+00
1.932860e+14	3.013744e-01	2.969576e+00
1.932610e+14	2.902889e-01	2.865844e+00
1.932361e+14	2.834212e-01	2.765204e+00
1.932112e+14	2.804345e-01	2.666418e+00
1.931862e+14	2.811866e-01	2.568358e+00
1.931613e+14	2.857198e-01	2.469935e+00
1.931364e+14	2.942688e-01	2.370025e+00
1.931115e+14	3.072844e-01	2.267393e+00
1.930865e+14	3.254797e-01	2.160593e+00
1.930616e+14	3.499007e-01	2.047840e+00
1.930368e+14	3.820252e-01	1.926824e+00
1.930119e+14	4.238817e-01	1.794434e+00
1.929870e+14	4.781386e-01	1.646377e+00
1.929621e+14	5.479881e-01	1.476670e+00
1.929372e+14	6.362969e-01	1.277180e+00
1.929124e+14	7.427738e-01	1.037983e+00
1.928875e+14	8.575412e-01	7.506376e-01
1.928627e+14	9.541762e-01	4.172397e-01
1.928378e+14	9.988689e-01	6.067656e-02
1.928130e+14	9.818715e-01	-2.824483e-01
1.927882e+14	9.266158e-01	-5.864735e-01
1.927633e+14	8.621350e-01	-8.470962e-01
1.927385e+14	8.048975e-01	-1.072227e+00
1.927137e+14	7.604910e-01	-1.272184e+00
1.926889e+14	7.294141e-01	-1.455773e+00
1.926641e+14	7.105084e-01	-1.629704e+00
1.926393e+14	7.023455e-01	-1.798997e+00
1.926145e+14	7.036495e-01	-1.967484e+00
1.925897e+14	7.133422e-01	-2.138178e+00
1.925650e+14	7.304503e-01	-2.313500e+00
1.925402e+14	7.539616e-01	-2.495383e+00
1.925154e+14	7.826707e-01	-2.685270e+00
1.924907e+14	8.150517e-01	-2.884035e+00
1.924659e+14	8.492088e-01	-3.091866e+00
1.924412e+14	8.829674e-01	2.975020e+00
1.924165e+14	9.141361e-01	2.751631e+00
1.923917e+14	9.408889e-01	2.523142e+00
1.923670e+14	9.621230e-01	2.291834e+00
1.923423e+14	9.776255e-01	2.059868e+00
1.923176e+14	9.879726e-01	1.828958e+00
1.922929e+14	9.942306e-01	1.600188e+00
1.922682e+14	9.976097e-01	1.374030e+00
1.922435e+14	9.991955e-01	1.150476e+00
1.922188e+14	9.998096e-01	9.292254e-01
1.921941e+14	9.999837e-01	7.098533e-01
1.921694e+14	1.000007e+00	4.919372e-01
1.921448e+14	1.000001e+00	2.751227e-01
1.921201e+14	9.999990e-01	5.914234e-02
1.920955e+14	9.999990e-01	-1.562008e-01
1.920708e+14	9.999932e-01	-3.710654e-01
1.920462e+14	9.999670e-01	-5.856039e-01
1.920215e+14	9.998777e-01	-7.999803e-01
1.919969e+14	9.996257e-01	-1.014366e+00
1.919723e+14	9.990299e-01	-1.228911e+00
1.919477e+14	9.978225e-01	-1.443702e+00
1.919231e+14	9.956705e-01	-1.658711e+00
1.918985e+14	9.922267e-01	-1.873752e+00
1.918739e+14	9.872041e-01	-2.088467e+00
1.918493e+14	9.804576e-01	-2.302343e+00
1.918247e+14	9.720495e-01	-2.514768e+00
1.918001e+14	9.622806e-01	-2.725122e+00
1.917756e+14	9.516728e-01	-2.932868e+00
1.917510e+14	9.409114e-01	-3.137647e+00
1.917264e+14	9.307623e-01	2.943850e+00
1.917019e+14	9.219860e-01	2.745113e+00
1.916773e+14	9.152657e-01	2.548928e+00
1.916528e+14	9.111555e-01	2.354674e+00
1.916283e+14	9.100458e-01	2.161548e+00
1.916037e+14	9.121412e-01	1.968624e+00
1.915792e+14	9.174401e-01	1.774916e+00
1.915547e+14	9.257136e-01	1.579443e+00
1.915302e+14	9.364838e-01	1.381310e+00
1.915057e+14	9.490096e-01	1.179799e+00
1.914812e+14	9.622969e-01	9.744625e-01
1.914567e+14	9.751554e-01	7.652168e-01
1.914322e+14	9.863176e-01	5.524086e-01
1.914077e+14	9.946201e-01	3.368213e-01
1.913833e+14	9.992117e-01	1.196037e-01
1.913588e+14	9.997264e-01	-9.788401e-02
1.913344e+14	9.963557e-01	-3.142753e-01
1.913099e+14	9.897927e-01	-5.284028e-01
1.912855e+14	9.810689e-01	-7.394490e-01
1.912610e+14	9.713505e-01	-9.470156e-01
1.912366e+14	9.617531e-01	-1.151111e+00
1.912122e+14	9.532163e-01	-1.352083e+00
1.911877e+14	9.464394e-01	-1.550523e+00
1.911633e+14	9.418677e-01	-1.747170e+00
1.911389e+14	9.397069e-01	-1.942817e+00
1.911145e+14	9.399507e-01	-2.138244e+00
1.910901e+14	9.424136e-01	-2.334152e+00
1.910657e+14	9.467641e-01	-2.531120e+00
1.910413e+14	9.525611e-01	-2.729571e+00
1.910170e+14	9.592944e-01	-2.929750e+00
1.909926e+14	9.664314e-01	-3.131720e+00
1.909682e+14	9.734667e-01	2.947811e+00
1.909439e+14	9.799704e-01	2.742717e+00
1.909195e+14	9.856264e-01	2.536524e+00
1.908952e+14	9.902537e-01	2.329618e+00
1.908708e+14	9.938066e-01	2.122373e+00
1.908465e+14	9.963541e-01	1.915110e+00
1.908222e+14	9.980463e-01	1.708073e+00
1.907979e+14	9.990738e-01	1.501416e+00
1.907735e+14	9.996320e-01	1.295205e+00
1.907492e+14	9.998926e-01	1.089443e+00
1.907249e+14	9.999885e-01	8.840876e-01
1.907006e+14	1.000009e+00	6.790718e-01
1.906763e+14	1.000006e+00	4.743270e-01
1.906521e+14	1.000001e+00	2.697920e-01
1.906278e+14	9.999998e-01	6.541881e-02
1.906035e+14	1.000000e+00	-1.388287e-01
1.905792e+14	9.999990e-01	-3.429801e-01
1.905550e+14	9.999922e-01	-5.470641e-01
1.905307e+14	9.999713e-01	-7.511138e-01
1.905065e+14	9.999167e-01	-9.551668e-01
1.904822e+14	9.997913e-01	-1.159261e+00
1.904580e+14	9.995354e-01	-1.363427e+00
1.904338e+14	9.990678e-01	-1.567673e+00
1.904096e+14	9.982919e-01	-1.771979e+00
1.903853e+14	9.971090e-01	-1.976278e+00
1.903611e+14	9.954366e-01	-2.180461e+00
1.903369e+14	9.932280e-01	-2.384375e+00
1.903127e+14	9.904911e-01	-2.587838e+00
1.902885e+14	9.872999e-01	-2.790659e+00
1.902644e+14	9.837982e-01	-2.992664e+00
1.902402e+14	9.801910e-01	3.089461e+00
1.902160e+14	9.767281e-01	2.889411e+00
1.901918e+14	9.736794e-01	2.690352e+00
1.901677e+14	9.713072e-01	2.492173e+00
1.901435e+14	9.698390e-01	2.294678e+00
1.901194e+14	9.694425e-01	2.097597e+00
1.900952e+14	9.702058e-01	1.900604e+00
1.900711e+14	9.721232e-01	1.703351e+00
1.900470e+14	9.750879e-01	1.505493e+00
1.900228e+14	9.788920e-01	1.306726e+00
1.899987e+14	9.832367e-01	1.106823e+00
1.899746e+14	9.877536e-01	9.056571e-01
1.899505e+14	9.920367e-01	7.032288e-01
1.899264e+14	9.956856e-01	4.996710e-01
1.899023e+14	9.983531e-01	2.952427e-01
1.898782e+14	9.997915e-01	9.030269e-02
1.898542e+14	9.998869e-01	-1.147303e-01
1.898301e+14	9.986737e-01	-3.194279e-01
1.898060e+14	9.963281e-01	-5.234033e-01
1.897819e+14	9.931385e-01	-7.263540e-01
1.897579e+14	9.894643e-01	-9.280918e-01
1.897338e+14	9.856874e-01	-1.128554e+00
1.897098e+14	9.821698e-01	-1.327801e+00
1.896858e+14	9.792177e-01	-1.525996e+00
1.896617e+14	9.770592e-01	-1.723380e+00
1.896377e+14	9.758322e-01	-1.920239e+00
1.896137e+14	9.755826e-01	-2.116878e+00
1.895897e+14	9.762706e-01	-2.313583e+00
1.895657e+14	9.777828e-01	-2.510606e+00
1.895417e+14	9.799494e-01	-2.708138e+00
1.895177e+14	9.825649e-01	-2.906302e+00
1.894937e+14	9.854103e-01	-3.105146e+00
1.894697e+14	9.882751e-01	2.978535e+00
1.894457e+14	9.909776e-01	2.778449e+00
1.894217e+14	9.933790e-01	2.577902e+00
1.893978e+14	9.953923e-01	2.377040e+00
1.893738e+14	9.969827e-01	2.176009e+00
1.893499e+14	9.981615e-01	1.974942e+00
1.893259e+14	9.989756e-01	1.773946e+00
1.893020e+14	9.994931e-01	1.573098e+00
1.892780e+14	9.997898e-01	1.372440e+00
1.892541e+14	9.999377e-01	1.171985e+00
1.892302e+14	9.999966e-01	9.717244e-01
1.892063e+14	1.000011e+00	7.716375e-01
1.891824e+14	1.000008e+00	5.716967e-01
1.891585e+14	1.000003e+00	3.718755e-01
1.891346e+14	1.000001e+00	1.721517e-01
1.891107e+14	1.000001e+00	-2.749219e-02
1.890868e+14	1.000001e+00	-2.270691e-01
1.890629e+14	1.000000e+00	-4.265902e-01
1.890390e+14	9.999951e-01	-6.260675e-01
1.890152e+14	9.999810e-01	-8.255146e-01
1.889913e+14	9.999479e-01	-1.024948e+00
1.889674e+14	9.998776e-01	-1.224382e+00
1.889436e+14	9.997422e-01	-1.423830e+00
1.889197e+14	9.995045e-01	-1.623294e+00
1.888959e+14	9.991210e-01	-1.822762e+00
1.888721e+14	9.985472e-01	-2.022203e+00
1.888482e+14	9.977457e-01	-2.221568e+00
1.888244e+14	9.966942e-01	-2.420786e+00
1.888006e+14	9.953942e-01	-2.619776e+00
1.887768e+14	9.938763e-01	-2.818449e+00
1.887530e+14	9.922027e-01	-3.016724e+00
1.887292e+14	9.904657e-01	3.068648e+00
1.887054e+14	9.887803e-01	2.871333e+00
1.886816e+14	9.872750e-01	2.674512e+00
1.886578e+14	9.860785e-01	2.478143e+00
1.886341e+14	9.853058e-01	2.282137e+00
1.886103e+14	9.850453e-01	2.086370e+00
1.885865e+14	9.853472e-01	1.890689e+00
1.885628e+14	9.862153e-01	1.694928e+00
1.885390e+14	9.876025e-01	1.498918e+00
1.885153e+14	9.894118e-01	1.302512e+00
1.884916e+14	9.915018e-01	1.105595e+00
1.884678e+14	9.936972e-01	9.080980e-01
1.884441e+14	9.958053e-01	7.100136e-01
1.884204e+14	9.976350e-01	5.113941e-01
1.883967e+14	9.990175e-01	3.123509e-01
1.883730e+14	9.998264e-01	1.130438e-01
1.883493e+14	9.999922e-01	-8.633547e-02
1.883256e+14	9.995109e-01	-2.855839e-01
1.883019e+14	9.984441e-01	-4.845096e-01
1.882782e+14	9.969098e-01	-6.829517e-01
1.882545e+14	9.950676e-01	-8.807966e-01
1.882309e+14	9.930995e-01	-1.077988e+00
1.882072e+14	9.911893e-01	-1.274527e+00
1.881835e+14	9.895045e-01	-1.470472e+00
1.881599e+14	9.881810e-01	-1.665925e+00
1.881362e+14	9.873134e-01	-1.861021e+00
1.881126e+14	9.869497e-01	-2.055911e+00
1.880890e+14	9.870915e-01	-2.250747e+00
1.880653e+14	9.876980e-01	-2.445668e+00
1.880417e+14	9.886938e-01	-2.640789e+00
1.880181e+14	9.899789e-01	-2.836191e+00
1.879945e+14	9.914409e-01	-3.031917e+00
1.879709e+14	9.929665e-01	3.055209e+00
1.879473e+14	9.944527e-01	2.858845e+00
1.879237e+14	9.958156e-01	2.662226e+00
1.879001e+14	9.969962e-01	2.465421e+00
1.878765e+14	9.979621e-01	2.268507e+00
1.878529e+14	9.987065e-01	2.071557e+00
1.878294e+14	9.992439e-01	1.874634e+00
1.878058e+14	9.996036e-01	1.677788e+00
1.877822e+14	9.998232e-01	1.481051e+00
1.877587e+14	9.999417e-01	1.284440e+00
1.877351e+14	9.999948e-01	1.087956e+00
1.877116e+14	1.000011e+00	8.915929e-01
1.876881e+14	1.000011e+00	6.953380e-01
1.876645e+14	1.000006e+00	4.991765e-01
1.876410e+14	1.000002e+00	3.030947e-01
1.876175e+14	1.000001e+00	1.070815e-01
1.875940e+14	1.000002e+00	-8.887160e-02
1.875705e+14	1.000002e+00	-2.847711e-01
1.875470e+14	1.000002e+00	-4.806225e-01
1.875235e+14	9.999981e-01	-6.764320e-01
1.875000e+14	9.999886e-01	-8.722070e-01
("port 2","TE",1,"port 2",1,"modulation")
(1,1)
0.00314
(500,3)
2.000000e+14	5.379969e-02	-8.588036e-01
1.999733e+14	4.245774e-02	-1.086797e+00
1.999466e+14	3.233464e-02	-1.316229e+00
1.999199e+14	2.371232e-02	-1.547370e+00
1.998932e+14	1.675668e-02	-1.780172e+00
1.998665e+14	1.151163e-02	-2.013253e+00
1.998398e+14	7.900236e-03	-2.241535e+00
1.998131e+14	5.734023e-03	-2.454057e+00
1.997865e+14	4.730591e-03	-2.641321e+00
1.997598e+14	4.530765e-03	-2.811934e+00
1.997332e+14	4.711784e-03	-2.982822e+00
1.997065e+14	4.814547e-03	3.128155e+00
1.996799e+14	4.383023e-03	2.974573e+00
1.996532e+14	3.028394e-03	2.922138e+00
1.996266e+14	1.293461e-03	-2.357192e+00
1.996000e+14	4.812701e-03	-1.341510e+00
1.995734e+14	1.116751e-02	-1.398135e+00
1.995468e+14	1.960911e-02	-1.563011e+00
1.995202e+14	3.005971e-02	-1.756723e+00
1.994936e+14	4.234952e-02	-1.962131e+00
1.994670e+14	5.618465e-02	-2.173346e+00
1.994404e+14	7.115155e-02	-2.387763e+00
1.994139e+14	8.673359e-02	-2.604016e+00
1.993873e+14	1.023359e-01	-2.821291e+00
1.993608e+14	1.173157e-01	-3.039066e+00
1.993342e+14	1.310155e-01	3.026190e+00
1.993077e+14	1.427953e-01	2.808323e+00
1.992812e+14	1.520613e-01	2.590623e+00
1.992546e+14	1.582894e-01	2.373107e+00
1.992281e+14	1.610433e-01	2.155711e+00
1.992016e+14	1.599888e-01	1.938309e+00
1.991751e+14	1.549045e-01	1.720745e+00
1.991486e+14	1.456937e-01	1.502856e+00
1.991221e+14	1.323951e-01	1.284514e+00
1.990956e+14	1.151952e-01	1.065677e+00
1.990691e+14	9.443683e-02	8.464681e-01
1.990427e+14	7.062289e-02	6.273833e-01
1.990162e+14	4.440902e-02	4.102073e-01
1.989898e+14	1.658502e-02	2.083112e-01
1.989633e+14	1.199842e-02	3.050768e+00
1.989369e+14	4.036001e-02	2.859875e+00
1.989104e+14	6.761913e-02	2.643341e+00
1.988840e+14	9.291706e-02	2.424196e+00
1.988576e+14	1.155093e-01	2.204751e+00
1.988312e+14	1.347916e-01	1.985628e+00
1.988048e+14	1.503155e-01	1.767001e+00
1.987784e+14	1.617916e-01	1.548840e+00
1.987520e+14	1.690846e-01	1.331001e+00
1.987256e+14	1.722031e-01	1.113277e+00
1.986992e+14	1.712901e-01	8.954315e-01
1.986729e+14	1.666129e-01	6.772340e-01
1.986465e+14	1.585537e-01	4.584808e-01
1.986201e+14	1.475995e-01	2.390097e-01
1.985938e+14	1.343268e-01	1.870414e-02
1.985674e+14	1.193816e-01	-2.025147e-01
1.985411e+14	1.034522e-01	-4.247072e-01
1.985148e+14	8.723558e-02	-6.479460e-01
1.984885e+14	7.140067e-02	-8.723558e-01
1.984622e+14	5.655089e-02	-1.098160e+00
1.984358e+14	4.319074e-02	-1.325724e+00
1.984095e+14	3.169899e-02	-1.555564e+00
1.983832e+14	2.231028e-02	-1.788199e+00
1.983570e+14	1.510589e-02	-2.023433e+00
1.983307e+14	1.001315e-02	-2.258017e+00
1.983044e+14	6.814200e-03	-2.480850e+00
1.982781e+14	5.167739e-03	-2.673423e+00
1.982519e+14	4.637792e-03	-2.833108e+00
1.982256e+14	4.706897e-03	-2.983424e+00
1.981994e+14	4.796677e-03	-3.135106e+00
1.981732e+14	4.321872e-03	3.019395e+00
1.981469e+14	2.801561e-03	3.044503e+00
1.981207e+14	1.790628e-03	-1.822189e+00
1.980945e+14	6.694028e-03	-1.273596e+00
1.980683e+14	1.458034e-02	-1.359601e+00
1.980421e+14	2.515797e-02	-1.527537e+00
1.980159e+14	3.840228e-02	-1.720357e+00
1.979897e+14	5.414854e-02	-1.923919e+00
1.979635e+14	7.206359e-02	-2.133007e+00
1.979373e+14	9.164990e-02	-2.345179e+00
1.979112e+14	1.122653e-01	-2.559079e+00
1.978850e+14	1.331555e-01	-2.773842e+00
1.978588e+14	1.534956e-01	-2.988872e+00
1.978327e+14	1.724364e-01	3.079434e+00
1.978066e+14	1.891480e-01	2.864975e+00
1.977804e+14	2.028573e-01	2.651068e+00
1.977543e+14	2.128741e-01	2.437710e+00
1.977282e+14	2.186082e-01	2.224775e+00
1.977021e+14	2.195780e-01	2.012031e+00
1.976760e+14	2.154165e-01	1.799170e+00
1.976499e+14	2.058805e-01	1.585849e+00
1.976238e+14	1.908646e-01	1.371733e+00
1.975977e+14	1.704254e-01	1.156561e+00
1.975716e+14	1.448109e-01	9.402074e-01
1.975455e+14	1.144902e-01	7.227994e-01
1.975195e+14	8.017476e-02	5.050041e-01
1.974934e+14	4.281651e-02	2.897594e-01
1.974674e+14	3.605178e-03	1.983979e-01
1.974413e+14	3.626497e-02	2.962230e+00
1.974153e+14	7.533228e-02	2.748257e+00
1.973892e+14	1.123479e-01	2.530093e+00
1.973632e+14	1.461644e-01	2.312008e+00
1.973372e+14	1.758440e-01	2.094947e+00
1.973112e+14	2.006867e-01	1.879184e+00
1.972852e+14	2.202280e-01	1.664684e+00
1.972592e+14	2.342174e-01	1.451212e+00
1.972332e+14	2.425882e-01	1.238406e+00
1.972072e+14	2.454299e-01	1.025832e+00
1.971812e+14	2.429691e-01	8.130407e-01
1.971553e+14	2.355601e-01	5.996124e-01
1.971293e+14	2.236830e-01	3.851931e-01
1.971034e+14	2.079444e-01	1.695188e-01
1.970774e+14	1.890732e-01	-4.757641e-02
1.970515e+14	1.679072e-01	-2.661704e-01
1.970255e+14	1.453637e-01	-4.862828e-01
1.969996e+14	1.223964e-01	-7.079243e-01
1.969737e+14	9.994019e-02	-9.311638e-01
1.969478e+14	7.885220e-02	-1.156213e+00
1.969219e+14	5.985691e-02	-1.383524e+00
1.968960e+14	4.350189e-02	-1.613893e+00
1.968701e+14	3.012819e-02	-1.848476e+00
1.968442e+14	1.985584e-02	-2.088349e+00
1.968183e+14	1.258226e-02	-2.332164e+00
1.967924e+14	7.992374e-03	-2.568536e+00
1.967666e+14	5.588641e-03	-2.767113e+00
1.967407e+14	4.747767e-03	-2.907455e+00
1.967148e+14	4.741565e-03	-3.022857e+00
1.966890e+14	4.737903e-03	-3.135620e+00
1.966632e+14	3.904242e-03	3.095909e+00
1.966373e+14	1.980833e-03	-2.657761e+00
1.966115e+14	4.896054e-03	-1.277541e+00
1.965857e+14	1.316986e-02	-1.230045e+00
1.965599e+14	2.533611e-02	-1.366772e+00
1.965341e+14	4.155400e-02	-1.547041e+00
1.965083e+14	6.184720e-02	-1.744244e+00
1.964825e+14	8.598471e-02	-1.949775e+00
1.964567e+14	1.134568e-01	-2.159888e+00
1.964309e+14	1.434829e-01	-2.372544e+00
1.964051e+14	1.750491e-01	-2.586399e+00
1.963794e+14	2.069743e-01	-2.800444e+00
1.963536e+14	2.379955e-01	-3.013881e+00
1.963279e+14	2.668575e-01	3.057077e+00
1.963021e+14	2.923891e-01	2.846451e+00
1.962764e+14	3.135517e-01	2.637580e+00
1.962507e+14	3.294565e-01	2.430367e+00
1.962249e+14	3.393514e-01	2.224473e+00
1.961992e+14	3.425925e-01	2.019337e+00
1.961735e+14	3.386104e-01	1.814222e+00
1.961478e+14	3.268900e-01	1.608274e+00
1.961221e+14	3.069753e-01	1.400595e+00
1.960964e+14	2.785129e-01	1.190343e+00
1.960707e+14	2.413424e-01	9.768526e-01
1.960450e+14	1.956309e-01	7.597934e-01
1.960194e+14	1.420319e-01	5.394071e-01
1.959937e+14	8.181936e-02	3.172798e-01
1.959681e+14	1.693469e-02	1.131602e-01
1.959424e+14	5.015225e-02	2.988111e+00
1.959168e+14	1.166432e-01	2.766262e+00
1.958911e+14	1.798589e-01	2.542463e+00
1.958655e+14	2.375247e-01	2.321213e+00
1.958399e+14	2.879883e-01	2.103780e+00
1.958143e+14	3.302530e-01	1.890541e+00
1.957886e+14	3.638803e-01	1.681286e+00
1.957630e+14	3.888278e-01	1.475377e+00
1.957374e+14	4.052879e-01	1.271887e+00
1.957119e+14	4.135637e-01	1.069726e+00
1.956863e+14	4.139953e-01	8.677471e-01
1.956607e+14	4.069367e-01	6.648357e-01
1.956351e+14	3.927753e-01	4.599885e-01
1.956096e+14	3.719839e-01	2.523793e-01
1.955840e+14	3.451913e-01	4.141492e-02
1.955585e+14	3.132548e-01	-1.732308e-01
1.955329e+14	2.773083e-01	-3.916153e-01
1.955074e+14	2.387644e-01	-6.135743e-01
1.954818e+14	1.992525e-01	-8.388249e-01
1.954563e+14	1.604956e-01	-1.067128e+00
1.954308e+14	1.241496e-01	-1.298506e+00
1.954053e+14	9.164076e-02	-1.533520e+00
1.953798e+14	6.403632e-02	-1.773625e+00
1.953543e+14	4.196555e-02	-2.021606e+00
1.953288e+14	2.558922e-02	-2.281633e+00
1.953033e+14	1.460096e-02	-2.555695e+00
1.952779e+14	8.242588e-03	-2.822779e+00
1.952524e+14	5.382067e-03	-2.999687e+00
1.952269e+14	4.731878e-03	-3.044120e+00
1.952015e+14	4.780718e-03	-3.056307e+00
1.951760e+14	3.851488e-03	-2.942544e+00
1.951506e+14	3.265983e-03	-1.718842e+00
1.951251e+14	1.177269e-02	-1.132730e+00
1.950997e+14	2.817261e-02	-1.190246e+00
1.950743e+14	5.309786e-02	-1.352783e+00
1.950489e+14	8.750049e-02	-1.549938e+00
1.950234e+14	1.317596e-01	-1.763679e+00
1.949980e+14	1.853961e-01	-1.987027e+00
1.949726e+14	2.468856e-01	-2.216067e+00
1.949473e+14	3.136518e-01	-2.447649e+00
1.949219e+14	3.823390e-01	-2.678708e+00
1.948965e+14	4.493534e-01	-2.906249e+00
1.948711e+14	5.114950e-01	-3.127645e+00
1.948458e+14	5.664283e-01	2.942223e+00
1.948204e+14	6.128318e-01	2.738010e+00
1.947951e+14	6.502441e-01	2.543007e+00
1.947697e+14	6.787448e-01	2.356500e+00
1.947444e+14	6.986044e-01	2.177106e+00
1.947190e+14	7.099745e-01	2.002885e+00
1.946937e+14	7.126139e-01	1.831366e+00
1.946684e+14	7.056015e-01	1.659457e+00
1.946431e+14	6.869515e-01	1.483226e+00
1.946178e+14	6.530209e-01	1.297510e+00
1.945925e+14	5.976001e-01	1.095381e+00
1.945672e+14	5.107898e-01	8.676973e-01
1.945419e+14	3.788246e-01	6.037038e-01
1.945166e+14	1.890800e-01	2.957001e-01
1.944914e+14	5.342082e-02	3.075854e+00
1.944661e+14	3.091774e-01	2.720687e+00
1.944408e+14	5.254865e-01	2.384103e+00
1.944156e+14	6.792825e-01	2.095516e+00
1.943903e+14	7.791138e-01	1.856284e+00
1.943651e+14	8.422878e-01	1.657154e+00
1.943399e+14	8.826471e-01	1.487787e+00
1.943146e+14	9.090256e-01	1.339898e+00
1.942894e+14	9.266924e-01	1.207460e+00
1.942642e+14	9.387614e-01	1.086175e+00
1.942390e+14	9.470963e-01	9.729402e-01
1.942138e+14	9.528315e-01	8.654434e-01
1.941886e+14	9.566651e-01	7.618928e-01
1.941634e+14	9.590224e-01	6.608260e-01
1.941382e+14	9.601484e-01	5.609782e-01
1.941131e+14	9.601565e-01	4.611817e-01
1.940879e+14	9.590506e-01	3.602845e-01
1.940627e+14	9.567279e-01	2.570726e-01
1.940376e+14	9.529612e-01	1.501896e-01
1.940124e+14	9.473599e-01	3.804141e-02
1.939873e+14	9.392982e-01	-8.132270e-02
1.939622e+14	9.277952e-01	-2.103650e-01
1.939370e+14	9.113225e-01	-3.522577e-01
1.939119e+14	8.875097e-01	-5.111199e-01
1.938868e+14	8.527487e-01	-6.922415e-01
1.938617e+14	8.018318e-01	-9.021328e-01
1.938366e+14	7.281734e-01	-1.148046e+00
1.938115e+14	6.259375e-01	-1.436588e+00
1.937864e+14	4.954673e-01	-1.772295e+00
1.937613e+14	3.497739e-01	-2.161547e+00
1.937362e+14	2.142301e-01	-2.635588e+00
1.937112e+14	1.180417e-01	2.977372e+00
1.936861e+14	8.177329e-02	2.090183e+00
1.936611e+14	7.935204e-02	1.572731e+00
1.936360e+14	8.571951e-02	1.658460e+00
1.936110e+14	1.371569e-01	1.929551e+00
1.935859e+14	2.457375e-01	1.912147e+00
1.935609e+14	3.861885e-01	1.722972e+00
1.935359e+14	5.296136e-01	1.476500e+00
1.935109e+14	6.533190e-01	1.225024e+00
1.934858e+14	7.479237e-01	9.920398e-01
1.934608e+14	8.152568e-01	7.850062e-01
1.934358e+14	8.616377e-01	6.031807e-01
1.934109e+14	8.933488e-01	4.427588e-01
1.933859e+14	9.151531e-01	2.994568e-01
1.933609e+14	9.302984e-01	1.694738e-01
1.933359e+14	9.409081e-01	4.970213e-02
1.933110e+14	9.483519e-01	-6.233462e-02
1.932860e+14	9.535096e-01	-1.686133e-01
1.932610e+14	9.569425e-01	-2.707412e-01
1.932361e+14	9.589988e-01	-3.700658e-01
1.932112e+14	9.598763e-01	-4.677649e-01
1.931862e+14	9.596562e-01	-5.649216e-01
1.931613e+14	9.583162e-01	-6.625923e-01
1.931364e+14	9.557257e-01	-7.618751e-01
1.931115e+14	9.516208e-01	-8.639861e-01
1.930865e+14	9.455522e-01	-9.703554e-01
1.930616e+14	9.367902e-01	-1.082757e+00
1.930368e+14	9.241556e-01	-1.203493e+00
1.930119e+14	9.057217e-01	-1.335668e+00
1.929870e+14	8.782893e-01	-1.483572e+00
1.929621e+14	8.364922e-01	-1.653190e+00
1.929372e+14	7.714525e-01	-1.852660e+00
1.929124e+14	6.695544e-01	-2.091929e+00
1.928875e+14	5.144348e-01	-2.379497e+00
1.928627e+14	2.992852e-01	-2.713545e+00
1.928378e+14	4.781702e-02	-3.077233e+00
1.928130e+14	1.896124e-01	-2.685395e-01
1.927882e+14	3.760386e-01	-5.738272e-01
1.927633e+14	5.066974e-01	-8.349889e-01
1.927385e+14	5.934280e-01	-1.060550e+00
1.927137e+14	6.493602e-01	-1.260938e+00
1.926889e+14	6.840827e-01	-1.444998e+00
1.926641e+14	7.036982e-01	-1.619463e+00
1.926393e+14	7.118454e-01	-1.789375e+00
1.926145e+14	7.105564e-01	-1.958584e+00
1.925897e+14	7.008253e-01	-2.130126e+00
1.925650e+14	6.829758e-01	-2.306453e+00
1.925402e+14	6.569294e-01	-2.489534e+00
1.925154e+14	6.224481e-01	-2.680861e+00
1.924907e+14	5.794021e-01	-2.881373e+00
1.924659e+14	5.280734e-01	-3.091347e+00
1.924412e+14	4.694535e-01	2.972874e+00
1.924165e+14	4.054307e-01	2.746118e+00
1.923917e+14	3.387444e-01	2.513295e+00
1.923670e+14	2.726528e-01	2.276278e+00
1.923423e+14	2.104019e-01	2.036572e+00
1.923176e+14	1.546965e-01	1.794778e+00
1.922929e+14	1.073611e-01	1.549948e+00
1.922682e+14	6.925164e-02	1.298438e+00
1.922435e+14	4.036390e-02	1.030571e+00
1.922188e+14	2.004287e-02	7.169794e-01
1.921941e+14	7.305700e-03	2.176572e-01
1.921694e+14	2.708727e-03	-1.408257e+00
1.921448e+14	4.327486e-03	-2.487724e+00
1.921201e+14	4.781144e-03	-2.954581e+00
1.920955e+14	4.784777e-03	2.909445e+00
1.920708e+14	5.877884e-03	2.551732e+00
1.920462e+14	9.333627e-03	2.330068e+00
1.920215e+14	1.629760e-02	2.170464e+00
1.919969e+14	2.774114e-02	2.007803e+00
1.919723e+14	4.427686e-02	1.829912e+00
1.919477e+14	6.611736e-02	1.639904e+00
1.919231e+14	9.306795e-02	1.441865e+00
1.918985e+14	1.245296e-01	1.238762e+00
1.918739e+14	1.595284e-01	1.032688e+00
1.918493e+14	1.967844e-01	8.252317e-01
1.918247e+14	2.348205e-01	6.176844e-01
1.918001e+14	2.720970e-01	4.111106e-01
1.917756e+14	3.071470e-01	2.063410e-01
1.917510e+14	3.386824e-01	3.937604e-03
1.917264e+14	3.656519e-01	-1.958346e-01
1.917019e+14	3.872484e-01	-3.930144e-01
1.916773e+14	4.028745e-01	-5.879252e-01
1.916528e+14	4.120858e-01	-7.811361e-01
1.916283e+14	4.145305e-01	-9.734092e-01
1.916037e+14	4.098992e-01	-1.165641e+00
1.915792e+14	3.978980e-01	-1.358797e+00
1.915547e+14	3.782509e-01	-1.553845e+00
1.915302e+14	3.507389e-01	-1.751673e+00
1.915057e+14	3.152792e-01	-1.953003e+00
1.914812e+14	2.720392e-01	-2.158301e+00
1.914567e+14	2.215699e-01	-2.367701e+00
1.914322e+14	1.649222e-01	-2.580999e+00
1.914077e+14	1.036962e-01	-2.797913e+00
1.913833e+14	3.997703e-02	-3.021045e+00
1.913588e+14	2.386484e-02	-7.127840e-02
1.913344e+14	8.542525e-02	-2.993904e-01
1.913099e+14	1.425920e-01	-5.154907e-01
1.912855e+14	1.937148e-01	-7.274750e-01
1.912610e+14	2.376965e-01	-9.356971e-01
1.912366e+14	2.739561e-01	-1.140362e+00
1.912122e+14	3.023235e-01	-1.341897e+00
1.911877e+14	3.229132e-01	-1.540933e+00
1.911633e+14	3.360141e-01	-1.738239e+00
1.911389e+14	3.420105e-01	-1.934633e+00
1.911145e+14	3.413399e-01	-2.130918e+00
1.910901e+14	3.344802e-01	-2.327825e+00
1.910657e+14	3.219601e-01	-2.525966e+00
1.910413e+14	3.043816e-01	-2.725807e+00
1.910170e+14	2.824450e-01	-2.927651e+00
1.909926e+14	2.569659e-01	-3.131635e+00
1.909682e+14	2.288754e-01	2.945426e+00
1.909439e+14	1.991976e-01	2.737263e+00
1.909195e+14	1.690044e-01	2.527189e+00
1.908952e+14	1.393543e-01	2.315270e+00
1.908708e+14	1.112235e-01	2.101381e+00
1.908465e+14	8.544409e-02	1.885020e+00
1.908222e+14	6.265741e-02	1.664969e+00
1.907979e+14	4.328766e-02	1.438535e+00
1.907735e+14	2.753698e-02	1.199429e+00
1.907492e+14	1.540146e-02	9.299302e-01
1.907249e+14	6.732007e-03	5.559491e-01
1.907006e+14	1.892209e-03	-6.087161e-01
1.906763e+14	3.174986e-03	-2.208960e+00
1.906521e+14	4.479750e-03	-2.657839e+00
1.906278e+14	4.777121e-03	-2.976391e+00
1.906035e+14	4.696748e-03	3.002478e+00
1.905792e+14	4.945890e-03	2.705272e+00
1.905550e+14	6.175373e-03	2.450775e+00
1.905307e+14	8.948596e-03	2.249662e+00
1.905065e+14	1.375608e-02	2.072718e+00
1.904822e+14	2.097936e-02	1.896991e+00
1.904580e+14	3.084969e-02	1.715547e+00
1.904338e+14	4.343160e-02	1.528230e+00
1.904096e+14	5.861825e-02	1.336387e+00
1.903853e+14	7.613386e-02	1.141339e+00
1.903611e+14	9.554458e-02	9.441294e-01
1.903369e+14	1.162792e-01	7.455601e-01
1.903127e+14	1.376595e-01	5.462577e-01
1.902885e+14	1.589385e-01	3.467208e-01
1.902644e+14	1.793425e-01	1.473389e-01
1.902402e+14	1.981112e-01	-5.160431e-02
1.902160e+14	2.145333e-01	-2.499343e-01
1.901918e+14	2.279707e-01	-4.475896e-01
1.901677e+14	2.378748e-01	-6.446199e-01
1.901435e+14	2.437917e-01	-8.411774e-01
1.901194e+14	2.453638e-01	-1.037501e+00
1.900952e+14	2.423281e-01	-1.233890e+00
1.900711e+14	2.345179e-01	-1.430681e+00
1.900470e+14	2.218691e-01	-1.628209e+00
1.900228e+14	2.044334e-01	-1.826778e+00
1.899987e+14	1.823957e-01	-2.026633e+00
1.899746e+14	1.560950e-01	-2.227938e+00
1.899505e+14	1.260405e-01	-2.430785e+00
1.899264e+14	9.291671e-02	-2.635289e+00
1.899023e+14	5.757172e-02	-2.842087e+00
1.898782e+14	2.098401e-02	-3.058023e+00
1.898542e+14	1.580457e-02	-8.138338e-02
1.898301e+14	5.171350e-02	-3.021252e-01
1.898060e+14	8.575442e-02	-5.090705e-01
1.897819e+14	1.170434e-01	-7.133986e-01
1.897579e+14	1.448575e-01	-9.160409e-01
1.897338e+14	1.686515e-01	-1.117234e+00
1.897098e+14	1.880571e-01	-1.317156e+00
1.896858e+14	2.028684e-01	-1.516030e+00
1.896617e+14	2.130215e-01	-1.714134e+00
1.896377e+14	2.185735e-01	-1.911785e+00
1.896137e+14	2.196846e-01	-2.109314e+00
1.895897e+14	2.166068e-01	-2.307037e+00
1.895657e+14	2.096751e-01	-2.505239e+00
1.895417e+14	1.993040e-01	-2.704152e+00
1.895177e+14	1.859819e-01	-2.903953e+00
1.894937e+14	1.702640e-01	-3.104761e+00
1.894697e+14	1.527600e-01	2.976534e+00
1.894457e+14	1.341151e-01	2.773508e+00
1.894217e+14	1.149853e-01	2.569274e+00
1.893978e+14	9.600905e-02	2.363688e+00
1.893738e+14	7.777717e-02	2.156451e+00
1.893499e+14	6.080578e-02	1.946959e+00
1.893259e+14	4.551381e-02	1.734023e+00
1.893020e+14	3.220776e-02	1.515195e+00
1.892780e+14	2.107478e-02	1.284887e+00
1.892541e+14	1.218626e-02	1.027413e+00
1.892302e+14	5.530720e-03	6.768550e-01
1.892063e+14	1.500746e-03	-4.397803e-01
1.891824e+14	2.748295e-03	-2.135216e+00
1.891585e+14	4.198647e-03	-2.559692e+00
1.891346e+14	4.743140e-03	-2.848861e+00
1.891107e+14	4.739972e-03	-3.115202e+00
1.890868e+14	4.629518e-03	2.902017e+00
1.890629e+14	4.853750e-03	2.641431e+00
1.890390e+14	5.818118e-03	2.407044e+00
1.890152e+14	7.876078e-03	2.205759e+00
1.889913e+14	1.132724e-02	2.022950e+00
1.889674e+14	1.640009e-02	1.843906e+00
1.889436e+14	2.323168e-02	1.662350e+00
1.889197e+14	3.185726e-02	1.477038e+00
1.888959e+14	4.220710e-02	1.288417e+00
1.888721e+14	5.410795e-02	1.097259e+00
1.888482e+14	6.728912e-02	9.042666e-01
1.888244e+14	8.139345e-02	7.100038e-01
1.888006e+14	9.599293e-02	5.149139e-01
1.887768e+14	1.106083e-01	3.193434e-01
1.887530e+14	1.247314e-01	1.235609e-01
1.887292e+14	1.378475e-01	-7.223407e-02
1.887054e+14	1.494578e-01	-2.679070e-01
1.886816e+14	1.590978e-01	-4.633866e-01
1.886578e+14	1.663528e-01	-6.586628e-01
1.886341e+14	1.708698e-01	-8.537819e-01
1.886103e+14	1.723650e-01	-1.048839e+00
1.885865e+14	1.706307e-01	-1.243965e+00
1.885628e+14	1.655402e-01	-1.439314e+00
1.885390e+14	1.570525e-01	-1.635050e+00
1.885153e+14	1.452187e-01	-1.831326e+00
1.884916e+14	1.301868e-01	-2.028276e+00
1.884678e+14	1.122068e-01	-2.226016e+00
1.884441e+14	9.163170e-02	-2.424663e+00
1.884204e+14	6.891396e-02	-2.624439e+00
1.883967e+14	4.459507e-02	-2.826148e+00
1.883730e+14	1.928762e-02	-3.035436e+00
1.883493e+14	6.366996e-03	-2.275918e-02
1.883256e+14	3.166618e-02	-2.645481e-01
1.883019e+14	5.598418e-02	-4.683077e-01
1.882782e+14	7.871298e-02	-6.687497e-01
1.882545e+14	9.932404e-02	-8.678036e-01
1.882309e+14	1.173804e-01	-1.065902e+00
1.882072e+14	1.325458e-01	-1.263228e+00
1.881835e+14	1.445870e-01	-1.459924e+00
1.881599e+14	1.533714e-01	-1.656144e+00
1.881362e+14	1.588608e-01	-1.852056e+00
1.881126e+14	1.611049e-01	-2.047843e+00
1.880890e+14	1.602338e-01	-2.243686e+00
1.880653e+14	1.564520e-01	-2.439757e+00
1.880417e+14	1.500310e-01	-2.636207e+00
1.880181e+14	1.413029e-01	-2.833165e+00
1.879945e+14	1.306514e-01	-3.030739e+00
1.879709e+14	1.185011e-01	3.054166e+00
1.879473e+14	1.053036e-01	2.855092e+00
1.879237e+14	9.152185e-02	2.655112e+00
1.879001e+14	7.761227e-02	2.454054e+00
1.878765e+14	6.400621e-02	2.251623e+00
1.878529e+14	5.109263e-02	2.047295e+00
1.878294e+14	3.920293e-02	1.840100e+00
1.878058e+14	2.859916e-02	1.628133e+00
1.877822e+14	1.946671e-02	1.407227e+00
1.877587e+14	1.191287e-02	1.166409e+00
1.877351e+14	5.979979e-03	8.649129e-01
1.877116e+14	1.813238e-03	1.686952e-01
1.876881e+14	2.007608e-03	-1.902476e+00
1.876645e+14	3.694516e-03	-2.411139e+00
1.876410e+14	4.565085e-03	-2.699635e+00
1.876175e+14	4.795321e-03	-2.950524e+00
1.875940e+14	4.681041e-03	3.088391e+00
1.875705e+14	4.540380e-03	2.842475e+00
1.875470e+14	4.687108e-03	2.600076e+00
1.875235e+14	5.409755e-03	2.375337e+00
1.875000e+14	6.960190e-03	2.174703e+00
