("port 1","TE",1,"port 1",1,"modulation")
(1,1)
0.00257
(500,3)
2.000000e+14	2.721809e-02	-1.447852e+00
1.999733e+14	1.953329e-02	-1.680013e+00
1.999466e+14	1.355567e-02	-1.913322e+00
1.999199e+14	9.259543e-03	-2.144672e+00
1.998932e+14	6.502520e-03	-2.365604e+00
1.998665e+14	5.039956e-03	-2.564007e+00
1.998398e+14	4.543921e-03	-2.739538e+00
1.998131e+14	4.616601e-03	-2.909037e+00
1.997865e+14	4.809859e-03	-3.081907e+00
1.997598e+14	4.660973e-03	3.035460e+00
1.997332e+14	3.738666e-03	2.918408e+00
1.997065e+14	1.837321e-03	-3.138550e+00
1.996799e+14	2.785030e-03	-1.461468e+00
1.996532e+14	8.187951e-03	-1.349214e+00
1.996266e+14	1.574573e-02	-1.486943e+00
1.996000e+14	2.535195e-02	-1.671814e+00
1.995734e+14	3.688524e-02	-1.873323e+00
1.995468e+14	5.010514e-02	-2.082527e+00
1.995202e+14	6.464769e-02	-2.295824e+00
1.994936e+14	8.003755e-02	-2.511446e+00
1.994670e+14	9.570962e-02	-2.728392e+00
1.994404e+14	1.110374e-01	-2.946033e+00
1.994139e+14	1.253654e-01	3.119229e+00
1.993873e+14	1.380422e-01	2.901289e+00
1.993608e+14	1.484507e-01	2.683484e+00
1.993342e+14	1.560345e-01	2.465867e+00
1.993077e+14	1.603178e-01	2.248405e+00
1.992812e+14	1.609211e-01	2.030997e+00
1.992546e+14	1.575736e-01	1.813497e+00
1.992281e+14	1.501239e-01	1.595739e+00
1.992016e+14	1.385515e-01	1.377575e+00
1.991751e+14	1.229789e-01	1.158920e+00
1.991486e+14	1.036813e-01	9.398121e-01
1.991221e+14	8.109393e-02	7.205446e-01
1.990956e+14	5.580925e-02	5.021163e-01
1.990691e+14	2.856283e-02	2.892881e-01
1.990427e+14	5.677343e-04	1.274371e+00
1.990162e+14	2.838233e-02	2.948746e+00
1.989898e+14	5.622429e-02	2.735989e+00
1.989633e+14	8.245698e-02	2.517421e+00
1.989369e+14	1.062841e-01	2.297956e+00
1.989104e+14	1.270388e-01	2.078633e+00
1.988840e+14	1.442053e-01	1.859764e+00
1.988576e+14	1.574267e-01	1.641392e+00
1.988312e+14	1.665033e-01	1.423415e+00
1.988048e+14	1.713838e-01	1.205645e+00
1.987784e+14	1.721554e-01	9.878562e-01
1.987520e+14	1.690340e-01	7.698108e-01
1.987256e+14	1.623543e-01	5.512916e-01
1.986992e+14	1.525605e-01	3.321178e-01
1.986729e+14	1.401934e-01	1.121538e-01
1.986465e+14	1.258728e-01	-1.086935e-01
1.986201e+14	1.102731e-01	-3.304891e-01
1.985938e+14	9.409211e-02	-5.532961e-01
1.985674e+14	7.801554e-02	-7.772114e-01
1.985411e+14	6.267911e-02	-1.002410e+00
1.985148e+14	4.863311e-02	-1.229194e+00
1.984885e+14	3.631240e-02	-1.458018e+00
1.984622e+14	2.601433e-02	-1.689440e+00
1.984358e+14	1.788567e-02	-1.923723e+00
1.984095e+14	1.191832e-02	-2.159363e+00
1.983832e+14	7.953957e-03	-2.389223e+00
1.983570e+14	5.699766e-03	-2.596643e+00
1.983307e+14	4.756758e-03	-2.768378e+00
1.983044e+14	4.640901e-03	-2.919723e+00
1.982781e+14	4.794380e-03	-3.071683e+00
1.982519e+14	4.626605e-03	3.067161e+00
1.982256e+14	3.586369e-03	2.991492e+00
1.981994e+14	1.619586e-03	-2.754764e+00
1.981732e+14	4.186700e-03	-1.325700e+00
1.981469e+14	1.092965e-02	-1.305738e+00
1.981207e+14	2.037230e-02	-1.452163e+00
1.980945e+14	3.250538e-02	-1.637291e+00
1.980683e+14	4.723042e-02	-1.837285e+00
1.980421e+14	6.428573e-02	-2.044479e+00
1.980159e+14	8.324125e-02	-2.255593e+00
1.979897e+14	1.035122e-01	-2.468922e+00
1.979635e+14	1.243866e-01	-2.683435e+00
1.979373e+14	1.450635e-01	-2.898440e+00
1.979112e+14	1.646981e-01	-3.113451e+00
1.978850e+14	1.824469e-01	2.955049e+00
1.978588e+14	1.975090e-01	2.740877e+00
1.978327e+14	2.091564e-01	2.527272e+00
1.978066e+14	2.167553e-01	2.314157e+00
1.977804e+14	2.197774e-01	2.101341e+00
1.977543e+14	2.178069e-01	1.888546e+00
1.977282e+14	2.105469e-01	1.675435e+00
1.977021e+14	1.978319e-01	1.461666e+00
1.976760e+14	1.796471e-01	1.246937e+00
1.976499e+14	1.561565e-01	1.031057e+00
1.976238e+14	1.277333e-01	8.140269e-01
1.975977e+14	9.498615e-02	5.962233e-01
1.975716e+14	5.876839e-02	3.791246e-01
1.975455e+14	2.016140e-02	1.744652e-01
1.975195e+14	1.960459e-02	3.043079e+00
1.974934e+14	5.915505e-02	2.838954e+00
1.974674e+14	9.718361e-02	2.621485e+00
1.974413e+14	1.324699e-01	2.403157e+00
1.974153e+14	1.639829e-01	2.185585e+00
1.973892e+14	1.909213e-01	1.969245e+00
1.973632e+14	2.127238e-01	1.754213e+00
1.973372e+14	2.290539e-01	1.540326e+00
1.973112e+14	2.397715e-01	1.327268e+00
1.972852e+14	2.449038e-01	1.114629e+00
1.972592e+14	2.446219e-01	9.019589e-01
1.972332e+14	2.392274e-01	6.888215e-01
1.972072e+14	2.291480e-01	4.748309e-01
1.971812e+14	2.149377e-01	2.596837e-01
1.971553e+14	1.972755e-01	4.317319e-02
1.971293e+14	1.769568e-01	-1.748128e-01
1.971034e+14	1.548703e-01	-3.943131e-01
1.970774e+14	1.319611e-01	-6.153348e-01
1.970515e+14	1.091794e-01	-8.379131e-01
1.970255e+14	8.742204e-02	-1.062188e+00
1.969996e+14	6.747521e-02	-1.288500e+00
1.969737e+14	4.996484e-02	-1.517489e+00
1.969478e+14	3.532075e-02	-1.750172e+00
1.969219e+14	2.375593e-02	-1.987781e+00
1.968960e+14	1.525994e-02	-2.230503e+00
1.968701e+14	9.603932e-03	-2.472523e+00
1.968442e+14	6.360460e-03	-2.691372e+00
1.968183e+14	4.951527e-03	-2.854933e+00
1.967924e+14	4.694490e-03	-2.975123e+00
1.967666e+14	4.794364e-03	-3.090517e+00
1.967407e+14	4.398489e-03	3.099909e+00
1.967148e+14	2.813381e-03	-3.062736e+00
1.966890e+14	2.708223e-03	-1.558780e+00
1.966632e+14	9.266844e-03	-1.206537e+00
1.966373e+14	1.980385e-02	-1.301620e+00
1.966115e+14	3.432668e-02	-1.469291e+00
1.965857e+14	5.294392e-02	-1.661069e+00
1.965599e+14	7.553539e-02	-1.863801e+00
1.965341e+14	1.017076e-01	-2.072358e+00
1.965083e+14	1.307891e-01	-2.284181e+00
1.964825e+14	1.618560e-01	-2.497705e+00
1.964567e+14	1.937866e-01	-2.711806e+00
1.964309e+14	2.253403e-01	-2.925606e+00
1.964051e+14	2.552480e-01	-3.138420e+00
1.963794e+14	2.822954e-01	2.933419e+00
1.963536e+14	3.053851e-01	2.723794e+00
1.963279e+14	3.235657e-01	2.515899e+00
1.963021e+14	3.360313e-01	2.309492e+00
1.962764e+14	3.420972e-01	2.104100e+00
1.962507e+14	3.411665e-01	1.899052e+00
1.962249e+14	3.327027e-01	1.693534e+00
1.961992e+14	3.162224e-01	1.486654e+00
1.961735e+14	2.913214e-01	1.277536e+00
1.961478e+14	2.577455e-01	1.065423e+00
1.961221e+14	2.155079e-01	8.498239e-01
1.960964e+14	1.650425e-01	6.307037e-01
1.960707e+14	1.073554e-01	4.088944e-01
1.960450e+14	4.411476e-02	1.891983e-01
1.960194e+14	2.240336e-02	3.070090e+00
1.959937e+14	8.947943e-02	2.858566e+00
1.959681e+14	1.543582e-01	2.634513e+00
1.959424e+14	2.145559e-01	2.411960e+00
1.959168e+14	2.681497e-01	2.192845e+00
1.958911e+14	3.138782e-01	1.977851e+00
1.958655e+14	3.510902e-01	1.766989e+00
1.958399e+14	3.796009e-01	1.559779e+00
1.958143e+14	3.995239e-01	1.355398e+00
1.957886e+14	4.111285e-01	1.152806e+00
1.957630e+14	4.147453e-01	9.508701e-01
1.957374e+14	4.107226e-01	7.484508e-01
1.957119e+14	3.994295e-01	5.444902e-01
1.956863e+14	3.812959e-01	3.380817e-01
1.956607e+14	3.568776e-01	1.285304e-01
1.956351e+14	3.269304e-01	-8.460189e-02
1.956096e+14	2.924714e-01	-3.014804e-01
1.955840e+14	2.548031e-01	-5.220226e-01
1.955585e+14	2.154778e-01	-7.459775e-01
1.955329e+14	1.761988e-01	-9.730645e-01
1.955074e+14	1.386706e-01	-1.203168e+00
1.954818e+14	1.044322e-01	-1.436590e+00
1.954563e+14	7.471108e-02	-1.674367e+00
1.954308e+14	5.032262e-02	-1.918687e+00
1.954053e+14	3.162093e-02	-2.173231e+00
1.953798e+14	1.848982e-02	-2.441916e+00
1.953543e+14	1.035309e-02	-2.717771e+00
1.953288e+14	6.211488e-03	-2.944882e+00
1.953033e+14	4.818705e-03	-3.035602e+00
1.952779e+14	4.787971e-03	-3.052839e+00
1.952524e+14	4.435115e-03	-3.031089e+00
1.952269e+14	2.794646e-03	-2.442891e+00
1.952015e+14	7.286121e-03	-1.208630e+00
1.951760e+14	2.050032e-02	-1.145015e+00
1.951506e+14	4.180843e-02	-1.280195e+00
1.951251e+14	7.225510e-02	-1.466684e+00
1.950997e+14	1.124949e-01	-1.674865e+00
1.950743e+14	1.624283e-01	-1.894893e+00
1.950489e+14	2.209713e-01	-2.122040e+00
1.950234e+14	2.859609e-01	-2.352985e+00
1.949980e+14	3.543062e-01	-2.584657e+00
1.949726e+14	4.224327e-01	-2.814008e+00
1.949473e+14	4.869073e-01	-3.038217e+00
1.949219e+14	5.450030e-01	3.028153e+00
1.948965e+14	5.949882e-01	2.820141e+00
1.948711e+14	6.360832e-01	2.621404e+00
1.948458e+14	6.681898e-01	2.431546e+00
1.948204e+14	6.915412e-01	2.249438e+00
1.947951e+14	7.063718e-01	2.073358e+00
1.947697e+14	7.126329e-01	1.901054e+00
1.947444e+14	7.097186e-01	1.729705e+00
1.947190e+14	6.961332e-01	1.555758e+00
1.946937e+14	6.689972e-01	1.374605e+00
1.946684e+14	6.232755e-01	1.180104e+00
1.946431e+14	5.506920e-01	9.640367e-01
1.946178e+14	4.388875e-01	7.160722e-01
1.945925e+14	2.735263e-01	4.261980e-01
1.945672e+14	4.974247e-02	9.893914e-02
1.945419e+14	2.073528e-01	2.866270e+00
1.945166e+14	4.448032e-01	2.515779e+00
1.944914e+14	6.242566e-01	2.206419e+00
1.944661e+14	7.439686e-01	1.947937e+00
1.944408e+14	8.200599e-01	1.733817e+00
1.944156e+14	8.683582e-01	1.553491e+00
1.943903e+14	8.996122e-01	1.397717e+00
1.943651e+14	9.203430e-01	1.259601e+00
1.943399e+14	9.344030e-01	1.134212e+00
1.943146e+14	9.440832e-01	1.018018e+00
1.942894e+14	9.507686e-01	9.084251e-01
1.942642e+14	9.553091e-01	8.034566e-01
1.942390e+14	9.582265e-01	7.015348e-01
1.942138e+14	9.598310e-01	6.013278e-01
1.941886e+14	9.602852e-01	5.016390e-01
1.941634e+14	9.596363e-01	4.013189e-01
1.941382e+14	9.578256e-01	2.991877e-01
1.941131e+14	9.546793e-01	1.939565e-01
1.940879e+14	9.498795e-01	8.413995e-02
1.940627e+14	9.429065e-01	-3.205262e-02
1.940376e+14	9.329413e-01	-1.568559e-01
1.940124e+14	9.187055e-01	-2.931289e-01
1.939873e+14	8.982109e-01	-4.445792e-01
1.939622e+14	8.684002e-01	-6.160033e-01
1.939370e+14	8.247366e-01	-8.134372e-01
1.939119e+14	7.610797e-01	-1.043945e+00
1.938868e+14	6.708359e-01	-1.314616e+00
1.938617e+14	5.510007e-01	-1.630853e+00
1.938366e+14	4.089335e-01	-1.997014e+00
1.938115e+14	2.657635e-01	-2.429427e+00
1.937864e+14	1.502527e-01	-3.000261e+00
1.937613e+14	8.937804e-02	2.444427e+00
1.937362e+14	7.931589e-02	1.707062e+00
1.937112e+14	8.048102e-02	1.560185e+00
1.936861e+14	1.086920e-01	1.849031e+00
1.936611e+14	1.965402e-01	1.949915e+00
1.936360e+14	3.276951e-01	1.810649e+00
1.936110e+14	4.732486e-01	1.578484e+00
1.935859e+14	6.068406e-01	1.324903e+00
1.935609e+14	7.134270e-01	1.082837e+00
1.935359e+14	7.910870e-01	8.651044e-01
1.935109e+14	8.450806e-01	6.734818e-01
1.934858e+14	8.820254e-01	5.049546e-01
1.934608e+14	9.073455e-01	3.552463e-01
1.934358e+14	9.248588e-01	2.203074e-01
1.934109e+14	9.370916e-01	9.674922e-02
1.933859e+14	9.456790e-01	-1.814492e-02
1.933609e+14	9.516726e-01	-1.265368e-01
1.933359e+14	9.557462e-01	-2.301683e-01
1.933110e+14	9.583239e-01	-3.304798e-01
1.932860e+14	9.596586e-01	-4.287080e-01
1.932610e+14	9.598757e-01	-5.259659e-01
1.932361e+14	9.589939e-01	-6.233129e-01
1.932112e+14	9.569279e-01	-7.218224e-01
1.931862e+14	9.534715e-01	-8.226534e-01
1.931613e+14	9.482583e-01	-9.271371e-01
1.931364e+14	9.406858e-01	-1.036892e+00
1.931115e+14	9.297816e-01	-1.153982e+00
1.930865e+14	9.139653e-01	-1.281152e+00
1.930616e+14	8.906296e-01	-1.422163e+00
1.930368e+14	8.554113e-01	-1.582259e+00
1.930119e+14	8.010185e-01	-1.768686e+00
1.929870e+14	7.157883e-01	-1.990828e+00
1.929621e+14	5.837366e-01	-2.258483e+00
1.929372e+14	3.918370e-01	-2.575363e+00
1.929124e+14	1.496280e-01	-2.928572e+00
1.928875e+14	9.956265e-02	-1.332527e-01
1.928627e+14	3.086067e-01	-4.574630e-01
1.928378e+14	4.605921e-01	-7.355716e-01
1.928130e+14	5.631691e-01	-9.741010e-01
1.927882e+14	6.300295e-01	-1.183376e+00
1.927633e+14	6.723151e-01	-1.373051e+00
1.927385e+14	6.974087e-01	-1.550674e+00
1.927137e+14	7.098134e-01	-1.721901e+00
1.926889e+14	7.121200e-01	-1.891003e+00
1.926641e+14	7.056841e-01	-2.061308e+00
1.926393e+14	6.910612e-01	-2.235483e+00
1.926145e+14	6.683038e-01	-2.415683e+00
1.925897e+14	6.372075e-01	-2.603597e+00
1.925650e+14	5.975647e-01	-2.800396e+00
1.925402e+14	5.494558e-01	-3.006636e+00
1.925154e+14	4.935585e-01	3.061039e+00
1.924907e+14	4.313946e-01	2.837180e+00
1.924659e+14	3.653895e-01	2.606526e+00
1.924412e+14	2.986523e-01	2.370945e+00
1.924165e+14	2.345033e-01	2.132156e+00
1.923917e+14	1.759176e-01	1.891188e+00
1.923670e+14	1.250946e-01	1.647801e+00
1.923423e+14	8.327131e-02	1.399637e+00
1.923176e+14	5.076424e-02	1.140129e+00
1.922929e+14	2.714773e-02	8.510308e-01
1.922682e+14	1.150928e-02	4.629046e-01
1.922435e+14	3.256598e-03	-5.371674e-01
1.922188e+14	3.733172e-03	-2.219520e+00
1.921941e+14	4.740972e-03	-2.783891e+00
1.921694e+14	4.734987e-03	3.074503e+00
1.921448e+14	5.226558e-03	2.678196e+00
1.921201e+14	7.606411e-03	2.404807e+00
1.920955e+14	1.304843e-02	2.232274e+00
1.920708e+14	2.262271e-02	2.074166e+00
1.920462e+14	3.709464e-02	1.902168e+00
1.920215e+14	5.683657e-02	1.716378e+00
1.919969e+14	8.181564e-02	1.521064e+00
1.919723e+14	1.115911e-01	1.319644e+00
1.919477e+14	1.453314e-01	1.114506e+00
1.919231e+14	1.818664e-01	9.074014e-01
1.918985e+14	2.197813e-01	6.997253e-01
1.918739e+14	2.575442e-01	4.926295e-01
1.918493e+14	2.936439e-01	2.870405e-01
1.918247e+14	3.267113e-01	8.363089e-02
1.918001e+14	3.555977e-01	-1.172147e-01
1.917756e+14	3.794013e-01	-3.154161e-01
1.917510e+14	3.974477e-01	-5.111881e-01
1.917264e+14	4.092393e-01	-7.050086e-01
1.917019e+14	4.143944e-01	-8.975705e-01
1.916773e+14	4.125916e-01	-1.089725e+00
1.916528e+14	4.035322e-01	-1.282418e+00
1.916283e+14	3.869305e-01	-1.476627e+00
1.916037e+14	3.625378e-01	-1.673280e+00
1.915792e+14	3.302057e-01	-1.873177e+00
1.915547e+14	2.899875e-01	-2.076895e+00
1.915302e+14	2.422671e-01	-2.284706e+00
1.915057e+14	1.878879e-01	-2.496529e+00
1.914812e+14	1.282347e-01	-2.712042e+00
1.914567e+14	6.521793e-02	-2.931671e+00
1.914322e+14	1.191807e-03	2.811766e+00
1.914077e+14	6.161075e-02	-2.126574e-01
1.913833e+14	1.207389e-01	-4.310149e-01
1.913588e+14	1.744067e-01	-6.445472e-01
1.913344e+14	2.212980e-01	-8.542530e-01
1.913099e+14	2.606385e-01	-1.060299e+00
1.912855e+14	2.921112e-01	-1.263018e+00
1.912610e+14	3.157334e-01	-1.462969e+00
1.912366e+14	3.317368e-01	-1.660877e+00
1.912122e+14	3.404755e-01	-1.857549e+00
1.911877e+14	3.423689e-01	-2.053803e+00
1.911633e+14	3.378793e-01	-2.250403e+00
1.911389e+14	3.275132e-01	-2.448013e+00
1.911145e+14	3.118410e-01	-2.647160e+00
1.910901e+14	2.915220e-01	-2.848210e+00
1.910657e+14	2.673254e-01	-3.051366e+00
1.910413e+14	2.401388e-01	3.026509e+00
1.910170e+14	2.109542e-01	2.819113e+00
1.909926e+14	1.808318e-01	2.609758e+00
1.909682e+14	1.508436e-01	2.398547e+00
1.909439e+14	1.220063e-01	2.185449e+00
1.909195e+14	9.521548e-02	1.970138e+00
1.908952e+14	7.119158e-02	1.751735e+00
1.908708e+14	5.044573e-02	1.528268e+00
1.908465e+14	3.326642e-02	1.295293e+00
1.908222e+14	1.972687e-02	1.041375e+00
1.907979e+14	9.720406e-03	7.270214e-01
1.907735e+14	3.168619e-03	9.186753e-02
1.907492e+14	2.376273e-03	-1.865277e+00
1.907249e+14	4.114592e-03	-2.513383e+00
1.907006e+14	4.744550e-03	-2.856264e+00
1.906763e+14	4.727609e-03	3.121458e+00
1.906521e+14	4.765678e-03	2.818613e+00
1.906278e+14	5.540872e-03	2.543189e+00
1.906035e+14	7.648832e-03	2.323559e+00
1.905792e+14	1.160989e-02	2.140928e+00
1.905550e+14	1.785453e-02	1.966193e+00
1.905307e+14	2.667580e-02	1.787156e+00
1.905065e+14	3.820426e-02	1.601960e+00
1.904822e+14	5.240003e-02	1.411681e+00
1.904580e+14	6.905238e-02	1.217715e+00
1.904338e+14	8.778707e-02	1.021216e+00
1.904096e+14	1.080832e-01	8.230700e-01
1.903853e+14	1.292999e-01	6.239647e-01
1.903611e+14	1.507118e-01	4.244451e-01
1.903369e+14	1.715505e-01	2.249419e-01
1.903127e+14	1.910457e-01	2.578031e-02
1.902885e+14	2.084632e-01	-1.728222e-01
1.902644e+14	2.231339e-01	-3.707601e-01
1.902402e+14	2.344730e-01	-5.680404e-01
1.902160e+14	2.419893e-01	-7.647772e-01
1.901918e+14	2.452878e-01	-9.611777e-01
1.901677e+14	2.440686e-01	-1.157522e+00
1.901435e+14	2.381272e-01	-1.354135e+00
1.901194e+14	2.273583e-01	-1.551356e+00
1.900952e+14	2.117667e-01	-1.749507e+00
1.900711e+14	1.914832e-01	-1.948857e+00
1.900470e+14	1.667848e-01	-2.149603e+00
1.900228e+14	1.381132e-01	-2.351861e+00
1.899987e+14	1.060855e-01	-2.555715e+00
1.899746e+14	7.148929e-02	-2.761469e+00
1.899505e+14	3.525765e-02	-2.971485e+00
1.899264e+14	1.622515e-03	2.000098e-01
1.899023e+14	3.795936e-02	-2.202495e-01
1.898782e+14	7.284063e-02	-4.292968e-01
1.898542e+14	1.052944e-01	-6.344485e-01
1.898301e+14	1.345323e-01	-8.377217e-01
1.898060e+14	1.599393e-01	-1.039474e+00
1.897819e+14	1.810794e-01	-1.239883e+00
1.897579e+14	1.976861e-01	-1.439150e+00
1.897338e+14	2.096431e-01	-1.637534e+00
1.897098e+14	2.169628e-01	-1.835339e+00
1.896858e+14	2.197674e-01	-2.032893e+00
1.896617e+14	2.182746e-01	-2.230523e+00
1.896377e+14	2.127880e-01	-2.428526e+00
1.896137e+14	2.036920e-01	-2.627157e+00
1.895897e+14	1.914471e-01	-2.826615e+00
1.895657e+14	1.765841e-01	-3.027040e+00
1.895417e+14	1.596936e-01	3.054664e+00
1.895177e+14	1.414100e-01	2.852067e+00
1.894937e+14	1.223884e-01	2.648296e+00
1.894697e+14	1.032778e-01	2.443242e+00
1.894457e+14	8.469105e-02	2.236679e+00
1.894217e+14	6.717620e-02	2.028145e+00
1.893978e+14	5.119205e-02	1.816727e+00
1.893738e+14	3.708987e-02	1.600588e+00
1.893499e+14	2.510316e-02	1.375740e+00
1.893259e+14	1.534659e-02	1.131997e+00
1.893020e+14	7.831769e-03	8.340352e-01
1.892780e+14	2.606920e-03	2.415636e-01
1.892541e+14	1.968542e-03	-1.800813e+00
1.892302e+14	3.759044e-03	-2.427264e+00
1.892063e+14	4.621156e-03	-2.742863e+00
1.891824e+14	4.778437e-03	-3.013330e+00
1.891585e+14	4.656092e-03	3.004530e+00
1.891346e+14	4.700876e-03	2.739825e+00
1.891107e+14	5.335839e-03	2.493110e+00
1.890868e+14	6.934688e-03	2.280052e+00
1.890629e+14	9.818885e-03	2.092268e+00
1.890390e+14	1.424713e-02	1.912916e+00
1.890152e+14	2.039343e-02	1.732617e+00
1.889913e+14	2.833285e-02	1.548712e+00
1.889674e+14	3.803607e-02	1.361247e+00
1.889436e+14	4.936911e-02	1.170948e+00
1.889197e+14	6.209762e-02	9.785626e-01
1.888959e+14	7.589594e-02	7.847068e-01
1.888721e+14	9.036103e-02	5.898672e-01
1.888482e+14	1.050307e-01	3.944249e-01
1.888244e+14	1.194049e-01	1.986765e-01
1.888006e+14	1.329688e-01	2.847371e-03
1.887768e+14	1.452148e-01	-1.929033e-01
1.887530e+14	1.556631e-01	-3.884803e-01
1.887292e+14	1.638783e-01	-5.838506e-01
1.887054e+14	1.694824e-01	-7.790395e-01
1.886816e+14	1.721643e-01	-9.741244e-01
1.886578e+14	1.716865e-01	-1.169225e+00
1.886341e+14	1.678904e-01	-1.364487e+00
1.886103e+14	1.607018e-01	-1.560074e+00
1.885865e+14	1.501357e-01	-1.756144e+00
1.885628e+14	1.363024e-01	-1.952839e+00
1.885390e+14	1.194127e-01	-2.150282e+00
1.885153e+14	9.978020e-02	-2.348582e+00
1.884916e+14	7.782038e-02	-2.547900e+00
1.884678e+14	5.404256e-02	-2.748696e+00
1.884441e+14	2.903473e-02	-2.953343e+00
1.884204e+14	3.452692e-03	3.044156e+00
1.883967e+14	2.208212e-02	-1.838015e-01
1.883730e+14	4.685330e-02	-3.911455e-01
1.883493e+14	7.025794e-02	-5.924403e-01
1.883256e+14	9.173623e-02	-7.919596e-01
1.883019e+14	1.108146e-01	-9.904119e-01
1.882782e+14	1.271177e-01	-1.188032e+00
1.882545e+14	1.403730e-01	-1.384968e+00
1.882309e+14	1.504100e-01	-1.581367e+00
1.882072e+14	1.571552e-01	-1.777392e+00
1.881835e+14	1.606257e-01	-1.973222e+00
1.881599e+14	1.609218e-01	-2.169039e+00
1.881362e+14	1.582204e-01	-2.365020e+00
1.881126e+14	1.527683e-01	-2.561325e+00
1.880890e+14	1.448756e-01	-2.758092e+00
1.880653e+14	1.349075e-01	-2.955436e+00
1.880417e+14	1.232747e-01	3.129733e+00
1.880181e+14	1.104202e-01	2.930957e+00
1.879945e+14	9.680509e-02	2.731323e+00
1.879709e+14	8.289033e-02	2.530687e+00
1.879473e+14	6.911910e-02	2.328811e+00
1.879237e+14	5.589855e-02	2.125277e+00
1.879001e+14	4.358365e-02	1.919320e+00
1.878765e+14	3.246401e-02	1.709482e+00
1.878529e+14	2.275476e-02	1.492722e+00
1.878294e+14	1.459253e-02	1.261668e+00
1.878058e+14	8.040586e-03	9.929580e-01
1.877822e+14	3.144063e-03	5.573017e-01
1.877587e+14	1.307607e-03	-1.368372e+00
1.877351e+14	3.147955e-03	-2.270765e+00
1.877116e+14	4.324433e-03	-2.598025e+00
1.876881e+14	4.765339e-03	-2.857155e+00
1.876645e+14	4.744829e-03	-3.102184e+00
1.876410e+14	4.576506e-03	2.935856e+00
1.876175e+14	4.578558e-03	2.690712e+00
1.875940e+14	5.051208e-03	2.457705e+00
1.875705e+14	6.260865e-03	2.248264e+00
1.875470e+14	8.434827e-03	2.058956e+00
1.875235e+14	1.175410e-02	1.878421e+00
1.875000e+14	1.634052e-02	1.698703e+00
("port 1","TE",1,"port 2",1,"modulation")
(1,1)
0.00257
(500,3)
2.000000e+14	2.721809e-02	-1.447852e+00
1.999733e+14	1.953329e-02	-1.680013e+00
1.999466e+14	1.355567e-02	-1.913322e+00
1.999199e+14	9.259543e-03	-2.144672e+00
1.998932e+14	6.502520e-03	-2.365604e+00
1.998665e+14	5.039956e-03	-2.564007e+00
1.998398e+14	4.543921e-03	-2.739538e+00
1.998131e+14	4.616601e-03	-2.909037e+00
1.997865e+14	4.809859e-03	-3.081907e+00
1.997598e+14	4.660973e-03	3.035460e+00
1.997332e+14	3.738666e-03	2.918408e+00
1.997065e+14	1.837321e-03	-3.138550e+00
1.996799e+14	2.785030e-03	-1.461468e+00
1.996532e+14	8.187951e-03	-1.349214e+00
1.996266e+14	1.574573e-02	-1.486943e+00
1.996000e+14	2.535195e-02	-1.671814e+00
1.995734e+14	3.688524e-02	-1.873323e+00
1.995468e+14	5.010514e-02	-2.082527e+00
1.995202e+14	6.464769e-02	-2.295824e+00
1.994936e+14	8.003755e-02	-2.511446e+00
1.994670e+14	9.570962e-02	-2.728392e+00
1.994404e+14	1.110374e-01	-2.946033e+00
1.994139e+14	1.253654e-01	3.119229e+00
1.993873e+14	1.380422e-01	2.901289e+00
1.993608e+14	1.484507e-01	2.683484e+00
1.993342e+14	1.560345e-01	2.465867e+00
1.993077e+14	1.603178e-01	2.248405e+00
1.992812e+14	1.609211e-01	2.030997e+00
1.992546e+14	1.575736e-01	1.813497e+00
1.992281e+14	1.501239e-01	1.595739e+00
1.992016e+14	1.385515e-01	1.377575e+00
1.991751e+14	1.229789e-01	1.158920e+00
1.991486e+14	1.036813e-01	9.398121e-01
1.991221e+14	8.109393e-02	7.205446e-01
1.990956e+14	5.580925e-02	5.021163e-01
1.990691e+14	2.856283e-02	2.892881e-01
1.990427e+14	5.677343e-04	1.274371e+00
1.990162e+14	2.838233e-02	2.948746e+00
1.989898e+14	5.622429e-02	2.735989e+00
1.989633e+14	8.245698e-02	2.517421e+00
1.989369e+14	1.062841e-01	2.297956e+00
1.989104e+14	1.270388e-01	2.078633e+00
1.988840e+14	1.442053e-01	1.859764e+00
1.988576e+14	1.574267e-01	1.641392e+00
1.988312e+14	1.665033e-01	1.423415e+00
1.988048e+14	1.713838e-01	1.205645e+00
1.987784e+14	1.721554e-01	9.878562e-01
1.987520e+14	1.690340e-01	7.698108e-01
1.987256e+14	1.623543e-01	5.512916e-01
1.986992e+14	1.525605e-01	3.321178e-01
1.986729e+14	1.401934e-01	1.121538e-01
1.986465e+14	1.258728e-01	-1.086935e-01
1.986201e+14	1.102731e-01	-3.304891e-01
1.985938e+14	9.409211e-02	-5.532961e-01
1.985674e+14	7.801554e-02	-7.772114e-01
1.985411e+14	6.267911e-02	-1.002410e+00
1.985148e+14	4.863311e-02	-1.229194e+00
1.984885e+14	3.631240e-02	-1.458018e+00
1.984622e+14	2.601433e-02	-1.689440e+00
1.984358e+14	1.788567e-02	-1.923723e+00
1.984095e+14	1.191832e-02	-2.159363e+00
1.983832e+14	7.953957e-03	-2.389223e+00
1.983570e+14	5.699766e-03	-2.596643e+00
1.983307e+14	4.756758e-03	-2.768378e+00
1.983044e+14	4.640901e-03	-2.919723e+00
1.982781e+14	4.794380e-03	-3.071683e+00
1.982519e+14	4.626605e-03	3.067161e+00
1.982256e+14	3.586369e-03	2.991492e+00
1.981994e+14	1.619586e-03	-2.754764e+00
1.981732e+14	4.186700e-03	-1.325700e+00
1.981469e+14	1.092965e-02	-1.305738e+00
1.981207e+14	2.037230e-02	-1.452163e+00
1.980945e+14	3.250538e-02	-1.637291e+00
1.980683e+14	4.723042e-02	-1.837285e+00
1.980421e+14	6.428573e-02	-2.044479e+00
1.980159e+14	8.324125e-02	-2.255593e+00
1.979897e+14	1.035122e-01	-2.468922e+00
1.979635e+14	1.243866e-01	-2.683435e+00
1.979373e+14	1.450635e-01	-2.898440e+00
1.979112e+14	1.646981e-01	-3.113451e+00
1.978850e+14	1.824469e-01	2.955049e+00
1.978588e+14	1.975090e-01	2.740877e+00
1.978327e+14	2.091564e-01	2.527272e+00
1.978066e+14	2.167553e-01	2.314157e+00
1.977804e+14	2.197774e-01	2.101341e+00
1.977543e+14	2.178069e-01	1.888546e+00
1.977282e+14	2.105469e-01	1.675435e+00
1.977021e+14	1.978319e-01	1.461666e+00
1.976760e+14	1.796471e-01	1.246937e+00
1.976499e+14	1.561565e-01	1.031057e+00
1.976238e+14	1.277333e-01	8.140269e-01
1.975977e+14	9.498615e-02	5.962233e-01
1.975716e+14	5.876839e-02	3.791246e-01
1.975455e+14	2.016140e-02	1.744652e-01
1.975195e+14	1.960459e-02	3.043079e+00
1.974934e+14	5.915505e-02	2.838954e+00
1.974674e+14	9.718361e-02	2.621485e+00
1.974413e+14	1.324699e-01	2.403157e+00
1.974153e+14	1.639829e-01	2.185585e+00
1.973892e+14	1.909213e-01	1.969245e+00
1.973632e+14	2.127238e-01	1.754213e+00
1.973372e+14	2.290539e-01	1.540326e+00
1.973112e+14	2.397715e-01	1.327268e+00
1.972852e+14	2.449038e-01	1.114629e+00
1.972592e+14	2.446219e-01	9.019589e-01
1.972332e+14	2.392274e-01	6.888215e-01
1.972072e+14	2.291480e-01	4.748309e-01
1.971812e+14	2.149377e-01	2.596837e-01
1.971553e+14	1.972755e-01	4.317319e-02
1.971293e+14	1.769568e-01	-1.748128e-01
1.971034e+14	1.548703e-01	-3.943131e-01
1.970774e+14	1.319611e-01	-6.153348e-01
1.970515e+14	1.091794e-01	-8.379131e-01
1.970255e+14	8.742204e-02	-1.062188e+00
1.969996e+14	6.747521e-02	-1.288500e+00
1.969737e+14	4.996484e-02	-1.517489e+00
1.969478e+14	3.532075e-02	-1.750172e+00
1.969219e+14	2.375593e-02	-1.987781e+00
1.968960e+14	1.525994e-02	-2.230503e+00
1.968701e+14	9.603932e-03	-2.472523e+00
1.968442e+14	6.360460e-03	-2.691372e+00
1.968183e+14	4.951527e-03	-2.854933e+00
1.967924e+14	4.694490e-03	-2.975123e+00
1.967666e+14	4.794364e-03	-3.090517e+00
1.967407e+14	4.398489e-03	3.099909e+00
1.967148e+14	2.813381e-03	-3.062736e+00
1.966890e+14	2.708223e-03	-1.558780e+00
1.966632e+14	9.266844e-03	-1.206537e+00
1.966373e+14	1.980385e-02	-1.301620e+00
1.966115e+14	3.432668e-02	-1.469291e+00
1.965857e+14	5.294392e-02	-1.661069e+00
1.965599e+14	7.553539e-02	-1.863801e+00
1.965341e+14	1.017076e-01	-2.072358e+00
1.965083e+14	1.307891e-01	-2.284181e+00
1.964825e+14	1.618560e-01	-2.497705e+00
1.964567e+14	1.937866e-01	-2.711806e+00
1.964309e+14	2.253403e-01	-2.925606e+00
1.964051e+14	2.552480e-01	-3.138420e+00
1.963794e+14	2.822954e-01	2.933419e+00
1.963536e+14	3.053851e-01	2.723794e+00
1.963279e+14	3.235657e-01	2.515899e+00
1.963021e+14	3.360313e-01	2.309492e+00
1.962764e+14	3.420972e-01	2.104100e+00
1.962507e+14	3.411665e-01	1.899052e+00
1.962249e+14	3.327027e-01	1.693534e+00
1.961992e+14	3.162224e-01	1.486654e+00
1.961735e+14	2.913214e-01	1.277536e+00
1.961478e+14	2.577455e-01	1.065423e+00
1.961221e+14	2.155079e-01	8.498239e-01
1.960964e+14	1.650425e-01	6.307037e-01
1.960707e+14	1.073554e-01	4.088944e-01
1.960450e+14	4.411476e-02	1.891983e-01
1.960194e+14	2.240336e-02	3.070090e+00
1.959937e+14	8.947943e-02	2.858566e+00
1.959681e+14	1.543582e-01	2.634513e+00
1.959424e+14	2.145559e-01	2.411960e+00
1.959168e+14	2.681497e-01	2.192845e+00
1.958911e+14	3.138782e-01	1.977851e+00
1.958655e+14	3.510902e-01	1.766989e+00
1.958399e+14	3.796009e-01	1.559779e+00
1.958143e+14	3.995239e-01	1.355398e+00
1.957886e+14	4.111285e-01	1.152806e+00
1.957630e+14	4.147453e-01	9.508701e-01
1.957374e+14	4.107226e-01	7.484508e-01
1.957119e+14	3.994295e-01	5.444902e-01
1.956863e+14	3.812959e-01	3.380817e-01
1.956607e+14	3.568776e-01	1.285304e-01
1.956351e+14	3.269304e-01	-8.460189e-02
1.956096e+14	2.924714e-01	-3.014804e-01
1.955840e+14	2.548031e-01	-5.220226e-01
1.955585e+14	2.154778e-01	-7.459775e-01
1.955329e+14	1.761988e-01	-9.730645e-01
1.955074e+14	1.386706e-01	-1.203168e+00
1.954818e+14	1.044322e-01	-1.436590e+00
1.954563e+14	7.471108e-02	-1.674367e+00
1.954308e+14	5.032262e-02	-1.918687e+00
1.954053e+14	3.162093e-02	-2.173231e+00
1.953798e+14	1.848982e-02	-2.441916e+00
1.953543e+14	1.035309e-02	-2.717771e+00
1.953288e+14	6.211488e-03	-2.944882e+00
1.953033e+14	4.818705e-03	-3.035602e+00
1.952779e+14	4.787971e-03	-3.052839e+00
1.952524e+14	4.435115e-03	-3.031089e+00
1.952269e+14	2.794646e-03	-2.442891e+00
1.952015e+14	7.286121e-03	-1.208630e+00
1.951760e+14	2.050032e-02	-1.145015e+00
1.951506e+14	4.180843e-02	-1.280195e+00
1.951251e+14	7.225510e-02	-1.466684e+00
1.950997e+14	1.124949e-01	-1.674865e+00
1.950743e+14	1.624283e-01	-1.894893e+00
1.950489e+14	2.209713e-01	-2.122040e+00
1.950234e+14	2.859609e-01	-2.352985e+00
1.949980e+14	3.543062e-01	-2.584657e+00
1.949726e+14	4.224327e-01	-2.814008e+00
1.949473e+14	4.869073e-01	-3.038217e+00
1.949219e+14	5.450030e-01	3.028153e+00
1.948965e+14	5.949882e-01	2.820141e+00
1.948711e+14	6.360832e-01	2.621404e+00
1.948458e+14	6.681898e-01	2.431546e+00
1.948204e+14	6.915412e-01	2.249438e+00
1.947951e+14	7.063718e-01	2.073358e+00
1.947697e+14	7.126329e-01	1.901054e+00
1.947444e+14	7.097186e-01	1.729705e+00
1.947190e+14	6.961332e-01	1.555758e+00
1.946937e+14	6.689972e-01	1.374605e+00
1.946684e+14	6.232755e-01	1.180104e+00
1.946431e+14	5.506920e-01	9.640367e-01
1.946178e+14	4.388875e-01	7.160722e-01
1.945925e+14	2.735263e-01	4.261980e-01
1.945672e+14	4.974247e-02	9.893914e-02
1.945419e+14	2.073528e-01	2.866270e+00
1.945166e+14	4.448032e-01	2.515779e+00
1.944914e+14	6.242566e-01	2.206419e+00
1.944661e+14	7.439686e-01	1.947937e+00
1.944408e+14	8.200599e-01	1.733817e+00
1.944156e+14	8.683582e-01	1.553491e+00
1.943903e+14	8.996122e-01	1.397717e+00
1.943651e+14	9.203430e-01	1.259601e+00
1.943399e+14	9.344030e-01	1.134212e+00
1.943146e+14	9.440832e-01	1.018018e+00
1.942894e+14	9.507686e-01	9.084251e-01
1.942642e+14	9.553091e-01	8.034566e-01
1.942390e+14	9.582265e-01	7.015348e-01
1.942138e+14	9.598310e-01	6.013278e-01
1.941886e+14	9.602852e-01	5.016390e-01
1.941634e+14	9.596363e-01	4.013189e-01
1.941382e+14	9.578256e-01	2.991877e-01
1.941131e+14	9.546793e-01	1.939565e-01
1.940879e+14	9.498795e-01	8.413995e-02
1.940627e+14	9.429065e-01	-3.205262e-02
1.940376e+14	9.329413e-01	-1.568559e-01
1.940124e+14	9.187055e-01	-2.931289e-01
1.939873e+14	8.982109e-01	-4.445792e-01
1.939622e+14	8.684002e-01	-6.160033e-01
1.939370e+14	8.247366e-01	-8.134372e-01
1.939119e+14	7.610797e-01	-1.043945e+00
1.938868e+14	6.708359e-01	-1.314616e+00
1.938617e+14	5.510007e-01	-1.630853e+00
1.938366e+14	4.089335e-01	-1.997014e+00
1.938115e+14	2.657635e-01	-2.429427e+00
1.937864e+14	1.502527e-01	-3.000261e+00
1.937613e+14	8.937804e-02	2.444427e+00
1.937362e+14	7.931589e-02	1.707062e+00
1.937112e+14	8.048102e-02	1.560185e+00
1.936861e+14	1.086920e-01	1.849031e+00
1.936611e+14	1.965402e-01	1.949915e+00
1.936360e+14	3.276951e-01	1.810649e+00
1.936110e+14	4.732486e-01	1.578484e+00
1.935859e+14	6.068406e-01	1.324903e+00
1.935609e+14	7.134270e-01	1.082837e+00
1.935359e+14	7.910870e-01	8.651044e-01
1.935109e+14	8.450806e-01	6.734818e-01
1.934858e+14	8.820254e-01	5.049546e-01
1.934608e+14	9.073455e-01	3.552463e-01
1.934358e+14	9.248588e-01	2.203074e-01
1.934109e+14	9.370916e-01	9.674922e-02
1.933859e+14	9.456790e-01	-1.814492e-02
1.933609e+14	9.516726e-01	-1.265368e-01
1.933359e+14	9.557462e-01	-2.301683e-01
1.933110e+14	9.583239e-01	-3.304798e-01
1.932860e+14	9.596586e-01	-4.287080e-01
1.932610e+14	9.598757e-01	-5.259659e-01
1.932361e+14	9.589939e-01	-6.233129e-01
1.932112e+14	9.569279e-01	-7.218224e-01
1.931862e+14	9.534715e-01	-8.226534e-01
1.931613e+14	9.482583e-01	-9.271371e-01
1.931364e+14	9.406858e-01	-1.036892e+00
1.931115e+14	9.297816e-01	-1.153982e+00
1.930865e+14	9.139653e-01	-1.281152e+00
1.930616e+14	8.906296e-01	-1.422163e+00
1.930368e+14	8.554113e-01	-1.582259e+00
1.930119e+14	8.010185e-01	-1.768686e+00
1.929870e+14	7.157883e-01	-1.990828e+00
1.929621e+14	5.837366e-01	-2.258483e+00
1.929372e+14	3.918370e-01	-2.575363e+00
1.929124e+14	1.496280e-01	-2.928572e+00
1.928875e+14	9.956265e-02	-1.332527e-01
1.928627e+14	3.086067e-01	-4.574630e-01
1.928378e+14	4.605921e-01	-7.355716e-01
1.928130e+14	5.631691e-01	-9.741010e-01
1.927882e+14	6.300295e-01	-1.183376e+00
1.927633e+14	6.723151e-01	-1.373051e+00
1.927385e+14	6.974087e-01	-1.550674e+00
1.927137e+14	7.098134e-01	-1.721901e+00
1.926889e+14	7.121200e-01	-1.891003e+00
1.926641e+14	7.056841e-01	-2.061308e+00
1.926393e+14	6.910612e-01	-2.235483e+00
1.926145e+14	6.683038e-01	-2.415683e+00
1.925897e+14	6.372075e-01	-2.603597e+00
1.925650e+14	5.975647e-01	-2.800396e+00
1.925402e+14	5.494558e-01	-3.006636e+00
1.925154e+14	4.935585e-01	3.061039e+00
1.924907e+14	4.313946e-01	2.837180e+00
1.924659e+14	3.653895e-01	2.606526e+00
1.924412e+14	2.986523e-01	2.370945e+00
1.924165e+14	2.345033e-01	2.132156e+00
1.923917e+14	1.759176e-01	1.891188e+00
1.923670e+14	1.250946e-01	1.647801e+00
1.923423e+14	8.327131e-02	1.399637e+00
1.923176e+14	5.076424e-02	1.140129e+00
1.922929e+14	2.714773e-02	8.510308e-01
1.922682e+14	1.150928e-02	4.629046e-01
1.922435e+14	3.256598e-03	-5.371674e-01
1.922188e+14	3.733172e-03	-2.219520e+00
1.921941e+14	4.740972e-03	-2.783891e+00
1.921694e+14	4.734987e-03	3.074503e+00
1.921448e+14	5.226558e-03	2.678196e+00
1.921201e+14	7.606411e-03	2.404807e+00
1.920955e+14	1.304843e-02	2.232274e+00
1.920708e+14	2.262271e-02	2.074166e+00
1.920462e+14	3.709464e-02	1.902168e+00
1.920215e+14	5.683657e-02	1.716378e+00
1.919969e+14	8.181564e-02	1.521064e+00
1.919723e+14	1.115911e-01	1.319644e+00
1.919477e+14	1.453314e-01	1.114506e+00
1.919231e+14	1.818664e-01	9.074014e-01
1.918985e+14	2.197813e-01	6.997253e-01
1.918739e+14	2.575442e-01	4.926295e-01
1.918493e+14	2.936439e-01	2.870405e-01
1.918247e+14	3.267113e-01	8.363089e-02
1.918001e+14	3.555977e-01	-1.172147e-01
1.917756e+14	3.794013e-01	-3.154161e-01
1.917510e+14	3.974477e-01	-5.111881e-01
1.917264e+14	4.092393e-01	-7.050086e-01
1.917019e+14	4.143944e-01	-8.975705e-01
1.916773e+14	4.125916e-01	-1.089725e+00
1.916528e+14	4.035322e-01	-1.282418e+00
1.916283e+14	3.869305e-01	-1.476627e+00
1.916037e+14	3.625378e-01	-1.673280e+00
1.915792e+14	3.302057e-01	-1.873177e+00
1.915547e+14	2.899875e-01	-2.076895e+00
1.915302e+14	2.422671e-01	-2.284706e+00
1.915057e+14	1.878879e-01	-2.496529e+00
1.914812e+14	1.282347e-01	-2.712042e+00
1.914567e+14	6.521793e-02	-2.931671e+00
1.914322e+14	1.191807e-03	2.811766e+00
1.914077e+14	6.161075e-02	-2.126574e-01
1.913833e+14	1.207389e-01	-4.310149e-01
1.913588e+14	1.744067e-01	-6.445472e-01
1.913344e+14	2.212980e-01	-8.542530e-01
1.913099e+14	2.606385e-01	-1.060299e+00
1.912855e+14	2.921112e-01	-1.263018e+00
1.912610e+14	3.157334e-01	-1.462969e+00
1.912366e+14	3.317368e-01	-1.660877e+00
1.912122e+14	3.404755e-01	-1.857549e+00
1.911877e+14	3.423689e-01	-2.053803e+00
1.911633e+14	3.378793e-01	-2.250403e+00
1.911389e+14	3.275132e-01	-2.448013e+00
1.911145e+14	3.118410e-01	-2.647160e+00
1.910901e+14	2.915220e-01	-2.848210e+00
1.910657e+14	2.673254e-01	-3.051366e+00
1.910413e+14	2.401388e-01	3.026509e+00
1.910170e+14	2.109542e-01	2.819113e+00
1.909926e+14	1.808318e-01	2.609758e+00
1.909682e+14	1.508436e-01	2.398547e+00
1.909439e+14	1.220063e-01	2.185449e+00
1.909195e+14	9.521548e-02	1.970138e+00
1.908952e+14	7.119158e-02	1.751735e+00
1.908708e+14	5.044573e-02	1.528268e+00
1.908465e+14	3.326642e-02	1.295293e+00
1.908222e+14	1.972687e-02	1.041375e+00
1.907979e+14	9.720406e-03	7.270214e-01
1.907735e+14	3.168619e-03	9.186753e-02
1.907492e+14	2.376273e-03	-1.865277e+00
1.907249e+14	4.114592e-03	-2.513383e+00
1.907006e+14	4.744550e-03	-2.856264e+00
1.906763e+14	4.727609e-03	3.121458e+00
1.906521e+14	4.765678e-03	2.818613e+00
1.906278e+14	5.540872e-03	2.543189e+00
1.906035e+14	7.648832e-03	2.323559e+00
1.905792e+14	1.160989e-02	2.140928e+00
1.905550e+14	1.785453e-02	1.966193e+00
1.905307e+14	2.667580e-02	1.787156e+00
1.905065e+14	3.820426e-02	1.601960e+00
1.904822e+14	5.240003e-02	1.411681e+00
1.904580e+14	6.905238e-02	1.217715e+00
1.904338e+14	8.778707e-02	1.021216e+00
1.904096e+14	1.080832e-01	8.230700e-01
1.903853e+14	1.292999e-01	6.239647e-01
1.903611e+14	1.507118e-01	4.244451e-01
1.903369e+14	1.715505e-01	2.249419e-01
1.903127e+14	1.910457e-01	2.578031e-02
1.902885e+14	2.084632e-01	-1.728222e-01
1.902644e+14	2.231339e-01	-3.707601e-01
1.902402e+14	2.344730e-01	-5.680404e-01
1.902160e+14	2.419893e-01	-7.647772e-01
1.901918e+14	2.452878e-01	-9.611777e-01
1.901677e+14	2.440686e-01	-1.157522e+00
1.901435e+14	2.381272e-01	-1.354135e+00
1.901194e+14	2.273583e-01	-1.551356e+00
1.900952e+14	2.117667e-01	-1.749507e+00
1.900711e+14	1.914832e-01	-1.948857e+00
1.900470e+14	1.667848e-01	-2.149603e+00
1.900228e+14	1.381132e-01	-2.351861e+00
1.899987e+14	1.060855e-01	-2.555715e+00
1.899746e+14	7.148929e-02	-2.761469e+00
1.899505e+14	3.525765e-02	-2.971485e+00
1.899264e+14	1.622515e-03	2.000098e-01
1.899023e+14	3.795936e-02	-2.202495e-01
1.898782e+14	7.284063e-02	-4.292968e-01
1.898542e+14	1.052944e-01	-6.344485e-01
1.898301e+14	1.345323e-01	-8.377217e-01
1.898060e+14	1.599393e-01	-1.039474e+00
1.897819e+14	1.810794e-01	-1.239883e+00
1.897579e+14	1.976861e-01	-1.439150e+00
1.897338e+14	2.096431e-01	-1.637534e+00
1.897098e+14	2.169628e-01	-1.835339e+00
1.896858e+14	2.197674e-01	-2.032893e+00
1.896617e+14	2.182746e-01	-2.230523e+00
1.896377e+14	2.127880e-01	-2.428526e+00
1.896137e+14	2.036920e-01	-2.627157e+00
1.895897e+14	1.914471e-01	-2.826615e+00
1.895657e+14	1.765841e-01	-3.027040e+00
1.895417e+14	1.596936e-01	3.054664e+00
1.895177e+14	1.414100e-01	2.852067e+00
1.894937e+14	1.223884e-01	2.648296e+00
1.894697e+14	1.032778e-01	2.443242e+00
1.894457e+14	8.469105e-02	2.236679e+00
1.894217e+14	6.717620e-02	2.028145e+00
1.893978e+14	5.119205e-02	1.816727e+00
1.893738e+14	3.708987e-02	1.600588e+00
1.893499e+14	2.510316e-02	1.375740e+00
1.893259e+14	1.534659e-02	1.131997e+00
1.893020e+14	7.831769e-03	8.340352e-01
1.892780e+14	2.606920e-03	2.415636e-01
1.892541e+14	1.968542e-03	-1.800813e+00
1.892302e+14	3.759044e-03	-2.427264e+00
1.892063e+14	4.621156e-03	-2.742863e+00
1.891824e+14	4.778437e-03	-3.013330e+00
1.891585e+14	4.656092e-03	3.004530e+00
1.891346e+14	4.700876e-03	2.739825e+00
1.891107e+14	5.335839e-03	2.493110e+00
1.890868e+14	6.934688e-03	2.280052e+00
1.890629e+14	9.818885e-03	2.092268e+00
1.890390e+14	1.424713e-02	1.912916e+00
1.890152e+14	2.039343e-02	1.732617e+00
1.889913e+14	2.833285e-02	1.548712e+00
1.889674e+14	3.803607e-02	1.361247e+00
1.889436e+14	4.936911e-02	1.170948e+00
1.889197e+14	6.209762e-02	9.785626e-01
1.888959e+14	7.589594e-02	7.847068e-01
1.888721e+14	9.036103e-02	5.898672e-01
1.888482e+14	1.050307e-01	3.944249e-01
1.888244e+14	1.194049e-01	1.986765e-01
1.888006e+14	1.329688e-01	2.847371e-03
1.887768e+14	1.452148e-01	-1.929033e-01
1.887530e+14	1.556631e-01	-3.884803e-01
1.887292e+14	1.638783e-01	-5.838506e-01
1.887054e+14	1.694824e-01	-7.790395e-01
1.886816e+14	1.721643e-01	-9.741244e-01
1.886578e+14	1.716865e-01	-1.169225e+00
1.886341e+14	1.678904e-01	-1.364487e+00
1.886103e+14	1.607018e-01	-1.560074e+00
1.885865e+14	1.501357e-01	-1.756144e+00
1.885628e+14	1.363024e-01	-1.952839e+00
1.885390e+14	1.194127e-01	-2.150282e+00
1.885153e+14	9.978020e-02	-2.348582e+00
1.884916e+14	7.782038e-02	-2.547900e+00
1.884678e+14	5.404256e-02	-2.748696e+00
1.884441e+14	2.903473e-02	-2.953343e+00
1.884204e+14	3.452692e-03	3.044156e+00
1.883967e+14	2.208212e-02	-1.838015e-01
1.883730e+14	4.685330e-02	-3.911455e-01
1.883493e+14	7.025794e-02	-5.924403e-01
1.883256e+14	9.173623e-02	-7.919596e-01
1.883019e+14	1.108146e-01	-9.904119e-01
1.882782e+14	1.271177e-01	-1.188032e+00
1.882545e+14	1.403730e-01	-1.384968e+00
1.882309e+14	1.504100e-01	-1.581367e+00
1.882072e+14	1.571552e-01	-1.777392e+00
1.881835e+14	1.606257e-01	-1.973222e+00
1.881599e+14	1.609218e-01	-2.169039e+00
1.881362e+14	1.582204e-01	-2.365020e+00
1.881126e+14	1.527683e-01	-2.561325e+00
1.880890e+14	1.448756e-01	-2.758092e+00
1.880653e+14	1.349075e-01	-2.955436e+00
1.880417e+14	1.232747e-01	3.129733e+00
1.880181e+14	1.104202e-01	2.930957e+00
1.879945e+14	9.680509e-02	2.731323e+00
1.879709e+14	8.289033e-02	2.530687e+00
1.879473e+14	6.911910e-02	2.328811e+00
1.879237e+14	5.589855e-02	2.125277e+00
1.879001e+14	4.358365e-02	1.919320e+00
1.878765e+14	3.246401e-02	1.709482e+00
1.878529e+14	2.275476e-02	1.492722e+00
1.878294e+14	1.459253e-02	1.261668e+00
1.878058e+14	8.040586e-03	9.929580e-01
1.877822e+14	3.144063e-03	5.573017e-01
1.877587e+14	1.307607e-03	-1.368372e+00
1.877351e+14	3.147955e-03	-2.270765e+00
1.877116e+14	4.324433e-03	-2.598025e+00
1.876881e+14	4.765339e-03	-2.857155e+00
1.876645e+14	4.744829e-03	-3.102184e+00
1.876410e+14	4.576506e-03	2.935856e+00
1.876175e+14	4.578558e-03	2.690712e+00
1.875940e+14	5.051208e-03	2.457705e+00
1.875705e+14	6.260865e-03	2.248264e+00
1.875470e+14	8.434827e-03	2.058956e+00
1.875235e+14	1.175410e-02	1.878421e+00
1.875000e+14	1.634052e-02	1.698703e+00
("port 2","TE",1,"port 1",1,"modulation")
(1,1)
0.00257
(500,3)
2.000000e+14	9.996369e-01	1.721088e+00
1.999733e+14	9.998166e-01	1.498366e+00
1.999466e+14	9.999155e-01	1.275753e+00
1.999199e+14	9.999645e-01	1.053247e+00
1.998932e+14	9.999863e-01	8.308395e-01
1.998665e+14	9.999947e-01	6.085187e-01
1.998398e+14	9.999971e-01	3.862726e-01
1.998131e+14	9.999968e-01	1.640910e-01
1.997865e+14	9.999959e-01	-5.803425e-02
1.997598e+14	9.999966e-01	-2.801121e-01
1.997332e+14	1.000000e+00	-5.021542e-01
1.997065e+14	1.000006e+00	-7.241764e-01
1.996799e+14	1.000004e+00	-9.461988e-01
1.996532e+14	9.999740e-01	-1.168242e+00
1.996266e+14	9.998836e-01	-1.390322e+00
1.996000e+14	9.996861e-01	-1.612443e+00
1.995734e+14	9.993271e-01	-1.834589e+00
1.995468e+14	9.987515e-01	-2.056721e+00
1.995202e+14	9.979157e-01	-2.278771e+00
1.994936e+14	9.967995e-01	-2.500648e+00
1.994670e+14	9.954169e-01	-2.722248e+00
1.994404e+14	9.938238e-01	-2.943463e+00
1.994139e+14	9.921183e-01	3.118982e+00
1.993873e+14	9.904340e-01	2.898771e+00
1.993608e+14	9.889274e-01	2.679098e+00
1.993342e+14	9.877592e-01	2.459914e+00
1.993077e+14	9.870731e-01	2.241110e+00
1.992812e+14	9.869749e-01	2.022525e+00
1.992546e+14	9.875149e-01	1.803959e+00
1.992281e+14	9.886749e-01	1.585199e+00
1.992016e+14	9.903629e-01	1.366037e+00
1.991751e+14	9.924170e-01	1.146305e+00
1.991486e+14	9.946183e-01	9.258970e-01
1.991221e+14	9.967142e-01	7.047872e-01
1.990956e+14	9.984492e-01	4.830425e-01
1.990691e+14	9.995998e-01	2.608180e-01
1.990427e+14	1.000008e+00	3.834138e-02
1.990162e+14	9.996050e-01	-1.841158e-01
1.989898e+14	9.984260e-01	-4.062742e-01
1.989633e+14	9.966025e-01	-6.278844e-01
1.989369e+14	9.943437e-01	-8.487598e-01
1.989104e+14	9.919056e-01	-1.068799e+00
1.988840e+14	9.895557e-01	-1.287995e+00
1.988576e+14	9.875385e-01	-1.506431e+00
1.988312e+14	9.860488e-01	-1.724265e+00
1.988048e+14	9.852122e-01	-1.941705e+00
1.987784e+14	9.850777e-01	-2.158981e+00
1.987520e+14	9.856181e-01	-2.376317e+00
1.987256e+14	9.867404e-01	-2.593908e+00
1.986992e+14	9.883021e-01	-2.811895e+00
1.986729e+14	9.901321e-01	-3.030359e+00
1.986465e+14	9.920544e-01	3.033868e+00
1.986201e+14	9.939093e-01	2.814459e+00
1.985938e+14	9.955715e-01	2.594684e+00
1.985674e+14	9.969602e-01	2.374655e+00
1.985411e+14	9.980418e-01	2.154491e+00
1.985148e+14	9.988248e-01	1.934299e+00
1.984885e+14	9.993486e-01	1.714163e+00
1.984622e+14	9.996697e-01	1.494138e+00
1.984358e+14	9.998482e-01	1.274248e+00
1.984095e+14	9.999371e-01	1.054495e+00
1.983832e+14	9.999765e-01	8.348668e-01
1.983570e+14	9.999919e-01	6.153410e-01
1.983307e+14	9.999969e-01	3.958972e-01
1.983044e+14	9.999974e-01	1.765169e-01
1.982781e+14	9.999967e-01	-4.281499e-02
1.982519e+14	9.999975e-01	-2.621139e-01
1.982256e+14	1.000002e+00	-4.813991e-01
1.981994e+14	1.000007e+00	-7.006966e-01
1.981732e+14	9.999995e-01	-9.200394e-01
1.981469e+14	9.999486e-01	-1.139463e+00
1.981207e+14	9.998008e-01	-1.358999e+00
1.980945e+14	9.994799e-01	-1.578659e+00
1.980683e+14	9.988924e-01	-1.798426e+00
1.980421e+14	9.979399e-01	-2.018240e+00
1.980159e+14	9.965378e-01	-2.237997e+00
1.979897e+14	9.946366e-01	-2.457546e+00
1.979635e+14	9.922422e-01	-2.676706e+00
1.979373e+14	9.894307e-01	-2.895284e+00
1.979112e+14	9.863524e-01	-3.113109e+00
1.978850e+14	9.832241e-01	2.953130e+00
1.978588e+14	9.803095e-01	2.737108e+00
1.978327e+14	9.778906e-01	2.521965e+00
1.978066e+14	9.762343e-01	2.307551e+00
1.977804e+14	9.755584e-01	2.093620e+00
1.977543e+14	9.760003e-01	1.879844e+00
1.977282e+14	9.775922e-01	1.665850e+00
1.977021e+14	9.802444e-01	1.451252e+00
1.976760e+14	9.837396e-01	1.235698e+00
1.976499e+14	9.877408e-01	1.018922e+00
1.976238e+14	9.918171e-01	8.007799e-01
1.975977e+14	9.954872e-01	5.812884e-01
1.975716e+14	9.982803e-01	3.606373e-01
1.975455e+14	9.998054e-01	1.391789e-01
1.975195e+14	9.998165e-01	-8.261002e-02
1.974934e+14	9.982575e-01	-3.041901e-01
1.974674e+14	9.952752e-01	-5.250342e-01
1.974413e+14	9.911957e-01	-7.447006e-01
1.974153e+14	9.864719e-01	-9.628900e-01
1.973892e+14	9.816140e-01	-1.179478e+00
1.973632e+14	9.771210e-01	-1.394521e+00
1.973372e+14	9.734224e-01	-1.608232e+00
1.973112e+14	9.708380e-01	-1.820950e+00
1.972852e+14	9.695560e-01	-2.033086e+00
1.972592e+14	9.696272e-01	-2.245081e+00
1.972332e+14	9.709722e-01	-2.457350e+00
1.972072e+14	9.734002e-01	-2.670245e+00
1.971812e+14	9.766365e-01	-2.884024e+00
1.971553e+14	9.803568e-01	-3.098826e+00
1.971293e+14	9.842274e-01	2.968510e+00
1.971034e+14	9.879436e-01	2.751704e+00
1.970774e+14	9.912637e-01	2.534112e+00
1.970515e+14	9.940309e-01	2.315958e+00
1.970255e+14	9.961802e-01	2.097475e+00
1.969996e+14	9.977298e-01	1.878877e+00
1.969737e+14	9.987599e-01	1.660329e+00
1.969478e+14	9.993850e-01	1.441937e+00
1.969219e+14	9.997267e-01	1.223750e+00
1.968960e+14	9.998925e-01	1.005767e+00
1.968701e+14	9.999629e-01	7.879573e-01
1.968442e+14	9.999888e-01	5.702757e-01
1.968183e+14	9.999967e-01	3.526760e-01
1.967924e+14	9.999980e-01	1.351178e-01
1.967666e+14	9.999975e-01	-8.243397e-02
1.967407e+14	9.999994e-01	-3.000152e-01
1.967148e+14	1.000005e+00	-5.176708e-01
1.966890e+14	1.000005e+00	-7.354613e-01
1.966632e+14	9.999662e-01	-9.534630e-01
1.966373e+14	9.998130e-01	-1.171759e+00
1.966115e+14	9.994199e-01	-1.390419e+00
1.965857e+14	9.986067e-01	-1.609476e+00
1.965599e+14	9.971524e-01	-1.828889e+00
1.965341e+14	9.948236e-01	-2.048523e+00
1.965083e+14	9.914195e-01	-2.268129e+00
1.964825e+14	9.868237e-01	-2.487352e+00
1.964567e+14	9.810530e-01	-2.705761e+00
1.964309e+14	9.742894e-01	-2.922900e+00
1.964051e+14	9.668849e-01	-3.138358e+00
1.963794e+14	9.593368e-01	2.931352e+00
1.963536e+14	9.522382e-01	2.719988e+00
1.963279e+14	9.462149e-01	2.510653e+00
1.963021e+14	9.418600e-01	2.303039e+00
1.962764e+14	9.396737e-01	2.096623e+00
1.962507e+14	9.400120e-01	1.890694e+00
1.962249e+14	9.430409e-01	1.684406e+00
1.961992e+14	9.486943e-01	1.476836e+00
1.961735e+14	9.566345e-01	1.267073e+00
1.961478e+14	9.662222e-01	1.054317e+00
1.961221e+14	9.765115e-01	8.380002e-01
1.960964e+14	9.862960e-01	6.179101e-01
1.960707e+14	9.942304e-01	3.942975e-01
1.960450e+14	9.990362e-01	1.679247e-01
1.960194e+14	9.997588e-01	-5.998223e-02
1.959937e+14	9.959985e-01	-2.878929e-01
1.959681e+14	9.880248e-01	-5.142181e-01
1.959424e+14	9.767215e-01	-7.375754e-01
1.959168e+14	9.633870e-01	-9.569982e-01
1.958911e+14	9.494729e-01	-1.172041e+00
1.958655e+14	9.363512e-01	-1.382775e+00
1.958399e+14	9.251598e-01	-1.589712e+00
1.958143e+14	9.167322e-01	-1.793685e+00
1.957886e+14	9.115868e-01	-1.995726e+00
1.957630e+14	9.099469e-01	-2.196957e+00
1.957374e+14	9.117698e-01	-2.398494e+00
1.957119e+14	9.167733e-01	-2.601362e+00
1.956863e+14	9.244625e-01	-2.806420e+00
1.956607e+14	9.341607e-01	-3.014300e+00
1.956351e+14	9.450581e-01	3.057832e+00
1.956096e+14	9.562840e-01	2.843565e+00
1.955840e+14	9.670028e-01	2.626342e+00
1.955585e+14	9.765186e-01	2.406672e+00
1.955329e+14	9.843645e-01	2.185217e+00
1.955074e+14	9.903485e-01	1.962685e+00
1.954818e+14	9.945420e-01	1.739706e+00
1.954563e+14	9.972153e-01	1.516755e+00
1.954308e+14	9.987431e-01	1.294106e+00
1.954053e+14	9.995100e-01	1.071844e+00
1.953798e+14	9.998392e-01	8.499030e-01
1.953543e+14	9.999566e-01	6.281290e-01
1.953288e+14	9.999909e-01	4.063339e-01
1.953033e+14	9.999986e-01	1.843340e-01
1.952779e+14	9.999988e-01	-3.804006e-02
1.952524e+14	1.000000e+00	-2.609604e-01
1.952269e+14	1.000006e+00	-4.846383e-01
1.952015e+14	9.999839e-01	-7.093621e-01
1.951760e+14	9.998004e-01	-9.355176e-01
1.951506e+14	9.991363e-01	-1.163566e+00
1.951251e+14	9.973970e-01	-1.393965e+00
1.950997e+14	9.936632e-01	-1.627022e+00
1.950743e+14	9.867314e-01	-1.862696e+00
1.950489e+14	9.752915e-01	-2.100386e+00
1.950234e+14	9.582526e-01	-2.338797e+00
1.949980e+14	9.351408e-01	-2.575956e+00
1.949726e+14	9.064057e-01	-2.809460e+00
1.949473e+14	8.734650e-01	-3.036888e+00
1.949219e+14	8.384453e-01	3.026939e+00
1.948965e+14	8.037455e-01	2.816884e+00
1.948711e+14	7.716314e-01	2.616486e+00
1.948458e+14	7.440015e-01	2.425258e+00
1.948204e+14	7.223475e-01	2.242012e+00
1.947951e+14	7.078513e-01	2.064978e+00
1.947697e+14	7.015473e-01	1.891867e+00
1.947444e+14	7.044954e-01	1.719830e+00
1.947190e+14	7.179229e-01	1.545289e+00
1.946937e+14	7.432753e-01	1.363616e+00
1.946684e+14	7.820132e-01	1.168644e+00
1.946431e+14	8.347200e-01	9.521187e-01
1.946178e+14	8.985546e-01	7.036262e-01
1.945925e+14	9.618785e-01	4.128231e-01
1.945672e+14	9.987773e-01	7.732786e-02
1.945419e+14	9.782823e-01	-2.849571e-01
1.945166e+14	8.956444e-01	-6.368334e-01
1.944914e+14	7.812349e-01	-9.465880e-01
1.944661e+14	6.682294e-01	-1.205220e+00
1.944408e+14	5.722918e-01	-1.419370e+00
1.944156e+14	4.959511e-01	-1.599645e+00
1.943903e+14	4.367027e-01	-1.755297e+00
1.943651e+14	3.911251e-01	-1.893226e+00
1.943399e+14	3.562302e-01	-2.018360e+00
1.943146e+14	3.297197e-01	-2.134229e+00
1.942894e+14	3.099137e-01	-2.243418e+00
1.942642e+14	2.956205e-01	-2.347893e+00
1.942390e+14	2.860221e-01	-2.449219e+00
1.942138e+14	2.805902e-01	-2.548708e+00
1.941886e+14	2.790312e-01	-2.647532e+00
1.941634e+14	2.812546e-01	-2.746810e+00
1.941382e+14	2.873608e-01	-2.847679e+00
1.941131e+14	2.976467e-01	-2.951370e+00
1.940879e+14	3.126263e-01	-3.059291e+00
1.940627e+14	3.330674e-01	3.110062e+00
1.940376e+14	3.600383e-01	2.988238e+00
1.940124e+14	3.949532e-01	2.855790e+00
1.939873e+14	4.395748e-01	2.709352e+00
1.939622e+14	4.958743e-01	2.544665e+00
1.939370e+14	5.655278e-01	2.356566e+00
1.939119e+14	6.486696e-01	2.139502e+00
1.938868e+14	7.416177e-01	1.889172e+00
1.938617e+14	8.345172e-01	1.605759e+00
1.938366e+14	9.125770e-01	1.297364e+00
1.938115e+14	9.640510e-01	9.792340e-01
1.937864e+14	9.886602e-01	6.664823e-01
1.937613e+14	9.960101e-01	3.663320e-01
1.937362e+14	9.968617e-01	7.668330e-02
1.937112e+14	9.967685e-01	-2.103112e-01
1.936861e+14	9.940882e-01	-5.036974e-01
1.936611e+14	9.805091e-01	-8.092767e-01
1.936360e+14	9.447974e-01	-1.125216e+00
1.936110e+14	8.809431e-01	-1.440225e+00
1.935859e+14	7.948379e-01	-1.738144e+00
1.935609e+14	7.007437e-01	-2.006505e+00
1.935359e+14	6.117175e-01	-2.241057e+00
1.935109e+14	5.346524e-01	-2.444070e+00
1.934858e+14	4.712150e-01	-2.620658e+00
1.934608e+14	4.203985e-01	-2.776272e+00
1.934358e+14	3.803233e-01	-2.915662e+00
1.934109e+14	3.490959e-01	-3.042652e+00
1.933859e+14	3.251140e-01	3.122943e+00
1.933609e+14	3.071261e-01	3.012398e+00
1.933359e+14	2.942040e-01	2.907026e+00
1.933110e+14	2.856950e-01	2.805293e+00
1.932860e+14	2.811786e-01	2.705893e+00
1.932610e+14	2.804364e-01	2.607664e+00
1.932361e+14	2.834369e-01	2.509508e+00
1.932112e+14	2.903356e-01	2.410325e+00
1.931862e+14	3.014926e-01	2.308932e+00
1.931613e+14	3.175092e-01	2.203983e+00
1.931364e+14	3.392880e-01	2.093847e+00
1.931115e+14	3.681206e-01	1.976449e+00
1.930865e+14	4.058011e-01	1.849039e+00
1.930616e+14	4.547383e-01	1.707850e+00
1.930368e+14	5.179584e-01	1.547639e+00
1.930119e+14	5.986492e-01	1.361164e+00
1.929870e+14	6.983277e-01	1.139053e+00
1.929621e+14	8.119543e-01	8.715475e-01
1.929372e+14	9.200469e-01	5.550752e-01
1.929124e+14	9.887551e-01	2.036289e-01
1.928875e+14	9.950439e-01	-1.491204e-01
1.928627e+14	9.512018e-01	-4.704224e-01
1.928378e+14	8.876232e-01	-7.478580e-01
1.928130e+14	8.263523e-01	-9.859354e-01
1.927882e+14	7.765813e-01	-1.194787e+00
1.927633e+14	7.402748e-01	-1.384010e+00
1.927385e+14	7.166831e-01	-1.561127e+00
1.927137e+14	7.043991e-01	-1.731772e+00
1.926889e+14	7.020670e-01	-1.900197e+00
1.926641e+14	7.085358e-01	-2.069708e+00
1.926393e+14	7.228056e-01	-2.242945e+00
1.926145e+14	7.438979e-01	-2.422030e+00
1.925897e+14	7.707018e-01	-2.608608e+00
1.925650e+14	8.018304e-01	-2.803794e+00
1.925402e+14	8.355327e-01	-3.008061e+00
1.925154e+14	8.697227e-01	3.062052e+00
1.924907e+14	9.021736e-01	2.841252e+00
1.924659e+14	9.308651e-01	2.614504e+00
1.924412e+14	9.543724e-01	2.384019e+00
1.924165e+14	9.721258e-01	2.152056e+00
1.923917e+14	9.844154e-01	1.920537e+00
1.923670e+14	9.921553e-01	1.690805e+00
1.923423e+14	9.965374e-01	1.463564e+00
1.923176e+14	9.987211e-01	1.238978e+00
1.922929e+14	9.996418e-01	1.016837e+00
1.922682e+14	9.999442e-01	7.967504e-01
1.922435e+14	1.000005e+00	5.782818e-01
1.922188e+14	1.000003e+00	3.610455e-01
1.921941e+14	9.999992e-01	1.447397e-01
1.921694e+14	9.999992e-01	-7.085715e-02
1.921448e+14	9.999968e-01	-2.859147e-01
1.921201e+14	9.999816e-01	-5.005848e-01
1.920955e+14	9.999254e-01	-7.150261e-01
1.920708e+14	9.997546e-01	-9.294091e-01
1.920462e+14	9.993223e-01	-1.143897e+00
1.920215e+14	9.983941e-01	-1.358608e+00
1.919969e+14	9.966581e-01	-1.573564e+00
1.919723e+14	9.937649e-01	-1.788647e+00
1.919477e+14	9.893938e-01	-2.003565e+00
1.919231e+14	9.833340e-01	-2.217864e+00
1.918985e+14	9.755599e-01	-2.430960e+00
1.918739e+14	9.662773e-01	-2.642225e+00
1.918493e+14	9.559256e-01	-2.851076e+00
1.918247e+14	9.451349e-01	-3.057077e+00
1.918001e+14	9.346497e-01	3.023181e+00
1.917756e+14	9.252427e-01	2.823291e+00
1.917510e+14	9.176353e-01	2.626142e+00
1.917264e+14	9.124375e-01	2.431194e+00
1.917019e+14	9.101078e-01	2.237708e+00
1.916773e+14	9.109265e-01	2.044802e+00
1.916528e+14	9.149758e-01	1.851504e+00
1.916283e+14	9.221193e-01	1.656821e+00
1.916037e+14	9.319795e-01	1.459816e+00
1.915792e+14	9.439196e-01	1.259689e+00
1.915547e+14	9.570411e-01	1.055872e+00
1.915302e+14	9.702204e-01	8.481307e-01
1.915057e+14	9.822014e-01	6.366358e-01
1.914812e+14	9.917549e-01	4.220030e-01
1.914567e+14	9.978821e-01	2.052515e-01
1.914322e+14	1.000010e+00	-1.231846e-02
1.914077e+14	9.981114e-01	-2.293168e-01
1.913833e+14	9.926954e-01	-4.444754e-01
1.913588e+14	9.846848e-01	-6.568257e-01
1.913344e+14	9.752172e-01	-8.658017e-01
1.913099e+14	9.654474e-01	-1.071257e+00
1.912855e+14	9.563952e-01	-1.273417e+00
1.912610e+14	9.488587e-01	-1.472790e+00
1.912366e+14	9.433827e-01	-1.670067e+00
1.912122e+14	9.402641e-01	-1.866030e+00
1.911877e+14	9.395763e-01	-2.061474e+00
1.911633e+14	9.412002e-01	-2.257135e+00
1.911389e+14	9.448574e-01	-2.453646e+00
1.911145e+14	9.501451e-01	-2.651494e+00
1.910901e+14	9.565750e-01	-2.850997e+00
1.910657e+14	9.636172e-01	-3.052287e+00
1.910413e+14	9.707495e-01	3.027862e+00
1.910170e+14	9.775070e-01	2.823276e+00
1.909926e+14	9.835251e-01	2.617450e+00
1.909682e+14	9.885687e-01	2.410758e+00
1.909439e+14	9.925404e-01	2.203584e+00
1.909195e+14	9.954678e-01	1.996274e+00
1.908952e+14	9.974738e-01	1.789106e+00
1.908708e+14	9.987379e-01	1.582268e+00
1.908465e+14	9.994577e-01	1.375859e+00
1.908222e+14	9.998166e-01	1.169905e+00
1.907979e+14	9.999639e-01	9.643780e-01
1.907735e+14	1.000006e+00	7.592181e-01
1.907492e+14	1.000008e+00	5.543558e-01
1.907249e+14	1.000003e+00	3.497258e-01
1.907006e+14	9.999999e-01	1.452748e-01
1.906763e+14	1.000000e+00	-5.903742e-02
1.906521e+14	9.999999e-01	-2.632423e-01
1.906278e+14	9.999959e-01	-4.673684e-01
1.906035e+14	9.999820e-01	-6.714466e-01
1.905792e+14	9.999439e-01	-8.755129e-01
1.905550e+14	9.998519e-01	-1.079606e+00
1.905307e+14	9.996555e-01	-1.283761e+00
1.905065e+14	9.992813e-01	-1.487996e+00
1.904822e+14	9.986375e-01	-1.692302e+00
1.904580e+14	9.976244e-01	-1.896634e+00
1.904338e+14	9.961507e-01	-2.100898e+00
1.904096e+14	9.941533e-01	-2.304956e+00
1.903853e+14	9.916170e-01	-2.508636e+00
1.903611e+14	9.885892e-01	-2.711749e+00
1.903369e+14	9.851868e-01	-2.914110e+00
1.903127e+14	9.815926e-01	-3.115568e+00
1.902885e+14	9.780416e-01	2.967153e+00
1.902644e+14	9.747992e-01	2.767697e+00
1.902402e+14	9.721340e-01	2.569176e+00
1.902160e+14	9.702903e-01	2.371425e+00
1.901918e+14	9.694617e-01	2.174200e+00
1.901677e+14	9.697693e-01	1.977196e+00
1.901435e+14	9.712454e-01	1.780067e+00
1.901194e+14	9.738226e-01	1.582465e+00
1.900952e+14	9.773317e-01	1.384065e+00
1.900711e+14	9.815074e-01	1.184606e+00
1.900470e+14	9.860048e-01	9.839185e-01
1.900228e+14	9.904280e-01	7.819530e-01
1.899987e+14	9.943686e-01	5.787905e-01
1.899746e+14	9.974530e-01	3.746431e-01
1.899505e+14	9.993899e-01	1.698351e-01
1.899264e+14	1.000010e+00	-3.523236e-02
1.899023e+14	9.992910e-01	-2.401284e-01
1.898782e+14	9.973553e-01	-4.444440e-01
1.898542e+14	9.944528e-01	-6.478398e-01
1.898301e+14	9.909209e-01	-8.500807e-01
1.898060e+14	9.871385e-01	-1.051055e+00
1.897819e+14	9.834801e-01	-1.250777e+00
1.897579e+14	9.802770e-01	-1.449373e+00
1.897338e+14	9.777896e-01	-1.647056e+00
1.897098e+14	9.761915e-01	-1.844101e+00
1.896858e+14	9.755639e-01	-2.040808e+00
1.896617e+14	9.758990e-01	-2.237473e+00
1.896377e+14	9.771100e-01	-2.434366e+00
1.896137e+14	9.790467e-01	-2.631700e+00
1.895897e+14	9.815146e-01	-2.829628e+00
1.895657e+14	9.842973e-01	-3.028227e+00
1.895417e+14	9.871784e-01	3.055684e+00
1.895177e+14	9.899629e-01	2.855792e+00
1.894937e+14	9.924941e-01	2.655389e+00
1.894697e+14	9.946644e-01	2.454613e+00
1.894457e+14	9.964191e-01	2.253611e+00
1.894217e+14	9.977530e-01	2.052525e+00
1.893978e+14	9.987007e-01	1.851473e+00
1.893738e+14	9.993238e-01	1.650543e+00
1.893499e+14	9.996968e-01	1.449790e+00
1.893259e+14	9.998941e-01	1.249238e+00
1.893020e+14	9.999812e-01	1.048887e+00
1.892780e+14	1.000009e+00	8.487175e-01
1.892541e+14	1.000010e+00	6.487054e-01
1.892302e+14	1.000005e+00	4.488229e-01
1.892063e+14	1.000001e+00	2.490457e-01
1.891824e+14	1.000001e+00	4.935458e-02
1.891585e+14	1.000001e+00	-1.502649e-01
1.891346e+14	1.000001e+00	-3.498243e-01
1.891107e+14	9.999978e-01	-5.493351e-01
1.890868e+14	9.999880e-01	-7.488101e-01
1.890629e+14	9.999638e-01	-9.482648e-01
1.890390e+14	9.999105e-01	-1.147715e+00
1.890152e+14	9.998041e-01	-1.347175e+00
1.889913e+14	9.996106e-01	-1.546651e+00
1.889674e+14	9.992885e-01	-1.746138e+00
1.889436e+14	9.987927e-01	-1.945613e+00
1.889197e+14	9.980822e-01	-2.145032e+00
1.888959e+14	9.971279e-01	-2.344334e+00
1.888721e+14	9.959212e-01	-2.543440e+00
1.888482e+14	9.944811e-01	-2.742263e+00
1.888244e+14	9.928578e-01	-2.940717e+00
1.888006e+14	9.911324e-01	-3.138731e+00
1.887768e+14	9.894123e-01	2.946928e+00
1.887530e+14	9.878224e-01	2.749904e+00
1.887292e+14	9.864927e-01	2.553351e+00
1.887054e+14	9.855454e-01	2.357201e+00
1.886816e+14	9.850804e-01	2.161342e+00
1.886578e+14	9.851638e-01	1.965630e+00
1.886341e+14	9.858178e-01	1.769902e+00
1.886103e+14	9.870152e-01	1.573989e+00
1.885865e+14	9.886776e-01	1.377733e+00
1.885628e+14	9.906795e-01	1.181004e+00
1.885390e+14	9.928570e-01	9.837158e-01
1.885153e+14	9.950218e-01	7.858357e-01
1.884916e+14	9.969797e-01	5.873930e-01
1.884678e+14	9.985510e-01	3.884775e-01
1.884441e+14	9.995908e-01	1.892322e-01
1.884204e+14	1.000006e+00	-1.016110e-02
1.883967e+14	9.997686e-01	-2.095010e-01
1.883730e+14	9.989142e-01	-4.085888e-01
1.883493e+14	9.975413e-01	-6.072494e-01
1.883256e+14	9.957958e-01	-8.053499e-01
1.883019e+14	9.938535e-01	-1.002811e+00
1.882782e+14	9.919000e-01	-1.199612e+00
1.882545e+14	9.901111e-01	-1.395792e+00
1.882309e+14	9.886361e-01	-1.591435e+00
1.882072e+14	9.875863e-01	-1.786667e+00
1.881835e+14	9.870278e-01	-1.981635e+00
1.881599e+14	9.869796e-01	-2.176491e+00
1.881362e+14	9.874163e-01	-2.371382e+00
1.881126e+14	9.882745e-01	-2.566433e+00
1.880890e+14	9.894623e-01	-2.761737e+00
1.880653e+14	9.908707e-01	-2.957355e+00
1.880417e+14	9.923851e-01	3.129880e+00
1.880181e+14	9.938975e-01	2.933609e+00
1.879945e+14	9.953159e-01	2.737062e+00
1.879709e+14	9.965712e-01	2.540302e+00
1.879473e+14	9.976210e-01	2.343404e+00
1.879237e+14	9.984490e-01	2.146442e+00
1.879001e+14	9.990624e-01	1.949485e+00
1.878765e+14	9.994855e-01	1.752587e+00
1.878529e+14	9.997537e-01	1.555789e+00
1.878294e+14	9.999061e-01	1.359111e+00
1.878058e+14	9.999803e-01	1.162562e+00
1.877822e+14	1.000008e+00	9.661376e-01
1.877587e+14	1.000012e+00	7.698262e-01
1.877351e+14	1.000008e+00	5.736138e-01
1.877116e+14	1.000003e+00	3.774862e-01
1.876881e+14	1.000001e+00	1.814310e-01
1.876645e+14	1.000001e+00	-1.456119e-02
1.876410e+14	1.000002e+00	-2.104974e-01
1.876175e+14	1.000002e+00	-4.063834e-01
1.875940e+14	1.000000e+00	-6.022251e-01
1.875705e+14	9.999931e-01	-7.980292e-01
1.875470e+14	9.999772e-01	-9.938039e-01
1.875235e+14	9.999437e-01	-1.189558e+00
1.875000e+14	9.998793e-01	-1.385298e+00
("port 2","TE",1,"port 2",1,"modulation")
(1,1)
0.00257
(500,3)
2.000000e+14	2.721809e-02	-1.447852e+00
1.999733e+14	1.953329e-02	-1.680013e+00
1.999466e+14	1.355567e-02	-1.913322e+00
1.999199e+14	9.259543e-03	-2.144672e+00
1.998932e+14	6.502520e-03	-2.365604e+00
1.998665e+14	5.039956e-03	-2.564007e+00
1.998398e+14	4.543921e-03	-2.739538e+00
1.998131e+14	4.616601e-03	-2.909037e+00
1.997865e+14	4.809859e-03	-3.081907e+00
1.997598e+14	4.660973e-03	3.035460e+00
1.997332e+14	3.738666e-03	2.918408e+00
1.997065e+14	1.837321e-03	-3.138550e+00
1.996799e+14	2.785030e-03	-1.461468e+00
1.996532e+14	8.187951e-03	-1.349214e+00
1.996266e+14	1.574573e-02	-1.486943e+00
1.996000e+14	2.535195e-02	-1.671814e+00
1.995734e+14	3.688524e-02	-1.873323e+00
1.995468e+14	5.010514e-02	-2.082527e+00
1.995202e+14	6.464769e-02	-2.295824e+00
1.994936e+14	8.003755e-02	-2.511446e+00
1.994670e+14	9.570962e-02	-2.728392e+00
1.994404e+14	1.110374e-01	-2.946033e+00
1.994139e+14	1.253654e-01	3.119229e+00
1.993873e+14	1.380422e-01	2.901289e+00
1.993608e+14	1.484507e-01	2.683484e+00
1.993342e+14	1.560345e-01	2.465867e+00
1.993077e+14	1.603178e-01	2.248405e+00
1.992812e+14	1.609211e-01	2.030997e+00
1.992546e+14	1.575736e-01	1.813497e+00
1.992281e+14	1.501239e-01	1.595739e+00
1.992016e+14	1.385515e-01	1.377575e+00
1.991751e+14	1.229789e-01	1.158920e+00
1.991486e+14	1.036813e-01	9.398121e-01
1.991221e+14	8.109393e-02	7.205446e-01
1.990956e+14	5.580925e-02	5.021163e-01
1.990691e+14	2.856283e-02	2.892881e-01
1.990427e+14	5.677343e-04	1.274371e+00
1.990162e+14	2.838233e-02	2.948746e+00
1.989898e+14	5.622429e-02	2.735989e+00
1.989633e+14	8.245698e-02	2.517421e+00
1.989369e+14	1.062841e-01	2.297956e+00
1.989104e+14	1.270388e-01	2.078633e+00
1.988840e+14	1.442053e-01	1.859764e+00
1.988576e+14	1.574267e-01	1.641392e+00
1.988312e+14	1.665033e-01	1.423415e+00
1.988048e+14	1.713838e-01	1.205645e+00
1.987784e+14	1.721554e-01	9.878562e-01
1.987520e+14	1.690340e-01	7.698108e-01
1.987256e+14	1.623543e-01	5.512916e-01
1.986992e+14	1.525605e-01	3.321178e-01
1.986729e+14	1.401934e-01	1.121538e-01
1.986465e+14	1.258728e-01	-1.086935e-01
1.986201e+14	1.102731e-01	-3.304891e-01
1.985938e+14	9.409211e-02	-5.532961e-01
1.985674e+14	7.801554e-02	-7.772114e-01
1.985411e+14	6.267911e-02	-1.002410e+00
1.985148e+14	4.863311e-02	-1.229194e+00
1.984885e+14	3.631240e-02	-1.458018e+00
1.984622e+14	2.601433e-02	-1.689440e+00
1.984358e+14	1.788567e-02	-1.923723e+00
1.984095e+14	1.191832e-02	-2.159363e+00
1.983832e+14	7.953957e-03	-2.389223e+00
1.983570e+14	5.699766e-03	-2.596643e+00
1.983307e+14	4.756758e-03	-2.768378e+00
1.983044e+14	4.640901e-03	-2.919723e+00
1.982781e+14	4.794380e-03	-3.071683e+00
1.982519e+14	4.626605e-03	3.067161e+00
1.982256e+14	3.586369e-03	2.991492e+00
1.981994e+14	1.619586e-03	-2.754764e+00
1.981732e+14	4.186700e-03	-1.325700e+00
1.981469e+14	1.092965e-02	-1.305738e+00
1.981207e+14	2.037230e-02	-1.452163e+00
1.980945e+14	3.250538e-02	-1.637291e+00
1.980683e+14	4.723042e-02	-1.837285e+00
1.980421e+14	6.428573e-02	-2.044479e+00
1.980159e+14	8.324125e-02	-2.255593e+00
1.979897e+14	1.035122e-01	-2.468922e+00
1.979635e+14	1.243866e-01	-2.683435e+00
1.979373e+14	1.450635e-01	-2.898440e+00
1.979112e+14	1.646981e-01	-3.113451e+00
1.978850e+14	1.824469e-01	2.955049e+00
1.978588e+14	1.975090e-01	2.740877e+00
1.978327e+14	2.091564e-01	2.527272e+00
1.978066e+14	2.167553e-01	2.314157e+00
1.977804e+14	2.197774e-01	2.101341e+00
1.977543e+14	2.178069e-01	1.888546e+00
1.977282e+14	2.105469e-01	1.675435e+00
1.977021e+14	1.978319e-01	1.461666e+00
1.976760e+14	1.796471e-01	1.246937e+00
1.976499e+14	1.561565e-01	1.031057e+00
1.976238e+14	1.277333e-01	8.140269e-01
1.975977e+14	9.498615e-02	5.962233e-01
1.975716e+14	5.876839e-02	3.791246e-01
1.975455e+14	2.016140e-02	1.744652e-01
1.975195e+14	1.960459e-02	3.043079e+00
1.974934e+14	5.915505e-02	2.838954e+00
1.974674e+14	9.718361e-02	2.621485e+00
1.974413e+14	1.324699e-01	2.403157e+00
1.974153e+14	1.639829e-01	2.185585e+00
1.973892e+14	1.909213e-01	1.969245e+00
1.973632e+14	2.127238e-01	1.754213e+00
1.973372e+14	2.290539e-01	1.540326e+00
1.973112e+14	2.397715e-01	1.327268e+00
1.972852e+14	2.449038e-01	1.114629e+00
1.972592e+14	2.446219e-01	9.019589e-01
1.972332e+14	2.392274e-01	6.888215e-01
1.972072e+14	2.291480e-01	4.748309e-01
1.971812e+14	2.149377e-01	2.596837e-01
1.971553e+14	1.972755e-01	4.317319e-02
1.971293e+14	1.769568e-01	-1.748128e-01
1.971034e+14	1.548703e-01	-3.943131e-01
1.970774e+14	1.319611e-01	-6.153348e-01
1.970515e+14	1.091794e-01	-8.379131e-01
1.970255e+14	8.742204e-02	-1.062188e+00
1.969996e+14	6.747521e-02	-1.288500e+00
1.969737e+14	4.996484e-02	-1.517489e+00
1.969478e+14	3.532075e-02	-1.750172e+00
1.969219e+14	2.375593e-02	-1.987781e+00
1.968960e+14	1.525994e-02	-2.230503e+00
1.968701e+14	9.603932e-03	-2.472523e+00
1.968442e+14	6.360460e-03	-2.691372e+00
1.968183e+14	4.951527e-03	-2.854933e+00
1.967924e+14	4.694490e-03	-2.975123e+00
1.967666e+14	4.794364e-03	-3.090517e+00
1.967407e+14	4.398489e-03	3.099909e+00
1.967148e+14	2.813381e-03	-3.062736e+00
1.966890e+14	2.708223e-03	-1.558780e+00
1.966632e+14	9.266844e-03	-1.206537e+00
1.966373e+14	1.980385e-02	-1.301620e+00
1.966115e+14	3.432668e-02	-1.469291e+00
1.965857e+14	5.294392e-02	-1.661069e+00
1.965599e+14	7.553539e-02	-1.863801e+00
1.965341e+14	1.017076e-01	-2.072358e+00
1.965083e+14	1.307891e-01	-2.284181e+00
1.964825e+14	1.618560e-01	-2.497705e+00
1.964567e+14	1.937866e-01	-2.711806e+00
1.964309e+14	2.253403e-01	-2.925606e+00
1.964051e+14	2.552480e-01	-3.138420e+00
1.963794e+14	2.822954e-01	2.933419e+00
1.963536e+14	3.053851e-01	2.723794e+00
1.963279e+14	3.235657e-01	2.515899e+00
1.963021e+14	3.360313e-01	2.309492e+00
1.962764e+14	3.420972e-01	2.104100e+00
1.962507e+14	3.411665e-01	1.899052e+00
1.962249e+14	3.327027e-01	1.693534e+00
1.961992e+14	3.162224e-01	1.486654e+00
1.961735e+14	2.913214e-01	1.277536e+00
1.961478e+14	2.577455e-01	1.065423e+00
1.961221e+14	2.155079e-01	8.498239e-01
1.960964e+14	1.650425e-01	6.307037e-01
1.960707e+14	1.073554e-01	4.088944e-01
1.960450e+14	4.411476e-02	1.891983e-01
1.960194e+14	2.240336e-02	3.070090e+00
1.959937e+14	8.947943e-02	2.858566e+00
1.959681e+14	1.543582e-01	2.634513e+00
1.959424e+14	2.145559e-01	2.411960e+00
1.959168e+14	2.681497e-01	2.192845e+00
1.958911e+14	3.138782e-01	1.977851e+00
1.958655e+14	3.510902e-01	1.766989e+00
1.958399e+14	3.796009e-01	1.559779e+00
1.958143e+14	3.995239e-01	1.355398e+00
1.957886e+14	4.111285e-01	1.152806e+00
1.957630e+14	4.147453e-01	9.508701e-01
1.957374e+14	4.107226e-01	7.484508e-01
1.957119e+14	3.994295e-01	5.444902e-01
1.956863e+14	3.812959e-01	3.380817e-01
1.956607e+14	3.568776e-01	1.285304e-01
1.956351e+14	3.269304e-01	-8.460189e-02
1.956096e+14	2.924714e-01	-3.014804e-01
1.955840e+14	2.548031e-01	-5.220226e-01
1.955585e+14	2.154778e-01	-7.459775e-01
1.955329e+14	1.761988e-01	-9.730645e-01
1.955074e+14	1.386706e-01	-1.203168e+00
1.954818e+14	1.044322e-01	-1.436590e+00
1.954563e+14	7.471108e-02	-1.674367e+00
1.954308e+14	5.032262e-02	-1.918687e+00
1.954053e+14	3.162093e-02	-2.173231e+00
1.953798e+14	1.848982e-02	-2.441916e+00
1.953543e+14	1.035309e-02	-2.717771e+00
1.953288e+14	6.211488e-03	-2.944882e+00
1.953033e+14	4.818705e-03	-3.035602e+00
1.952779e+14	4.787971e-03	-3.052839e+00
1.952524e+14	4.435115e-03	-3.031089e+00
1.952269e+14	2.794646e-03	-2.442891e+00
1.952015e+14	7.286121e-03	-1.208630e+00
1.951760e+14	2.050032e-02	-1.145015e+00
1.951506e+14	4.180843e-02	-1.280195e+00
1.951251e+14	7.225510e-02	-1.466684e+00
1.950997e+14	1.124949e-01	-1.674865e+00
1.950743e+14	1.624283e-01	-1.894893e+00
1.950489e+14	2.209713e-01	-2.122040e+00
1.950234e+14	2.859609e-01	-2.352985e+00
1.949980e+14	3.543062e-01	-2.584657e+00
1.949726e+14	4.224327e-01	-2.814008e+00
1.949473e+14	4.869073e-01	-3.038217e+00
1.949219e+14	5.450030e-01	3.028153e+00
1.948965e+14	5.949882e-01	2.820141e+00
1.948711e+14	6.360832e-01	2.621404e+00
1.948458e+14	6.681898e-01	2.431546e+00
1.948204e+14	6.915412e-01	2.249438e+00
1.947951e+14	7.063718e-01	2.073358e+00
1.947697e+14	7.126329e-01	1.901054e+00
1.947444e+14	7.097186e-01	1.729705e+00
1.947190e+14	6.961332e-01	1.555758e+00
1.946937e+14	6.689972e-01	1.374605e+00
1.946684e+14	6.232755e-01	1.180104e+00
1.946431e+14	5.506920e-01	9.640367e-01
1.946178e+14	4.388875e-01	7.160722e-01
1.945925e+14	2.735263e-01	4.261980e-01
1.945672e+14	4.974247e-02	9.893914e-02
1.945419e+14	2.073528e-01	2.866270e+00
1.945166e+14	4.448032e-01	2.515779e+00
1.944914e+14	6.242566e-01	2.206419e+00
1.944661e+14	7.439686e-01	1.947937e+00
1.944408e+14	8.200599e-01	1.733817e+00
1.944156e+14	8.683582e-01	1.553491e+00
1.943903e+14	8.996122e-01	1.397717e+00
1.943651e+14	9.203430e-01	1.259601e+00
1.943399e+14	9.344030e-01	1.134212e+00
1.943146e+14	9.440832e-01	1.018018e+00
1.942894e+14	9.507686e-01	9.084251e-01
1.942642e+14	9.553091e-01	8.034566e-01
1.942390e+14	9.582265e-01	7.015348e-01
1.942138e+14	9.598310e-01	6.013278e-01
1.941886e+14	9.602852e-01	5.016390e-01
1.941634e+14	9.596363e-01	4.013189e-01
1.941382e+14	9.578256e-01	2.991877e-01
1.941131e+14	9.546793e-01	1.939565e-01
1.940879e+14	9.498795e-01	8.413995e-02
1.940627e+14	9.429065e-01	-3.205262e-02
1.940376e+14	9.329413e-01	-1.568559e-01
1.940124e+14	9.187055e-01	-2.931289e-01
1.939873e+14	8.982109e-01	-4.445792e-01
1.939622e+14	8.684002e-01	-6.160033e-01
1.939370e+14	8.247366e-01	-8.134372e-01
1.939119e+14	7.610797e-01	-1.043945e+00
1.938868e+14	6.708359e-01	-1.314616e+00
1.938617e+14	5.510007e-01	-1.630853e+00
1.938366e+14	4.089335e-01	-1.997014e+00
1.938115e+14	2.657635e-01	-2.429427e+00
1.937864e+14	1.502527e-01	-3.000261e+00
1.937613e+14	8.937804e-02	2.444427e+00
1.937362e+14	7.931589e-02	1.707062e+00
1.937112e+14	8.048102e-02	1.560185e+00
1.936861e+14	1.086920e-01	1.849031e+00
1.936611e+14	1.965402e-01	1.949915e+00
1.936360e+14	3.276951e-01	1.810649e+00
1.936110e+14	4.732486e-01	1.578484e+00
1.935859e+14	6.068406e-01	1.324903e+00
1.935609e+14	7.134270e-01	1.082837e+00
1.935359e+14	7.910870e-01	8.651044e-01
1.935109e+14	8.450806e-01	6.734818e-01
1.934858e+14	8.820254e-01	5.049546e-01
1.934608e+14	9.073455e-01	3.552463e-01
1.934358e+14	9.248588e-01	2.203074e-01
1.934109e+14	9.370916e-01	9.674922e-02
1.933859e+14	9.456790e-01	-1.814492e-02
1.933609e+14	9.516726e-01	-1.265368e-01
1.933359e+14	9.557462e-01	-2.301683e-01
1.933110e+14	9.583239e-01	-3.304798e-01
1.932860e+14	9.596586e-01	-4.287080e-01
1.932610e+14	9.598757e-01	-5.259659e-01
1.932361e+14	9.589939e-01	-6.233129e-01
1.932112e+14	9.569279e-01	-7.218224e-01
1.931862e+14	9.534715e-01	-8.226534e-01
1.931613e+14	9.482583e-01	-9.271371e-01
1.931364e+14	9.406858e-01	-1.036892e+00
1.931115e+14	9.297816e-01	-1.153982e+00
1.930865e+14	9.139653e-01	-1.281152e+00
1.930616e+14	8.906296e-01	-1.422163e+00
1.930368e+14	8.554113e-01	-1.582259e+00
1.930119e+14	8.010185e-01	-1.768686e+00
1.929870e+14	7.157883e-01	-1.990828e+00
1.929621e+14	5.837366e-01	-2.258483e+00
1.929372e+14	3.918370e-01	-2.575363e+00
1.929124e+14	1.496280e-01	-2.928572e+00
1.928875e+14	9.956265e-02	-1.332527e-01
1.928627e+14	3.086067e-01	-4.574630e-01
1.928378e+14	4.605921e-01	-7.355716e-01
1.928130e+14	5.631691e-01	-9.741010e-01
1.927882e+14	6.300295e-01	-1.183376e+00
1.927633e+14	6.723151e-01	-1.373051e+00
1.927385e+14	6.974087e-01	-1.550674e+00
1.927137e+14	7.098134e-01	-1.721901e+00
1.926889e+14	7.121200e-01	-1.891003e+00
1.926641e+14	7.056841e-01	-2.061308e+00
1.926393e+14	6.910612e-01	-2.235483e+00
1.926145e+14	6.683038e-01	-2.415683e+00
1.925897e+14	6.372075e-01	-2.603597e+00
1.925650e+14	5.975647e-01	-2.800396e+00
1.925402e+14	5.494558e-01	-3.006636e+00
1.925154e+14	4.935585e-01	3.061039e+00
1.924907e+14	4.313946e-01	2.837180e+00
1.924659e+14	3.653895e-01	2.606526e+00
1.924412e+14	2.986523e-01	2.370945e+00
1.924165e+14	2.345033e-01	2.132156e+00
1.923917e+14	1.759176e-01	1.891188e+00
1.923670e+14	1.250946e-01	1.647801e+00
1.923423e+14	8.327131e-02	1.399637e+00
1.923176e+14	5.076424e-02	1.140129e+00
1.922929e+14	2.714773e-02	8.510308e-01
1.922682e+14	1.150928e-02	4.629046e-01
1.922435e+14	3.256598e-03	-5.371674e-01
1.922188e+14	3.733172e-03	-2.219520e+00
1.921941e+14	4.740972e-03	-2.783891e+00
1.921694e+14	4.734987e-03	3.074503e+00
1.921448e+14	5.226558e-03	2.678196e+00
1.921201e+14	7.606411e-03	2.404807e+00
1.920955e+14	1.304843e-02	2.232274e+00
1.920708e+14	2.262271e-02	2.074166e+00
1.920462e+14	3.709464e-02	1.902168e+00
1.920215e+14	5.683657e-02	1.716378e+00
1.919969e+14	8.181564e-02	1.521064e+00
1.919723e+14	1.115911e-01	1.319644e+00
1.919477e+14	1.453314e-01	1.114506e+00
1.919231e+14	1.818664e-01	9.074014e-01
1.918985e+14	2.197813e-01	6.997253e-01
1.918739e+14	2.575442e-01	4.926295e-01
1.918493e+14	2.936439e-01	2.870405e-01
1.918247e+14	3.267113e-01	8.363089e-02
1.918001e+14	3.555977e-01	-1.172147e-01
1.917756e+14	3.794013e-01	-3.154161e-01
1.917510e+14	3.974477e-01	-5.111881e-01
1.917264e+14	4.092393e-01	-7.050086e-01
1.917019e+14	4.143944e-01	-8.975705e-01
1.916773e+14	4.125916e-01	-1.089725e+00
1.916528e+14	4.035322e-01	-1.282418e+00
1.916283e+14	3.869305e-01	-1.476627e+00
1.916037e+14	3.625378e-01	-1.673280e+00
1.915792e+14	3.302057e-01	-1.873177e+00
1.915547e+14	2.899875e-01	-2.076895e+00
1.915302e+14	2.422671e-01	-2.284706e+00
1.915057e+14	1.878879e-01	-2.496529e+00
1.914812e+14	1.282347e-01	-2.712042e+00
1.914567e+14	6.521793e-02	-2.931671e+00
1.914322e+14	1.191807e-03	2.811766e+00
1.914077e+14	6.161075e-02	-2.126574e-01
1.913833e+14	1.207389e-01	-4.310149e-01
1.913588e+14	1.744067e-01	-6.445472e-01
1.913344e+14	2.212980e-01	-8.542530e-01
1.913099e+14	2.606385e-01	-1.060299e+00
1.912855e+14	2.921112e-01	-1.263018e+00
1.912610e+14	3.157334e-01	-1.462969e+00
1.912366e+14	3.317368e-01	-1.660877e+00
1.912122e+14	3.404755e-01	-1.857549e+00
1.911877e+14	3.423689e-01	-2.053803e+00
1.911633e+14	3.378793e-01	-2.250403e+00
1.911389e+14	3.275132e-01	-2.448013e+00
1.911145e+14	3.118410e-01	-2.647160e+00
1.910901e+14	2.915220e-01	-2.848210e+00
1.910657e+14	2.673254e-01	-3.051366e+00
1.910413e+14	2.401388e-01	3.026509e+00
1.910170e+14	2.109542e-01	2.819113e+00
1.909926e+14	1.808318e-01	2.609758e+00
1.909682e+14	1.508436e-01	2.398547e+00
1.909439e+14	1.220063e-01	2.185449e+00
1.909195e+14	9.521548e-02	1.970138e+00
1.908952e+14	7.119158e-02	1.751735e+00
1.908708e+14	5.044573e-02	1.528268e+00
1.908465e+14	3.326642e-02	1.295293e+00
1.908222e+14	1.972687e-02	1.041375e+00
1.907979e+14	9.720406e-03	7.270214e-01
1.907735e+14	3.168619e-03	9.186753e-02
1.907492e+14	2.376273e-03	-1.865277e+00
1.907249e+14	4.114592e-03	-2.513383e+00
1.907006e+14	4.744550e-03	-2.856264e+00
1.906763e+14	4.727609e-03	3.121458e+00
1.906521e+14	4.765678e-03	2.818613e+00
1.906278e+14	5.540872e-03	2.543189e+00
1.906035e+14	7.648832e-03	2.323559e+00
1.905792e+14	1.160989e-02	2.140928e+00
1.905550e+14	1.785453e-02	1.966193e+00
1.905307e+14	2.667580e-02	1.787156e+00
1.905065e+14	3.820426e-02	1.601960e+00
1.904822e+14	5.240003e-02	1.411681e+00
1.904580e+14	6.905238e-02	1.217715e+00
1.904338e+14	8.778707e-02	1.021216e+00
1.904096e+14	1.080832e-01	8.230700e-01
1.903853e+14	1.292999e-01	6.239647e-01
1.903611e+14	1.507118e-01	4.244451e-01
1.903369e+14	1.715505e-01	2.249419e-01
1.903127e+14	1.910457e-01	2.578031e-02
1.902885e+14	2.084632e-01	-1.728222e-01
1.902644e+14	2.231339e-01	-3.707601e-01
1.902402e+14	2.344730e-01	-5.680404e-01
1.902160e+14	2.419893e-01	-7.647772e-01
1.901918e+14	2.452878e-01	-9.611777e-01
1.901677e+14	2.440686e-01	-1.157522e+00
1.901435e+14	2.381272e-01	-1.354135e+00
1.901194e+14	2.273583e-01	-1.551356e+00
1.900952e+14	2.117667e-01	-1.749507e+00
1.900711e+14	1.914832e-01	-1.948857e+00
1.900470e+14	1.667848e-01	-2.149603e+00
1.900228e+14	1.381132e-01	-2.351861e+00
1.899987e+14	1.060855e-01	-2.555715e+00
1.899746e+14	7.148929e-02	-2.761469e+00
1.899505e+14	3.525765e-02	-2.971485e+00
1.899264e+14	1.622515e-03	2.000098e-01
1.899023e+14	3.795936e-02	-2.202495e-01
1.898782e+14	7.284063e-02	-4.292968e-01
1.898542e+14	1.052944e-01	-6.344485e-01
1.898301e+14	1.345323e-01	-8.377217e-01
1.898060e+14	1.599393e-01	-1.039474e+00
1.897819e+14	1.810794e-01	-1.239883e+00
1.897579e+14	1.976861e-01	-1.439150e+00
1.897338e+14	2.096431e-01	-1.637534e+00
1.897098e+14	2.169628e-01	-1.835339e+00
1.896858e+14	2.197674e-01	-2.032893e+00
1.896617e+14	2.182746e-01	-2.230523e+00
1.896377e+14	2.127880e-01	-2.428526e+00
1.896137e+14	2.036920e-01	-2.627157e+00
1.895897e+14	1.914471e-01	-2.826615e+00
1.895657e+14	1.765841e-01	-3.027040e+00
1.895417e+14	1.596936e-01	3.054664e+00
1.895177e+14	1.414100e-01	2.852067e+00
1.894937e+14	1.223884e-01	2.648296e+00
1.894697e+14	1.032778e-01	2.443242e+00
1.894457e+14	8.469105e-02	2.236679e+00
1.894217e+14	6.717620e-02	2.028145e+00
1.893978e+14	5.119205e-02	1.816727e+00
1.893738e+14	3.708987e-02	1.600588e+00
1.893499e+14	2.510316e-02	1.375740e+00
1.893259e+14	1.534659e-02	1.131997e+00
1.893020e+14	7.831769e-03	8.340352e-01
1.892780e+14	2.606920e-03	2.415636e-01
1.892541e+14	1.968542e-03	-1.800813e+00
1.892302e+14	3.759044e-03	-2.427264e+00
1.892063e+14	4.621156e-03	-2.742863e+00
1.891824e+14	4.778437e-03	-3.013330e+00
1.891585e+14	4.656092e-03	3.004530e+00
1.891346e+14	4.700876e-03	2.739825e+00
1.891107e+14	5.335839e-03	2.493110e+00
1.890868e+14	6.934688e-03	2.280052e+00
1.890629e+14	9.818885e-03	2.092268e+00
1.890390e+14	1.424713e-02	1.912916e+00
1.890152e+14	2.039343e-02	1.732617e+00
1.889913e+14	2.833285e-02	1.548712e+00
1.889674e+14	3.803607e-02	1.361247e+00
1.889436e+14	4.936911e-02	1.170948e+00
1.889197e+14	6.209762e-02	9.785626e-01
1.888959e+14	7.589594e-02	7.847068e-01
1.888721e+14	9.036103e-02	5.898672e-01
1.888482e+14	1.050307e-01	3.944249e-01
1.888244e+14	1.194049e-01	1.986765e-01
1.888006e+14	1.329688e-01	2.847371e-03
1.887768e+14	1.452148e-01	-1.929033e-01
1.887530e+14	1.556631e-01	-3.884803e-01
1.887292e+14	1.638783e-01	-5.838506e-01
1.887054e+14	1.694824e-01	-7.790395e-01
1.886816e+14	1.721643e-01	-9.741244e-01
1.886578e+14	1.716865e-01	-1.169225e+00
1.886341e+14	1.678904e-01	-1.364487e+00
1.886103e+14	1.607018e-01	-1.560074e+00
1.885865e+14	1.501357e-01	-1.756144e+00
1.885628e+14	1.363024e-01	-1.952839e+00
1.885390e+14	1.194127e-01	-2.150282e+00
1.885153e+14	9.978020e-02	-2.348582e+00
1.884916e+14	7.782038e-02	-2.547900e+00
1.884678e+14	5.404256e-02	-2.748696e+00
1.884441e+14	2.903473e-02	-2.953343e+00
1.884204e+14	3.452692e-03	3.044156e+00
1.883967e+14	2.208212e-02	-1.838015e-01
1.883730e+14	4.685330e-02	-3.911455e-01
1.883493e+14	7.025794e-02	-5.924403e-01
1.883256e+14	9.173623e-02	-7.919596e-01
1.883019e+14	1.108146e-01	-9.904119e-01
1.882782e+14	1.271177e-01	-1.188032e+00
1.882545e+14	1.403730e-01	-1.384968e+00
1.882309e+14	1.504100e-01	-1.581367e+00
1.882072e+14	1.571552e-01	-1.777392e+00
1.881835e+14	1.606257e-01	-1.973222e+00
1.881599e+14	1.609218e-01	-2.169039e+00
1.881362e+14	1.582204e-01	-2.365020e+00
1.881126e+14	1.527683e-01	-2.561325e+00
1.880890e+14	1.448756e-01	-2.758092e+00
1.880653e+14	1.349075e-01	-2.955436e+00
1.880417e+14	1.232747e-01	3.129733e+00
1.880181e+14	1.104202e-01	2.930957e+00
1.879945e+14	9.680509e-02	2.731323e+00
1.879709e+14	8.289033e-02	2.530687e+00
1.879473e+14	6.911910e-02	2.328811e+00
1.879237e+14	5.589855e-02	2.125277e+00
1.879001e+14	4.358365e-02	1.919320e+00
1.878765e+14	3.246401e-02	1.709482e+00
1.878529e+14	2.275476e-02	1.492722e+00
1.878294e+14	1.459253e-02	1.261668e+00
1.878058e+14	8.040586e-03	9.929580e-01
1.877822e+14	3.144063e-03	5.573017e-01
1.877587e+14	1.307607e-03	-1.368372e+00
1.877351e+14	3.147955e-03	-2.270765e+00
1.877116e+14	4.324433e-03	-2.598025e+00
1.876881e+14	4.765339e-03	-2.857155e+00
1.876645e+14	4.744829e-03	-3.102184e+00
1.876410e+14	4.576506e-03	2.935856e+00
1.876175e+14	4.578558e-03	2.690712e+00
1.875940e+14	5.051208e-03	2.457705e+00
1.875705e+14	6.260865e-03	2.248264e+00
1.875470e+14	8.434827e-03	2.058956e+00
1.875235e+14	1.175410e-02	1.878421e+00
1.875000e+14	1.634052e-02	1.698703e+00
