("port 1","TE",1,"port 1",1,"modulation")
(1,1)
0.00000
(500,3)
2.000000e+14	1.462684e-03	-1.965316e+00
1.999733e+14	5.685834e-03	-1.331579e+00
1.999466e+14	1.238717e-02	-1.420539e+00
1.999199e+14	2.116577e-02	-1.592733e+00
1.998932e+14	3.193628e-02	-1.789272e+00
1.998665e+14	4.450902e-02	-1.996104e+00
1.998398e+14	5.856936e-02	-2.208160e+00
1.998131e+14	7.368471e-02	-2.423126e+00
1.997865e+14	8.932272e-02	-2.639758e+00
1.997598e+14	1.048773e-01	-2.857305e+00
1.997332e+14	1.196996e-01	-3.075280e+00
1.997065e+14	1.331318e-01	2.989823e+00
1.996799e+14	1.445383e-01	2.771829e+00
1.996532e+14	1.533345e-01	2.554014e+00
1.996266e+14	1.590089e-01	2.336379e+00
1.996000e+14	1.611408e-01	2.118847e+00
1.995734e+14	1.594135e-01	1.901286e+00
1.995468e+14	1.536258e-01	1.683533e+00
1.995202e+14	1.437029e-01	1.465431e+00
1.994936e+14	1.297083e-01	1.246860e+00
1.994670e+14	1.118551e-01	1.027799e+00
1.994404e+14	9.051446e-02	8.084136e-01
1.994139e+14	6.621750e-02	5.893122e-01
1.993873e+14	3.964603e-02	3.728187e-01
1.993608e+14	1.161370e-02	1.829537e-01
1.993342e+14	1.702153e-02	3.024938e+00
1.993077e+14	4.527424e-02	2.822141e+00
1.992812e+14	7.226349e-02	2.604605e+00
1.992546e+14	9.714800e-02	2.385176e+00
1.992281e+14	1.192050e-01	2.165619e+00
1.992016e+14	1.378562e-01	1.946439e+00
1.991751e+14	1.526807e-01	1.727763e+00
1.991486e+14	1.634169e-01	1.509536e+00
1.991221e+14	1.699559e-01	1.291599e+00
1.990956e+14	1.723313e-01	1.073735e+00
1.990691e+14	1.707098e-01	8.557088e-01
1.990427e+14	1.653806e-01	6.372912e-01
1.990162e+14	1.567469e-01	4.182854e-01
1.989898e+14	1.453141e-01	1.985377e-01
1.989633e+14	1.316744e-01	-2.206042e-02
1.989369e+14	1.164850e-01	-2.435822e-01
1.989104e+14	1.004399e-01	-4.660871e-01
1.988840e+14	8.423492e-02	-6.896534e-01
1.988576e+14	6.853082e-02	-9.144190e-01
1.988312e+14	5.391604e-02	-1.140629e+00
1.988048e+14	4.087422e-02	-1.368678e+00
1.987784e+14	2.975881e-02	-1.599099e+00
1.987520e+14	2.077636e-02	-1.832357e+00
1.987256e+14	1.397890e-02	-2.067934e+00
1.986992e+14	9.265010e-03	-2.301520e+00
1.986729e+14	6.390791e-03	-2.520110e+00
1.986465e+14	4.994095e-03	-2.705813e+00
1.986201e+14	4.621828e-03	-2.862047e+00
1.985938e+14	4.740959e-03	-3.013231e+00
1.985674e+14	4.765737e-03	3.119101e+00
1.985411e+14	4.116818e-03	3.002073e+00
1.985148e+14	2.378583e-03	3.118970e+00
1.984885e+14	2.410240e-03	-1.544987e+00
1.984622e+14	8.029910e-03	-1.275291e+00
1.984358e+14	1.645086e-02	-1.388740e+00
1.984095e+14	2.756778e-02	-1.564019e+00
1.983832e+14	4.133477e-02	-1.759883e+00
1.983570e+14	5.755410e-02	-1.965030e+00
1.983307e+14	7.585842e-02	-2.175060e+00
1.983044e+14	9.571838e-02	-2.387833e+00
1.982781e+14	1.164652e-01	-2.602124e+00
1.982519e+14	1.373254e-01	-2.817135e+00
1.982256e+14	1.574641e-01	-3.032312e+00
1.981994e+14	1.760308e-01	3.035916e+00
1.981732e+14	1.922031e-01	2.821420e+00
1.981469e+14	2.052214e-01	2.607489e+00
1.981207e+14	2.144137e-01	2.394092e+00
1.980945e+14	2.192102e-01	2.181080e+00
1.980683e+14	2.191515e-01	1.968203e+00
1.980421e+14	2.138947e-01	1.755139e+00
1.980159e+14	2.032229e-01	1.541544e+00
1.979897e+14	1.870620e-01	1.327091e+00
1.979635e+14	1.655059e-01	1.111540e+00
1.979373e+14	1.388467e-01	8.948068e-01
1.979112e+14	1.076040e-01	6.770930e-01
1.978850e+14	7.254186e-02	4.592778e-01
1.978588e+14	3.466196e-02	2.458146e-01
1.978327e+14	4.872148e-03	3.046577e+00
1.978066e+14	4.465419e-02	2.917922e+00
1.977804e+14	8.341442e-02	2.701949e+00
1.977543e+14	1.198612e-01	2.483510e+00
1.977282e+14	1.528857e-01	2.265461e+00
1.977021e+14	1.815980e-01	2.048533e+00
1.976760e+14	2.053484e-01	1.832921e+00
1.976499e+14	2.237199e-01	1.618537e+00
1.976238e+14	2.365038e-01	1.405114e+00
1.975977e+14	2.436691e-01	1.192268e+00
1.975716e+14	2.453365e-01	9.795580e-01
1.975455e+14	2.417614e-01	7.665362e-01
1.975195e+14	2.333261e-01	5.527937e-01
1.974934e+14	2.205393e-01	3.379944e-01
1.974674e+14	2.040360e-01	1.218954e-01
1.974413e+14	1.845724e-01	-9.564798e-02
1.974153e+14	1.630080e-01	-3.146972e-01
1.973892e+14	1.402743e-01	-5.352641e-01
1.973632e+14	1.173276e-01	-7.573648e-01
1.973372e+14	9.509206e-02	-9.810903e-01
1.973112e+14	7.440145e-02	-1.206695e+00
1.972852e+14	5.594529e-02	-1.434697e+00
1.972592e+14	4.022785e-02	-1.665973e+00
1.972332e+14	2.754187e-02	-1.901730e+00
1.972072e+14	1.795715e-02	-2.142818e+00
1.971812e+14	1.132158e-02	-2.386557e+00
1.971553e+14	7.274534e-03	-2.617670e+00
1.971293e+14	5.283738e-03	-2.803280e+00
1.971034e+14	4.701541e-03	-2.934213e+00
1.970774e+14	4.771534e-03	-3.049866e+00
1.970515e+14	4.646682e-03	3.124621e+00
1.970255e+14	3.523414e-03	3.115099e+00
1.969996e+14	1.843207e-03	-2.195706e+00
1.969737e+14	6.460805e-03	-1.224253e+00
1.969478e+14	1.563899e-02	-1.253880e+00
1.969219e+14	2.874213e-02	-1.405882e+00
1.968960e+14	4.592676e-02	-1.591673e+00
1.968701e+14	6.716180e-02	-1.791542e+00
1.968442e+14	9.215150e-02	-1.998582e+00
1.968183e+14	1.203199e-01	-2.209612e+00
1.967924e+14	1.508257e-01	-2.422816e+00
1.967666e+14	1.826068e-01	-2.636950e+00
1.967407e+14	2.144525e-01	-2.851063e+00
1.967148e+14	2.450915e-01	-3.064404e+00
1.966890e+14	2.732803e-01	3.006769e+00
1.966632e+14	2.978738e-01	2.796421e+00
1.966373e+14	3.178673e-01	2.587832e+00
1.966115e+14	3.324047e-01	2.380844e+00
1.965857e+14	3.407620e-01	2.175062e+00
1.965599e+14	3.423145e-01	1.969877e+00
1.965341e+14	3.365063e-01	1.764515e+00
1.965083e+14	3.228339e-01	1.558103e+00
1.964825e+14	3.008596e-01	1.349745e+00
1.964567e+14	2.702661e-01	1.138628e+00
1.964309e+14	2.309587e-01	9.241499e-01
1.964051e+14	1.832090e-01	7.060914e-01
1.963794e+14	1.278133e-01	4.849006e-01
1.963536e+14	6.621199e-02	2.629591e-01
1.963279e+14	6.940902e-04	8.052165e-01
1.963021e+14	6.674101e-02	2.934218e+00
1.962764e+14	1.327007e-01	2.710694e+00
1.962507e+14	1.947673e-01	2.487193e+00
1.962249e+14	2.508047e-01	2.266684e+00
1.961992e+14	2.993237e-01	2.050157e+00
1.961735e+14	3.394781e-01	1.837827e+00
1.961478e+14	3.709437e-01	1.629360e+00
1.961221e+14	3.937510e-01	1.424034e+00
1.960964e+14	4.081306e-01	1.220867e+00
1.960707e+14	4.144000e-01	1.018744e+00
1.960450e+14	4.129040e-01	8.165159e-01
1.960194e+14	4.040023e-01	6.130883e-01
1.959937e+14	3.880988e-01	4.074948e-01
1.959681e+14	3.656996e-01	1.989628e-01
1.959424e+14	3.374865e-01	-1.303556e-02
1.959168e+14	3.043859e-01	-2.287563e-01
1.958911e+14	2.676073e-01	-4.481929e-01
1.958655e+14	2.286300e-01	-6.711368e-01
1.958399e+14	1.891241e-01	-8.972965e-01
1.958143e+14	1.508145e-01	-1.126474e+00
1.957886e+14	1.153155e-01	-1.358798e+00
1.957630e+14	8.397318e-02	-1.595017e+00
1.957374e+14	5.774857e-02	-1.836881e+00
1.957119e+14	3.715135e-02	-2.087565e+00
1.956863e+14	2.221991e-02	-2.351330e+00
1.956607e+14	1.252738e-02	-2.627423e+00
1.956351e+14	7.203188e-03	-2.881436e+00
1.956096e+14	5.051223e-03	-3.020241e+00
1.955840e+14	4.747471e-03	-3.048201e+00
1.955585e+14	4.688253e-03	-3.053804e+00
1.955329e+14	3.335059e-03	-2.806532e+00
1.955074e+14	4.645608e-03	-1.393856e+00
1.954818e+14	1.535960e-02	-1.126016e+00
1.954563e+14	3.393283e-02	-1.227398e+00
1.954308e+14	6.132817e-02	-1.402723e+00
1.954053e+14	9.838264e-02	-1.605630e+00
1.953798e+14	1.452704e-01	-1.822652e+00
1.953543e+14	2.012441e-01	-2.048052e+00
1.953288e+14	2.644840e-01	-2.278254e+00
1.953033e+14	3.321596e-01	-2.510163e+00
1.952779e+14	4.007836e-01	-2.740714e+00
1.952524e+14	4.668024e-01	-2.966976e+00
1.952269e+14	5.272105e-01	3.096710e+00
1.952015e+14	5.799439e-01	2.885673e+00
1.951760e+14	6.239382e-01	2.683872e+00
1.951506e+14	6.589141e-01	2.491173e+00
1.951251e+14	6.850370e-01	2.306663e+00
1.950997e+14	7.025742e-01	2.128795e+00
1.950743e+14	7.115962e-01	1.955482e+00
1.950489e+14	7.117052e-01	1.784091e+00
1.950234e+14	7.017295e-01	1.611323e+00
1.949980e+14	6.792928e-01	1.432943e+00
1.949726e+14	6.401402e-01	1.243347e+00
1.949473e+14	5.771361e-01	1.035010e+00
1.949219e+14	4.791994e-01	7.981706e-01
1.948965e+14	3.319582e-01	5.221324e-01
1.948711e+14	1.255066e-01	2.023970e-01
1.948458e+14	1.262468e-01	2.978988e+00
1.948204e+14	3.757122e-01	2.622126e+00
1.947951e+14	5.751334e-01	2.297534e+00
1.947697e+14	7.121633e-01	2.023275e+00
1.947444e+14	7.999899e-01	1.796334e+00
1.947190e+14	8.555700e-01	1.606498e+00
1.946937e+14	8.912742e-01	1.443865e+00
1.946684e+14	9.147707e-01	1.300812e+00
1.946431e+14	9.306032e-01	1.171853e+00
1.946178e+14	9.414623e-01	1.053074e+00
1.945925e+14	9.489658e-01	9.416266e-01
1.945672e+14	9.541021e-01	8.353675e-01
1.945419e+14	9.574796e-01	7.326127e-01
1.945166e+14	9.594653e-01	6.319660e-01
1.944914e+14	9.602630e-01	5.321977e-01
1.944661e+14	9.599534e-01	4.321509e-01
1.944408e+14	9.585102e-01	3.306616e-01
1.944156e+14	9.557969e-01	2.264816e-01
1.943903e+14	9.515439e-01	1.181942e-01
1.943651e+14	9.453003e-01	4.112954e-03
1.943399e+14	9.363511e-01	-1.178468e-01
1.943146e+14	9.235775e-01	-2.503354e-01
1.942894e+14	9.052376e-01	-3.967803e-01
1.942642e+14	8.786381e-01	-5.616288e-01
1.942390e+14	8.397221e-01	-7.505444e-01
1.942138e+14	7.827912e-01	-9.703459e-01
1.941886e+14	7.011161e-01	-1.228281e+00
1.941634e+14	5.899603e-01	-1.530408e+00
1.941382e+14	4.528707e-01	-1.880853e+00
1.941131e+14	3.070649e-01	-2.289491e+00
1.940879e+14	1.800676e-01	-2.804664e+00
1.940627e+14	1.005755e-01	2.721560e+00
1.940376e+14	7.945953e-02	1.873114e+00
1.940124e+14	7.912558e-02	1.539940e+00
1.939873e+14	9.421132e-02	1.760182e+00
1.939622e+14	1.645713e-01	1.955243e+00
1.939370e+14	2.859432e-01	1.867457e+00
1.939119e+14	4.303645e-01	1.652210e+00
1.938868e+14	5.697802e-01	1.399989e+00
1.938617e+14	6.851095e-01	1.152250e+00
1.938366e+14	7.709745e-01	9.266272e-01
1.938115e+14	8.312588e-01	7.273667e-01
1.937864e+14	8.725965e-01	5.523665e-01
1.937613e+14	9.008759e-01	3.974847e-01
1.937362e+14	9.203736e-01	2.585195e-01
1.937112e+14	9.339547e-01	1.318696e-01
1.936861e+14	9.434809e-01	1.462614e-02
1.936611e+14	9.501503e-01	-9.552461e-02
1.936360e+14	9.547318e-01	-2.004368e-01
1.936110e+14	9.577131e-01	-3.016303e-01
1.935859e+14	9.593913e-01	-4.003941e-01
1.935609e+14	9.599260e-01	-4.978711e-01
1.935359e+14	9.593659e-01	-5.951312e-01
1.935109e+14	9.576565e-01	-6.932383e-01
1.934858e+14	9.546294e-01	-7.933200e-01
1.934608e+14	9.499695e-01	-8.966496e-01
1.934358e+14	9.431524e-01	-1.004751e+00
1.934109e+14	9.333293e-01	-1.119542e+00
1.933859e+14	9.191258e-01	-1.243548e+00
1.933609e+14	8.982837e-01	-1.380200e+00
1.933359e+14	8.670355e-01	-1.534271e+00
1.933110e+14	8.190642e-01	-1.712397e+00
1.932860e+14	7.440638e-01	-1.923415e+00
1.932610e+14	6.269918e-01	-2.177412e+00
1.932361e+14	4.524668e-01	-2.480871e+00
1.932112e+14	2.213054e-01	-2.826351e+00
1.931862e+14	3.154971e-02	-2.703203e-02
1.931613e+14	2.552731e-01	-3.708026e-01
1.931364e+14	4.233269e-01	-6.616429e-01
1.931115e+14	5.384925e-01	-9.104466e-01
1.930865e+14	6.141364e-01	-1.126989e+00
1.930616e+14	6.624467e-01	-1.321397e+00
1.930368e+14	6.918140e-01	-1.501835e+00
1.930119e+14	7.074481e-01	-1.674446e+00
1.929870e+14	7.123983e-01	-1.843847e+00
1.929621e+14	7.083151e-01	-2.013597e+00
1.929372e+14	6.959442e-01	-2.186531e+00
1.929124e+14	6.754530e-01	-2.364943e+00
1.928875e+14	6.466840e-01	-2.550653e+00
1.928627e+14	6.094027e-01	-2.744987e+00
1.928378e+14	5.635784e-01	-2.948683e+00
1.928130e+14	5.096950e-01	3.121406e+00
1.927882e+14	4.490264e-01	2.899628e+00
1.927633e+14	3.837611e-01	2.670576e+00
1.927385e+14	3.168627e-01	2.436077e+00
1.927137e+14	2.516535e-01	2.197946e+00
1.926889e+14	1.912591e-01	1.957461e+00
1.926641e+14	1.381242e-01	1.714800e+00
1.926393e+14	9.375527e-02	1.468317e+00
1.926145e+14	5.870703e-02	1.212980e+00
1.925897e+14	3.273368e-02	9.352627e-01
1.925650e+14	1.502130e-02	5.893490e-01
1.925402e+14	4.667157e-03	-1.041224e-01
1.925154e+14	3.208200e-03	-1.950130e+00
1.924907e+14	4.620055e-03	-2.661257e+00
1.924659e+14	4.753536e-03	-3.095521e+00
1.924412e+14	4.959383e-03	2.777340e+00
1.924165e+14	6.712290e-03	2.465139e+00
1.923917e+14	1.122075e-02	2.275422e+00
1.923670e+14	1.960024e-02	2.118183e+00
1.923423e+14	3.271421e-02	1.950122e+00
1.923176e+14	5.104263e-02	1.767393e+00
1.922929e+14	7.466161e-02	1.574060e+00
1.922682e+14	1.032382e-01	1.373848e+00
1.922435e+14	1.360406e-01	1.169373e+00
1.922188e+14	1.719798e-01	9.625194e-01
1.921941e+14	2.096928e-01	7.547575e-01
1.921694e+14	2.476631e-01	5.472983e-01
1.921448e+14	2.843592e-01	3.411293e-01
1.921201e+14	3.183628e-01	1.369938e-01
1.920955e+14	3.484608e-01	-6.464517e-02
1.920708e+14	3.736854e-01	-2.636275e-01
1.920462e+14	3.933053e-01	-4.600932e-01
1.920215e+14	4.067818e-01	-6.544563e-01
1.919969e+14	4.137080e-01	-8.473594e-01
1.919723e+14	4.137509e-01	-1.039619e+00
1.919477e+14	4.066077e-01	-1.232166e+00
1.919231e+14	3.919880e-01	-1.425975e+00
1.918985e+14	3.696289e-01	-1.621997e+00
1.918739e+14	3.393472e-01	-1.821075e+00
1.918493e+14	3.011323e-01	-2.023854e+00
1.918247e+14	2.552700e-01	-2.230691e+00
1.918001e+14	2.024753e-01	-2.441597e+00
1.917756e+14	1.439915e-01	-2.656279e+00
1.917510e+14	8.160460e-02	-2.874696e+00
1.917264e+14	1.753508e-02	-3.109424e+00
1.917019e+14	4.580909e-02	-1.551356e-01
1.916773e+14	1.060823e-01	-3.758388e-01
1.916528e+14	1.613162e-01	-5.904918e-01
1.916283e+14	2.100505e-01	-8.012462e-01
1.916037e+14	2.513768e-01	-1.008289e+00
1.915792e+14	2.848723e-01	-1.211895e+00
1.915547e+14	3.104814e-01	-1.412569e+00
1.915302e+14	3.283916e-01	-1.611004e+00
1.915057e+14	3.389333e-01	-1.807993e+00
1.914812e+14	3.425133e-01	-2.004360e+00
1.914567e+14	3.395844e-01	-2.200887e+00
1.914322e+14	3.306412e-01	-2.398269e+00
1.914077e+14	3.162364e-01	-2.597070e+00
1.913833e+14	2.970056e-01	-2.797699e+00
1.913588e+14	2.736902e-01	-3.000399e+00
1.913344e+14	2.471493e-01	3.077932e+00
1.913099e+14	2.183528e-01	2.870966e+00
1.912855e+14	1.883498e-01	2.662010e+00
1.912610e+14	1.582169e-01	2.451182e+00
1.912366e+14	1.289922e-01	2.238498e+00
1.912122e+14	1.016082e-01	2.023727e+00
1.911877e+14	7.683366e-02	1.806165e+00
1.911633e+14	5.523425e-02	1.584193e+00
1.911389e+14	3.715385e-02	1.354211e+00
1.911145e+14	2.271696e-02	1.107359e+00
1.910901e+14	1.185462e-02	8.157383e-01
1.910657e+14	4.421344e-03	3.301664e-01
1.910413e+14	1.919885e-03	-1.488670e+00
1.910170e+14	3.792007e-03	-2.409860e+00
1.909926e+14	4.675735e-03	-2.780111e+00
1.909682e+14	4.753818e-03	-3.088156e+00
1.909439e+14	4.713380e-03	2.891300e+00
1.909195e+14	5.251733e-03	2.605536e+00
1.908952e+14	6.987465e-03	2.372505e+00
1.908708e+14	1.045868e-02	2.183952e+00
1.908465e+14	1.612268e-02	2.008869e+00
1.908222e+14	2.430925e-02	1.831080e+00
1.907979e+14	3.518936e-02	1.647149e+00
1.907735e+14	4.876432e-02	1.457816e+00
1.907492e+14	6.486379e-02	1.264489e+00
1.907249e+14	8.315110e-02	1.068389e+00
1.907006e+14	1.031377e-01	8.704573e-01
1.906763e+14	1.242075e-01	6.714220e-01
1.906521e+14	1.456510e-01	4.718575e-01
1.906278e+14	1.667050e-01	2.722200e-01
1.906035e+14	1.865951e-01	7.285926e-02
1.905792e+14	2.045746e-01	-1.259816e-01
1.905550e+14	2.199560e-01	-3.241703e-01
1.905307e+14	2.321328e-01	-5.216881e-01
1.905065e+14	2.405905e-01	-7.186249e-01
1.904822e+14	2.449111e-01	-9.151682e-01
1.904580e+14	2.447721e-01	-1.111583e+00
1.904338e+14	2.399460e-01	-1.308188e+00
1.904096e+14	2.303036e-01	-1.505323e+00
1.903853e+14	2.158227e-01	-1.703315e+00
1.903611e+14	1.966032e-01	-1.902451e+00
1.903369e+14	1.728866e-01	-2.102944e+00
1.903127e+14	1.450754e-01	-2.304928e+00
1.902885e+14	1.137466e-01	-2.508485e+00
1.902644e+14	7.965083e-02	-2.713815e+00
1.902402e+14	4.369195e-02	-2.922306e+00
1.902160e+14	6.891682e-03	3.111693e+00
1.901918e+14	2.971093e-02	-1.707090e-01
1.901677e+14	6.503612e-02	-3.820120e-01
1.901435e+14	9.813469e-02	-5.878067e-01
1.901194e+14	1.281803e-01	-7.915410e-01
1.900952e+14	1.545163e-01	-9.937047e-01
1.900711e+14	1.766658e-01	-1.194485e+00
1.900470e+14	1.943247e-01	-1.394071e+00
1.900228e+14	2.073443e-01	-1.592709e+00
1.899987e+14	2.157097e-01	-1.790697e+00
1.899746e+14	2.195199e-01	-1.988358e+00
1.899505e+14	2.189720e-01	-2.186022e+00
1.899264e+14	2.143514e-01	-2.383995e+00
1.899023e+14	2.060250e-01	-2.582544e+00
1.898782e+14	1.944374e-01	-2.781879e+00
1.898542e+14	1.801048e-01	-2.982154e+00
1.898301e+14	1.636064e-01	3.099717e+00
1.898060e+14	1.455694e-01	2.897300e+00
1.897819e+14	1.266473e-01	2.693725e+00
1.897579e+14	1.074937e-01	2.488901e+00
1.897338e+14	8.873299e-02	2.282638e+00
1.897098e+14	7.093049e-02	2.074541e+00
1.896858e+14	5.456719e-02	1.863827e+00
1.896617e+14	4.001973e-02	1.648934e+00
1.896377e+14	2.754832e-02	1.426545e+00
1.896137e+14	1.729340e-02	1.188556e+00
1.895897e+14	9.285860e-03	9.091643e-01
1.895657e+14	3.524861e-03	4.449877e-01
1.895417e+14	1.563466e-03	-1.462130e+00
1.895177e+14	3.442873e-03	-2.341398e+00
1.894937e+14	4.506639e-03	-2.681481e+00
1.894697e+14	4.783235e-03	-2.956192e+00
1.894457e+14	4.683632e-03	3.061965e+00
1.894217e+14	4.655029e-03	2.796404e+00
1.893978e+14	5.129191e-03	2.543973e+00
1.893738e+14	6.491804e-03	2.323583e+00
1.893499e+14	9.076258e-03	2.131791e+00
1.893259e+14	1.315693e-02	1.951592e+00
1.893020e+14	1.892778e-02	1.771732e+00
1.892780e+14	2.648587e-02	1.588506e+00
1.892541e+14	3.582432e-02	1.401622e+00
1.892302e+14	4.683114e-02	1.211746e+00
1.892063e+14	5.929251e-02	1.019640e+00
1.891824e+14	7.290079e-02	8.259498e-01
1.891585e+14	8.726750e-02	6.311865e-01
1.891346e+14	1.019407e-01	4.357505e-01
1.891107e+14	1.164259e-01	2.399546e-01
1.890868e+14	1.302088e-01	4.403820e-02
1.890629e+14	1.427779e-01	-1.518261e-01
1.890390e+14	1.536455e-01	-3.475300e-01
1.890152e+14	1.623651e-01	-5.430277e-01
1.889913e+14	1.685453e-01	-7.383330e-01
1.889674e+14	1.718600e-01	-9.335135e-01
1.889436e+14	1.720555e-01	-1.128681e+00
1.889197e+14	1.689564e-01	-1.323978e+00
1.888959e+14	1.624701e-01	-1.519565e+00
1.888721e+14	1.525929e-01	-1.715602e+00
1.888482e+14	1.394150e-01	-1.912237e+00
1.888244e+14	1.231262e-01	-2.109596e+00
1.888006e+14	1.040194e-01	-2.307788e+00
1.887768e+14	8.248987e-02	-2.506952e+00
1.887530e+14	5.902936e-02	-2.707442e+00
1.887292e+14	3.421197e-02	-2.910852e+00
1.887054e+14	8.675892e-03	-3.139247e+00
1.886816e+14	1.693088e-02	-1.387311e-01
1.886578e+14	4.191483e-02	-3.499466e-01
1.886341e+14	6.565404e-02	-5.519042e-01
1.886103e+14	8.757241e-02	-7.517666e-01
1.885865e+14	1.071772e-01	-9.504843e-01
1.885628e+14	1.240719e-01	-1.148335e+00
1.885390e+14	1.379631e-01	-1.345473e+00
1.885153e+14	1.486596e-01	-1.542042e+00
1.884916e+14	1.560691e-01	-1.738204e+00
1.884678e+14	1.601908e-01	-1.934133e+00
1.884441e+14	1.611092e-01	-2.130013e+00
1.884204e+14	1.589865e-01	-2.326022e+00
1.883967e+14	1.540565e-01	-2.522324e+00
1.883730e+14	1.466177e-01	-2.719062e+00
1.883493e+14	1.370255e-01	-2.916356e+00
1.883256e+14	1.256827e-01	-3.114303e+00
1.883019e+14	1.130280e-01	2.970194e+00
1.882782e+14	9.952045e-02	2.770671e+00
1.882545e+14	8.562316e-02	2.570183e+00
1.882309e+14	7.178476e-02	2.368516e+00
1.882072e+14	5.842132e-02	2.165297e+00
1.881835e+14	4.589959e-02	1.959852e+00
1.881599e+14	3.452315e-02	1.750908e+00
1.881362e+14	2.452240e-02	1.535860e+00
1.881126e+14	1.604939e-02	1.308620e+00
1.880890e+14	9.180326e-03	1.051115e+00
1.880653e+14	3.949707e-03	6.771334e-01
1.880417e+14	1.134972e-03	-8.667737e-01
1.880181e+14	2.822202e-03	-2.185200e+00
1.879945e+14	4.162167e-03	-2.544622e+00
1.879709e+14	4.725649e-03	-2.809936e+00
1.879473e+14	4.769898e-03	-3.055926e+00
1.879237e+14	4.605055e-03	2.982631e+00
1.879001e+14	4.550649e-03	2.736950e+00
1.878765e+14	4.912253e-03	2.500528e+00
1.878529e+14	5.963725e-03	2.286403e+00
1.878294e+14	7.940408e-03	2.094056e+00
1.878058e+14	1.103325e-02	1.912536e+00
1.877822e+14	1.537631e-02	1.732892e+00
1.877587e+14	2.103616e-02	1.551325e+00
1.877351e+14	2.800674e-02	1.367021e+00
1.877116e+14	3.620845e-02	1.180247e+00
1.876881e+14	4.549027e-02	9.915255e-01
1.876645e+14	5.563499e-02	8.013507e-01
1.876410e+14	6.636748e-02	6.101328e-01
1.876175e+14	7.736569e-02	4.181963e-01
1.875940e+14	8.827394e-02	2.257944e-01
1.875705e+14	9.871769e-02	3.312100e-02
1.875470e+14	1.083188e-01	-1.596804e-01
1.875235e+14	1.167103e-01	-3.525126e-01
1.875000e+14	1.235500e-01	-5.453208e-01
("port 1","TE",1,"port 2",1,"modulation")
(1,1)
0.00000
(500,3)
2.000000e+14	1.462684e-03	-1.965316e+00
1.999733e+14	5.685834e-03	-1.331579e+00
1.999466e+14	1.238717e-02	-1.420539e+00
1.999199e+14	2.116577e-02	-1.592733e+00
1.998932e+14	3.193628e-02	-1.789272e+00
1.998665e+14	4.450902e-02	-1.996104e+00
1.998398e+14	5.856936e-02	-2.208160e+00
1.998131e+14	7.368471e-02	-2.423126e+00
1.997865e+14	8.932272e-02	-2.639758e+00
1.997598e+14	1.048773e-01	-2.857305e+00
1.997332e+14	1.196996e-01	-3.075280e+00
1.997065e+14	1.331318e-01	2.989823e+00
1.996799e+14	1.445383e-01	2.771829e+00
1.996532e+14	1.533345e-01	2.554014e+00
1.996266e+14	1.590089e-01	2.336379e+00
1.996000e+14	1.611408e-01	2.118847e+00
1.995734e+14	1.594135e-01	1.901286e+00
1.995468e+14	1.536258e-01	1.683533e+00
1.995202e+14	1.437029e-01	1.465431e+00
1.994936e+14	1.297083e-01	1.246860e+00
1.994670e+14	1.118551e-01	1.027799e+00
1.994404e+14	9.051446e-02	8.084136e-01
1.994139e+14	6.621750e-02	5.893122e-01
1.993873e+14	3.964603e-02	3.728187e-01
1.993608e+14	1.161370e-02	1.829537e-01
1.993342e+14	1.702153e-02	3.024938e+00
1.993077e+14	4.527424e-02	2.822141e+00
1.992812e+14	7.226349e-02	2.604605e+00
1.992546e+14	9.714800e-02	2.385176e+00
1.992281e+14	1.192050e-01	2.165619e+00
1.992016e+14	1.378562e-01	1.946439e+00
1.991751e+14	1.526807e-01	1.727763e+00
1.991486e+14	1.634169e-01	1.509536e+00
1.991221e+14	1.699559e-01	1.291599e+00
1.990956e+14	1.723313e-01	1.073735e+00
1.990691e+14	1.707098e-01	8.557088e-01
1.990427e+14	1.653806e-01	6.372912e-01
1.990162e+14	1.567469e-01	4.182854e-01
1.989898e+14	1.453141e-01	1.985377e-01
1.989633e+14	1.316744e-01	-2.206042e-02
1.989369e+14	1.164850e-01	-2.435822e-01
1.989104e+14	1.004399e-01	-4.660871e-01
1.988840e+14	8.423492e-02	-6.896534e-01
1.988576e+14	6.853082e-02	-9.144190e-01
1.988312e+14	5.391604e-02	-1.140629e+00
1.988048e+14	4.087422e-02	-1.368678e+00
1.987784e+14	2.975881e-02	-1.599099e+00
1.987520e+14	2.077636e-02	-1.832357e+00
1.987256e+14	1.397890e-02	-2.067934e+00
1.986992e+14	9.265010e-03	-2.301520e+00
1.986729e+14	6.390791e-03	-2.520110e+00
1.986465e+14	4.994095e-03	-2.705813e+00
1.986201e+14	4.621828e-03	-2.862047e+00
1.985938e+14	4.740959e-03	-3.013231e+00
1.985674e+14	4.765737e-03	3.119101e+00
1.985411e+14	4.116818e-03	3.002073e+00
1.985148e+14	2.378583e-03	3.118970e+00
1.984885e+14	2.410240e-03	-1.544987e+00
1.984622e+14	8.029910e-03	-1.275291e+00
1.984358e+14	1.645086e-02	-1.388740e+00
1.984095e+14	2.756778e-02	-1.564019e+00
1.983832e+14	4.133477e-02	-1.759883e+00
1.983570e+14	5.755410e-02	-1.965030e+00
1.983307e+14	7.585842e-02	-2.175060e+00
1.983044e+14	9.571838e-02	-2.387833e+00
1.982781e+14	1.164652e-01	-2.602124e+00
1.982519e+14	1.373254e-01	-2.817135e+00
1.982256e+14	1.574641e-01	-3.032312e+00
1.981994e+14	1.760308e-01	3.035916e+00
1.981732e+14	1.922031e-01	2.821420e+00
1.981469e+14	2.052214e-01	2.607489e+00
1.981207e+14	2.144137e-01	2.394092e+00
1.980945e+14	2.192102e-01	2.181080e+00
1.980683e+14	2.191515e-01	1.968203e+00
1.980421e+14	2.138947e-01	1.755139e+00
1.980159e+14	2.032229e-01	1.541544e+00
1.979897e+14	1.870620e-01	1.327091e+00
1.979635e+14	1.655059e-01	1.111540e+00
1.979373e+14	1.388467e-01	8.948068e-01
1.979112e+14	1.076040e-01	6.770930e-01
1.978850e+14	7.254186e-02	4.592778e-01
1.978588e+14	3.466196e-02	2.458146e-01
1.978327e+14	4.872148e-03	3.046577e+00
1.978066e+14	4.465419e-02	2.917922e+00
1.977804e+14	8.341442e-02	2.701949e+00
1.977543e+14	1.198612e-01	2.483510e+00
1.977282e+14	1.528857e-01	2.265461e+00
1.977021e+14	1.815980e-01	2.048533e+00
1.976760e+14	2.053484e-01	1.832921e+00
1.976499e+14	2.237199e-01	1.618537e+00
1.976238e+14	2.365038e-01	1.405114e+00
1.975977e+14	2.436691e-01	1.192268e+00
1.975716e+14	2.453365e-01	9.795580e-01
1.975455e+14	2.417614e-01	7.665362e-01
1.975195e+14	2.333261e-01	5.527937e-01
1.974934e+14	2.205393e-01	3.379944e-01
1.974674e+14	2.040360e-01	1.218954e-01
1.974413e+14	1.845724e-01	-9.564798e-02
1.974153e+14	1.630080e-01	-3.146972e-01
1.973892e+14	1.402743e-01	-5.352641e-01
1.973632e+14	1.173276e-01	-7.573648e-01
1.973372e+14	9.509206e-02	-9.810903e-01
1.973112e+14	7.440145e-02	-1.206695e+00
1.972852e+14	5.594529e-02	-1.434697e+00
1.972592e+14	4.022785e-02	-1.665973e+00
1.972332e+14	2.754187e-02	-1.901730e+00
1.972072e+14	1.795715e-02	-2.142818e+00
1.971812e+14	1.132158e-02	-2.386557e+00
1.971553e+14	7.274534e-03	-2.617670e+00
1.971293e+14	5.283738e-03	-2.803280e+00
1.971034e+14	4.701541e-03	-2.934213e+00
1.970774e+14	4.771534e-03	-3.049866e+00
1.970515e+14	4.646682e-03	3.124621e+00
1.970255e+14	3.523414e-03	3.115099e+00
1.969996e+14	1.843207e-03	-2.195706e+00
1.969737e+14	6.460805e-03	-1.224253e+00
1.969478e+14	1.563899e-02	-1.253880e+00
1.969219e+14	2.874213e-02	-1.405882e+00
1.968960e+14	4.592676e-02	-1.591673e+00
1.968701e+14	6.716180e-02	-1.791542e+00
1.968442e+14	9.215150e-02	-1.998582e+00
1.968183e+14	1.203199e-01	-2.209612e+00
1.967924e+14	1.508257e-01	-2.422816e+00
1.967666e+14	1.826068e-01	-2.636950e+00
1.967407e+14	2.144525e-01	-2.851063e+00
1.967148e+14	2.450915e-01	-3.064404e+00
1.966890e+14	2.732803e-01	3.006769e+00
1.966632e+14	2.978738e-01	2.796421e+00
1.966373e+14	3.178673e-01	2.587832e+00
1.966115e+14	3.324047e-01	2.380844e+00
1.965857e+14	3.407620e-01	2.175062e+00
1.965599e+14	3.423145e-01	1.969877e+00
1.965341e+14	3.365063e-01	1.764515e+00
1.965083e+14	3.228339e-01	1.558103e+00
1.964825e+14	3.008596e-01	1.349745e+00
1.964567e+14	2.702661e-01	1.138628e+00
1.964309e+14	2.309587e-01	9.241499e-01
1.964051e+14	1.832090e-01	7.060914e-01
1.963794e+14	1.278133e-01	4.849006e-01
1.963536e+14	6.621199e-02	2.629591e-01
1.963279e+14	6.940902e-04	8.052165e-01
1.963021e+14	6.674101e-02	2.934218e+00
1.962764e+14	1.327007e-01	2.710694e+00
1.962507e+14	1.947673e-01	2.487193e+00
1.962249e+14	2.508047e-01	2.266684e+00
1.961992e+14	2.993237e-01	2.050157e+00
1.961735e+14	3.394781e-01	1.837827e+00
1.961478e+14	3.709437e-01	1.629360e+00
1.961221e+14	3.937510e-01	1.424034e+00
1.960964e+14	4.081306e-01	1.220867e+00
1.960707e+14	4.144000e-01	1.018744e+00
1.960450e+14	4.129040e-01	8.165159e-01
1.960194e+14	4.040023e-01	6.130883e-01
1.959937e+14	3.880988e-01	4.074948e-01
1.959681e+14	3.656996e-01	1.989628e-01
1.959424e+14	3.374865e-01	-1.303556e-02
1.959168e+14	3.043859e-01	-2.287563e-01
1.958911e+14	2.676073e-01	-4.481929e-01
1.958655e+14	2.286300e-01	-6.711368e-01
1.958399e+14	1.891241e-01	-8.972965e-01
1.958143e+14	1.508145e-01	-1.126474e+00
1.957886e+14	1.153155e-01	-1.358798e+00
1.957630e+14	8.397318e-02	-1.595017e+00
1.957374e+14	5.774857e-02	-1.836881e+00
1.957119e+14	3.715135e-02	-2.087565e+00
1.956863e+14	2.221991e-02	-2.351330e+00
1.956607e+14	1.252738e-02	-2.627423e+00
1.956351e+14	7.203188e-03	-2.881436e+00
1.956096e+14	5.051223e-03	-3.020241e+00
1.955840e+14	4.747471e-03	-3.048201e+00
1.955585e+14	4.688253e-03	-3.053804e+00
1.955329e+14	3.335059e-03	-2.806532e+00
1.955074e+14	4.645608e-03	-1.393856e+00
1.954818e+14	1.535960e-02	-1.126016e+00
1.954563e+14	3.393283e-02	-1.227398e+00
1.954308e+14	6.132817e-02	-1.402723e+00
1.954053e+14	9.838264e-02	-1.605630e+00
1.953798e+14	1.452704e-01	-1.822652e+00
1.953543e+14	2.012441e-01	-2.048052e+00
1.953288e+14	2.644840e-01	-2.278254e+00
1.953033e+14	3.321596e-01	-2.510163e+00
1.952779e+14	4.007836e-01	-2.740714e+00
1.952524e+14	4.668024e-01	-2.966976e+00
1.952269e+14	5.272105e-01	3.096710e+00
1.952015e+14	5.799439e-01	2.885673e+00
1.951760e+14	6.239382e-01	2.683872e+00
1.951506e+14	6.589141e-01	2.491173e+00
1.951251e+14	6.850370e-01	2.306663e+00
1.950997e+14	7.025742e-01	2.128795e+00
1.950743e+14	7.115962e-01	1.955482e+00
1.950489e+14	7.117052e-01	1.784091e+00
1.950234e+14	7.017295e-01	1.611323e+00
1.949980e+14	6.792928e-01	1.432943e+00
1.949726e+14	6.401402e-01	1.243347e+00
1.949473e+14	5.771361e-01	1.035010e+00
1.949219e+14	4.791994e-01	7.981706e-01
1.948965e+14	3.319582e-01	5.221324e-01
1.948711e+14	1.255066e-01	2.023970e-01
1.948458e+14	1.262468e-01	2.978988e+00
1.948204e+14	3.757122e-01	2.622126e+00
1.947951e+14	5.751334e-01	2.297534e+00
1.947697e+14	7.121633e-01	2.023275e+00
1.947444e+14	7.999899e-01	1.796334e+00
1.947190e+14	8.555700e-01	1.606498e+00
1.946937e+14	8.912742e-01	1.443865e+00
1.946684e+14	9.147707e-01	1.300812e+00
1.946431e+14	9.306032e-01	1.171853e+00
1.946178e+14	9.414623e-01	1.053074e+00
1.945925e+14	9.489658e-01	9.416266e-01
1.945672e+14	9.541021e-01	8.353675e-01
1.945419e+14	9.574796e-01	7.326127e-01
1.945166e+14	9.594653e-01	6.319660e-01
1.944914e+14	9.602630e-01	5.321977e-01
1.944661e+14	9.599534e-01	4.321509e-01
1.944408e+14	9.585102e-01	3.306616e-01
1.944156e+14	9.557969e-01	2.264816e-01
1.943903e+14	9.515439e-01	1.181942e-01
1.943651e+14	9.453003e-01	4.112954e-03
1.943399e+14	9.363511e-01	-1.178468e-01
1.943146e+14	9.235775e-01	-2.503354e-01
1.942894e+14	9.052376e-01	-3.967803e-01
1.942642e+14	8.786381e-01	-5.616288e-01
1.942390e+14	8.397221e-01	-7.505444e-01
1.942138e+14	7.827912e-01	-9.703459e-01
1.941886e+14	7.011161e-01	-1.228281e+00
1.941634e+14	5.899603e-01	-1.530408e+00
1.941382e+14	4.528707e-01	-1.880853e+00
1.941131e+14	3.070649e-01	-2.289491e+00
1.940879e+14	1.800676e-01	-2.804664e+00
1.940627e+14	1.005755e-01	2.721560e+00
1.940376e+14	7.945953e-02	1.873114e+00
1.940124e+14	7.912558e-02	1.539940e+00
1.939873e+14	9.421132e-02	1.760182e+00
1.939622e+14	1.645713e-01	1.955243e+00
1.939370e+14	2.859432e-01	1.867457e+00
1.939119e+14	4.303645e-01	1.652210e+00
1.938868e+14	5.697802e-01	1.399989e+00
1.938617e+14	6.851095e-01	1.152250e+00
1.938366e+14	7.709745e-01	9.266272e-01
1.938115e+14	8.312588e-01	7.273667e-01
1.937864e+14	8.725965e-01	5.523665e-01
1.937613e+14	9.008759e-01	3.974847e-01
1.937362e+14	9.203736e-01	2.585195e-01
1.937112e+14	9.339547e-01	1.318696e-01
1.936861e+14	9.434809e-01	1.462614e-02
1.936611e+14	9.501503e-01	-9.552461e-02
1.936360e+14	9.547318e-01	-2.004368e-01
1.936110e+14	9.577131e-01	-3.016303e-01
1.935859e+14	9.593913e-01	-4.003941e-01
1.935609e+14	9.599260e-01	-4.978711e-01
1.935359e+14	9.593659e-01	-5.951312e-01
1.935109e+14	9.576565e-01	-6.932383e-01
1.934858e+14	9.546294e-01	-7.933200e-01
1.934608e+14	9.499695e-01	-8.966496e-01
1.934358e+14	9.431524e-01	-1.004751e+00
1.934109e+14	9.333293e-01	-1.119542e+00
1.933859e+14	9.191258e-01	-1.243548e+00
1.933609e+14	8.982837e-01	-1.380200e+00
1.933359e+14	8.670355e-01	-1.534271e+00
1.933110e+14	8.190642e-01	-1.712397e+00
1.932860e+14	7.440638e-01	-1.923415e+00
1.932610e+14	6.269918e-01	-2.177412e+00
1.932361e+14	4.524668e-01	-2.480871e+00
1.932112e+14	2.213054e-01	-2.826351e+00
1.931862e+14	3.154971e-02	-2.703203e-02
1.931613e+14	2.552731e-01	-3.708026e-01
1.931364e+14	4.233269e-01	-6.616429e-01
1.931115e+14	5.384925e-01	-9.104466e-01
1.930865e+14	6.141364e-01	-1.126989e+00
1.930616e+14	6.624467e-01	-1.321397e+00
1.930368e+14	6.918140e-01	-1.501835e+00
1.930119e+14	7.074481e-01	-1.674446e+00
1.929870e+14	7.123983e-01	-1.843847e+00
1.929621e+14	7.083151e-01	-2.013597e+00
1.929372e+14	6.959442e-01	-2.186531e+00
1.929124e+14	6.754530e-01	-2.364943e+00
1.928875e+14	6.466840e-01	-2.550653e+00
1.928627e+14	6.094027e-01	-2.744987e+00
1.928378e+14	5.635784e-01	-2.948683e+00
1.928130e+14	5.096950e-01	3.121406e+00
1.927882e+14	4.490264e-01	2.899628e+00
1.927633e+14	3.837611e-01	2.670576e+00
1.927385e+14	3.168627e-01	2.436077e+00
1.927137e+14	2.516535e-01	2.197946e+00
1.926889e+14	1.912591e-01	1.957461e+00
1.926641e+14	1.381242e-01	1.714800e+00
1.926393e+14	9.375527e-02	1.468317e+00
1.926145e+14	5.870703e-02	1.212980e+00
1.925897e+14	3.273368e-02	9.352627e-01
1.925650e+14	1.502130e-02	5.893490e-01
1.925402e+14	4.667157e-03	-1.041224e-01
1.925154e+14	3.208200e-03	-1.950130e+00
1.924907e+14	4.620055e-03	-2.661257e+00
1.924659e+14	4.753536e-03	-3.095521e+00
1.924412e+14	4.959383e-03	2.777340e+00
1.924165e+14	6.712290e-03	2.465139e+00
1.923917e+14	1.122075e-02	2.275422e+00
1.923670e+14	1.960024e-02	2.118183e+00
1.923423e+14	3.271421e-02	1.950122e+00
1.923176e+14	5.104263e-02	1.767393e+00
1.922929e+14	7.466161e-02	1.574060e+00
1.922682e+14	1.032382e-01	1.373848e+00
1.922435e+14	1.360406e-01	1.169373e+00
1.922188e+14	1.719798e-01	9.625194e-01
1.921941e+14	2.096928e-01	7.547575e-01
1.921694e+14	2.476631e-01	5.472983e-01
1.921448e+14	2.843592e-01	3.411293e-01
1.921201e+14	3.183628e-01	1.369938e-01
1.920955e+14	3.484608e-01	-6.464517e-02
1.920708e+14	3.736854e-01	-2.636275e-01
1.920462e+14	3.933053e-01	-4.600932e-01
1.920215e+14	4.067818e-01	-6.544563e-01
1.919969e+14	4.137080e-01	-8.473594e-01
1.919723e+14	4.137509e-01	-1.039619e+00
1.919477e+14	4.066077e-01	-1.232166e+00
1.919231e+14	3.919880e-01	-1.425975e+00
1.918985e+14	3.696289e-01	-1.621997e+00
1.918739e+14	3.393472e-01	-1.821075e+00
1.918493e+14	3.011323e-01	-2.023854e+00
1.918247e+14	2.552700e-01	-2.230691e+00
1.918001e+14	2.024753e-01	-2.441597e+00
1.917756e+14	1.439915e-01	-2.656279e+00
1.917510e+14	8.160460e-02	-2.874696e+00
1.917264e+14	1.753508e-02	-3.109424e+00
1.917019e+14	4.580909e-02	-1.551356e-01
1.916773e+14	1.060823e-01	-3.758388e-01
1.916528e+14	1.613162e-01	-5.904918e-01
1.916283e+14	2.100505e-01	-8.012462e-01
1.916037e+14	2.513768e-01	-1.008289e+00
1.915792e+14	2.848723e-01	-1.211895e+00
1.915547e+14	3.104814e-01	-1.412569e+00
1.915302e+14	3.283916e-01	-1.611004e+00
1.915057e+14	3.389333e-01	-1.807993e+00
1.914812e+14	3.425133e-01	-2.004360e+00
1.914567e+14	3.395844e-01	-2.200887e+00
1.914322e+14	3.306412e-01	-2.398269e+00
1.914077e+14	3.162364e-01	-2.597070e+00
1.913833e+14	2.970056e-01	-2.797699e+00
1.913588e+14	2.736902e-01	-3.000399e+00
1.913344e+14	2.471493e-01	3.077932e+00
1.913099e+14	2.183528e-01	2.870966e+00
1.912855e+14	1.883498e-01	2.662010e+00
1.912610e+14	1.582169e-01	2.451182e+00
1.912366e+14	1.289922e-01	2.238498e+00
1.912122e+14	1.016082e-01	2.023727e+00
1.911877e+14	7.683366e-02	1.806165e+00
1.911633e+14	5.523425e-02	1.584193e+00
1.911389e+14	3.715385e-02	1.354211e+00
1.911145e+14	2.271696e-02	1.107359e+00
1.910901e+14	1.185462e-02	8.157383e-01
1.910657e+14	4.421344e-03	3.301664e-01
1.910413e+14	1.919885e-03	-1.488670e+00
1.910170e+14	3.792007e-03	-2.409860e+00
1.909926e+14	4.675735e-03	-2.780111e+00
1.909682e+14	4.753818e-03	-3.088156e+00
1.909439e+14	4.713380e-03	2.891300e+00
1.909195e+14	5.251733e-03	2.605536e+00
1.908952e+14	6.987465e-03	2.372505e+00
1.908708e+14	1.045868e-02	2.183952e+00
1.908465e+14	1.612268e-02	2.008869e+00
1.908222e+14	2.430925e-02	1.831080e+00
1.907979e+14	3.518936e-02	1.647149e+00
1.907735e+14	4.876432e-02	1.457816e+00
1.907492e+14	6.486379e-02	1.264489e+00
1.907249e+14	8.315110e-02	1.068389e+00
1.907006e+14	1.031377e-01	8.704573e-01
1.906763e+14	1.242075e-01	6.714220e-01
1.906521e+14	1.456510e-01	4.718575e-01
1.906278e+14	1.667050e-01	2.722200e-01
1.906035e+14	1.865951e-01	7.285926e-02
1.905792e+14	2.045746e-01	-1.259816e-01
1.905550e+14	2.199560e-01	-3.241703e-01
1.905307e+14	2.321328e-01	-5.216881e-01
1.905065e+14	2.405905e-01	-7.186249e-01
1.904822e+14	2.449111e-01	-9.151682e-01
1.904580e+14	2.447721e-01	-1.111583e+00
1.904338e+14	2.399460e-01	-1.308188e+00
1.904096e+14	2.303036e-01	-1.505323e+00
1.903853e+14	2.158227e-01	-1.703315e+00
1.903611e+14	1.966032e-01	-1.902451e+00
1.903369e+14	1.728866e-01	-2.102944e+00
1.903127e+14	1.450754e-01	-2.304928e+00
1.902885e+14	1.137466e-01	-2.508485e+00
1.902644e+14	7.965083e-02	-2.713815e+00
1.902402e+14	4.369195e-02	-2.922306e+00
1.902160e+14	6.891682e-03	3.111693e+00
1.901918e+14	2.971093e-02	-1.707090e-01
1.901677e+14	6.503612e-02	-3.820120e-01
1.901435e+14	9.813469e-02	-5.878067e-01
1.901194e+14	1.281803e-01	-7.915410e-01
1.900952e+14	1.545163e-01	-9.937047e-01
1.900711e+14	1.766658e-01	-1.194485e+00
1.900470e+14	1.943247e-01	-1.394071e+00
1.900228e+14	2.073443e-01	-1.592709e+00
1.899987e+14	2.157097e-01	-1.790697e+00
1.899746e+14	2.195199e-01	-1.988358e+00
1.899505e+14	2.189720e-01	-2.186022e+00
1.899264e+14	2.143514e-01	-2.383995e+00
1.899023e+14	2.060250e-01	-2.582544e+00
1.898782e+14	1.944374e-01	-2.781879e+00
1.898542e+14	1.801048e-01	-2.982154e+00
1.898301e+14	1.636064e-01	3.099717e+00
1.898060e+14	1.455694e-01	2.897300e+00
1.897819e+14	1.266473e-01	2.693725e+00
1.897579e+14	1.074937e-01	2.488901e+00
1.897338e+14	8.873299e-02	2.282638e+00
1.897098e+14	7.093049e-02	2.074541e+00
1.896858e+14	5.456719e-02	1.863827e+00
1.896617e+14	4.001973e-02	1.648934e+00
1.896377e+14	2.754832e-02	1.426545e+00
1.896137e+14	1.729340e-02	1.188556e+00
1.895897e+14	9.285860e-03	9.091643e-01
1.895657e+14	3.524861e-03	4.449877e-01
1.895417e+14	1.563466e-03	-1.462130e+00
1.895177e+14	3.442873e-03	-2.341398e+00
1.894937e+14	4.506639e-03	-2.681481e+00
1.894697e+14	4.783235e-03	-2.956192e+00
1.894457e+14	4.683632e-03	3.061965e+00
1.894217e+14	4.655029e-03	2.796404e+00
1.893978e+14	5.129191e-03	2.543973e+00
1.893738e+14	6.491804e-03	2.323583e+00
1.893499e+14	9.076258e-03	2.131791e+00
1.893259e+14	1.315693e-02	1.951592e+00
1.893020e+14	1.892778e-02	1.771732e+00
1.892780e+14	2.648587e-02	1.588506e+00
1.892541e+14	3.582432e-02	1.401622e+00
1.892302e+14	4.683114e-02	1.211746e+00
1.892063e+14	5.929251e-02	1.019640e+00
1.891824e+14	7.290079e-02	8.259498e-01
1.891585e+14	8.726750e-02	6.311865e-01
1.891346e+14	1.019407e-01	4.357505e-01
1.891107e+14	1.164259e-01	2.399546e-01
1.890868e+14	1.302088e-01	4.403820e-02
1.890629e+14	1.427779e-01	-1.518261e-01
1.890390e+14	1.536455e-01	-3.475300e-01
1.890152e+14	1.623651e-01	-5.430277e-01
1.889913e+14	1.685453e-01	-7.383330e-01
1.889674e+14	1.718600e-01	-9.335135e-01
1.889436e+14	1.720555e-01	-1.128681e+00
1.889197e+14	1.689564e-01	-1.323978e+00
1.888959e+14	1.624701e-01	-1.519565e+00
1.888721e+14	1.525929e-01	-1.715602e+00
1.888482e+14	1.394150e-01	-1.912237e+00
1.888244e+14	1.231262e-01	-2.109596e+00
1.888006e+14	1.040194e-01	-2.307788e+00
1.887768e+14	8.248987e-02	-2.506952e+00
1.887530e+14	5.902936e-02	-2.707442e+00
1.887292e+14	3.421197e-02	-2.910852e+00
1.887054e+14	8.675892e-03	-3.139247e+00
1.886816e+14	1.693088e-02	-1.387311e-01
1.886578e+14	4.191483e-02	-3.499466e-01
1.886341e+14	6.565404e-02	-5.519042e-01
1.886103e+14	8.757241e-02	-7.517666e-01
1.885865e+14	1.071772e-01	-9.504843e-01
1.885628e+14	1.240719e-01	-1.148335e+00
1.885390e+14	1.379631e-01	-1.345473e+00
1.885153e+14	1.486596e-01	-1.542042e+00
1.884916e+14	1.560691e-01	-1.738204e+00
1.884678e+14	1.601908e-01	-1.934133e+00
1.884441e+14	1.611092e-01	-2.130013e+00
1.884204e+14	1.589865e-01	-2.326022e+00
1.883967e+14	1.540565e-01	-2.522324e+00
1.883730e+14	1.466177e-01	-2.719062e+00
1.883493e+14	1.370255e-01	-2.916356e+00
1.883256e+14	1.256827e-01	-3.114303e+00
1.883019e+14	1.130280e-01	2.970194e+00
1.882782e+14	9.952045e-02	2.770671e+00
1.882545e+14	8.562316e-02	2.570183e+00
1.882309e+14	7.178476e-02	2.368516e+00
1.882072e+14	5.842132e-02	2.165297e+00
1.881835e+14	4.589959e-02	1.959852e+00
1.881599e+14	3.452315e-02	1.750908e+00
1.881362e+14	2.452240e-02	1.535860e+00
1.881126e+14	1.604939e-02	1.308620e+00
1.880890e+14	9.180326e-03	1.051115e+00
1.880653e+14	3.949707e-03	6.771334e-01
1.880417e+14	1.134972e-03	-8.667737e-01
1.880181e+14	2.822202e-03	-2.185200e+00
1.879945e+14	4.162167e-03	-2.544622e+00
1.879709e+14	4.725649e-03	-2.809936e+00
1.879473e+14	4.769898e-03	-3.055926e+00
1.879237e+14	4.605055e-03	2.982631e+00
1.879001e+14	4.550649e-03	2.736950e+00
1.878765e+14	4.912253e-03	2.500528e+00
1.878529e+14	5.963725e-03	2.286403e+00
1.878294e+14	7.940408e-03	2.094056e+00
1.878058e+14	1.103325e-02	1.912536e+00
1.877822e+14	1.537631e-02	1.732892e+00
1.877587e+14	2.103616e-02	1.551325e+00
1.877351e+14	2.800674e-02	1.367021e+00
1.877116e+14	3.620845e-02	1.180247e+00
1.876881e+14	4.549027e-02	9.915255e-01
1.876645e+14	5.563499e-02	8.013507e-01
1.876410e+14	6.636748e-02	6.101328e-01
1.876175e+14	7.736569e-02	4.181963e-01
1.875940e+14	8.827394e-02	2.257944e-01
1.875705e+14	9.871769e-02	3.312100e-02
1.875470e+14	1.083188e-01	-1.596804e-01
1.875235e+14	1.167103e-01	-3.525126e-01
1.875000e+14	1.235500e-01	-5.453208e-01
("port 2","TE",1,"port 1",1,"modulation")
(1,1)
0.00000
(500,3)
2.000000e+14	1.000006e+00	-8.547068e-01
1.999733e+14	9.999912e-01	-1.076856e+00
1.999466e+14	9.999307e-01	-1.299036e+00
1.999199e+14	9.997834e-01	-1.521257e+00
1.998932e+14	9.994973e-01	-1.743513e+00
1.998665e+14	9.990164e-01	-1.965774e+00
1.998398e+14	9.982908e-01	-2.187984e+00
1.998131e+14	9.972890e-01	-2.410060e+00
1.997865e+14	9.960102e-01	-2.631902e+00
1.997598e+14	9.944926e-01	-2.853402e+00
1.997332e+14	9.928176e-01	-3.074461e+00
1.997065e+14	9.911058e-01	2.988179e+00
1.996799e+14	9.895067e-01	2.768176e+00
1.996532e+14	9.881818e-01	2.548689e+00
1.996266e+14	9.872846e-01	2.329633e+00
1.996000e+14	9.869389e-01	2.110867e+00
1.995734e+14	9.872194e-01	1.892205e+00
1.995468e+14	9.881366e-01	1.673435e+00
1.995202e+14	9.896284e-01	1.454344e+00
1.994936e+14	9.915597e-01	1.234744e+00
1.994670e+14	9.937321e-01	1.014501e+00
1.994404e+14	9.959027e-01	7.935551e-01
1.994139e+14	9.978128e-01	5.719358e-01
1.993873e+14	9.992214e-01	3.497642e-01
1.993608e+14	9.999402e-01	1.272419e-01
1.993342e+14	9.998628e-01	-9.537246e-02
1.993077e+14	9.989823e-01	-3.177978e-01
1.992812e+14	9.973933e-01	-5.397679e-01
1.992546e+14	9.952777e-01	-7.610674e-01
1.992281e+14	9.928774e-01	-9.815591e-01
1.992016e+14	9.904600e-01	-1.201198e+00
1.991751e+14	9.882833e-01	-1.420033e+00
1.991486e+14	9.865648e-01	-1.638196e+00
1.991221e+14	9.854594e-01	-1.855877e+00
1.990956e+14	9.850468e-01	-2.073302e+00
1.990691e+14	9.853291e-01	-2.290701e+00
1.990427e+14	9.862376e-01	-2.508284e+00
1.990162e+14	9.876466e-01	-2.726214e+00
1.989898e+14	9.893934e-01	-2.944598e+00
1.989633e+14	9.913008e-01	3.119708e+00
1.989369e+14	9.932003e-01	2.900354e+00
1.989104e+14	9.949510e-01	2.680597e+00
1.988840e+14	9.964538e-01	2.460540e+00
1.988576e+14	9.976569e-01	2.240302e+00
1.988312e+14	9.985534e-01	2.019996e+00
1.988048e+14	9.991722e-01	1.799717e+00
1.987784e+14	9.995651e-01	1.579531e+00
1.987520e+14	9.997921e-01	1.359474e+00
1.987256e+14	9.999103e-01	1.139557e+00
1.986992e+14	9.999651e-01	9.197696e-01
1.986729e+14	9.999876e-01	7.000942e-01
1.986465e+14	9.999955e-01	4.805087e-01
1.986201e+14	9.999974e-01	2.609935e-01
1.985938e+14	9.999968e-01	4.153253e-02
1.985674e+14	9.999967e-01	-1.778893e-01
1.985411e+14	9.999996e-01	-3.972891e-01
1.985148e+14	1.000005e+00	-6.166903e-01
1.984885e+14	1.000005e+00	-8.361235e-01
1.984622e+14	9.999759e-01	-1.055624e+00
1.984358e+14	9.998728e-01	-1.275226e+00
1.984095e+14	9.996281e-01	-1.494951e+00
1.983832e+14	9.991535e-01	-1.714794e+00
1.983570e+14	9.983506e-01	-1.934712e+00
1.983307e+14	9.971268e-01	-2.154618e+00
1.983044e+14	9.954167e-01	-2.374378e+00
1.982781e+14	9.932030e-01	-2.593819e+00
1.982519e+14	9.905342e-01	-2.812750e+00
1.982256e+14	9.875330e-01	-3.030988e+00
1.981994e+14	9.843929e-01	3.034799e+00
1.981732e+14	9.813634e-01	2.818319e+00
1.981469e+14	9.787238e-01	2.602749e+00
1.981207e+14	9.767512e-01	2.387976e+00
1.980945e+14	9.756859e-01	2.173789e+00
1.980683e+14	9.756991e-01	1.959889e+00
1.980421e+14	9.768650e-01	1.745914e+00
1.980159e+14	9.791408e-01	1.531477e+00
1.979897e+14	9.823564e-01	1.316208e+00
1.979635e+14	9.862171e-01	1.099803e+00
1.979373e+14	9.903223e-01	8.820662e-01
1.979112e+14	9.942022e-01	6.629528e-01
1.978850e+14	9.973738e-01	4.425880e-01
1.978588e+14	9.994076e-01	2.212672e-01
1.978327e+14	9.999966e-01	-5.721452e-04
1.978066e+14	9.990110e-01	-2.224048e-01
1.977804e+14	9.965235e-01	-4.436892e-01
1.977543e+14	9.927992e-01	-6.639438e-01
1.977282e+14	9.882524e-01	-8.828110e-01
1.977021e+14	9.833814e-01	-1.100100e+00
1.976760e+14	9.786974e-01	-1.315801e+00
1.976499e+14	9.746620e-01	-1.530074e+00
1.976238e+14	9.716390e-01	-1.743217e+00
1.975977e+14	9.698669e-01	-1.955622e+00
1.975716e+14	9.694465e-01	-2.167724e+00
1.975455e+14	9.703442e-01	-2.379954e+00
1.975195e+14	9.724071e-01	-2.592693e+00
1.974934e+14	9.753866e-01	-2.806234e+00
1.974674e+14	9.789719e-01	-3.020764e+00
1.974413e+14	9.828275e-01	3.046840e+00
1.974153e+14	9.866334e-01	2.830256e+00
1.973892e+14	9.901213e-01	2.612816e+00
1.973632e+14	9.931020e-01	2.394729e+00
1.973372e+14	9.954772e-01	2.176230e+00
1.973112e+14	9.972371e-01	1.957542e+00
1.972852e+14	9.984426e-01	1.738852e+00
1.972592e+14	9.991993e-01	1.520287e+00
1.972332e+14	9.996294e-01	1.301915e+00
1.972072e+14	9.998476e-01	1.083753e+00
1.971812e+14	9.999447e-01	8.657779e-01
1.971553e+14	9.999824e-01	6.479479e-01
1.971293e+14	9.999949e-01	4.302161e-01
1.971034e+14	9.999978e-01	2.125394e-01
1.970774e+14	9.999975e-01	-5.118690e-03
1.970515e+14	9.999981e-01	-2.227928e-01
1.970255e+14	1.000003e+00	-4.405238e-01
1.969996e+14	1.000007e+00	-6.583663e-01
1.969737e+14	9.999881e-01	-8.763916e-01
1.969478e+14	9.998867e-01	-1.094682e+00
1.969219e+14	9.995959e-01	-1.313316e+00
1.968960e+14	9.989539e-01	-1.532341e+00
1.968701e+14	9.977512e-01	-1.751748e+00
1.968442e+14	9.957541e-01	-1.971435e+00
1.968183e+14	9.927443e-01	-2.191194e+00
1.967924e+14	9.885695e-01	-2.410705e+00
1.967666e+14	9.831952e-01	-2.629558e+00
1.967407e+14	9.767436e-01	-2.847299e+00
1.967148e+14	9.695091e-01	-3.063491e+00
1.966890e+14	9.619436e-01	3.005400e+00
1.966632e+14	9.546143e-01	2.793195e+00
1.966373e+14	9.481443e-01	2.583076e+00
1.966115e+14	9.431459e-01	2.374811e+00
1.965857e+14	9.401586e-01	2.167951e+00
1.965599e+14	9.395944e-01	1.961843e+00
1.965341e+14	9.416902e-01	1.755679e+00
1.965083e+14	9.464647e-01	1.548555e+00
1.964825e+14	9.536775e-01	1.339543e+00
1.964567e+14	9.627948e-01	1.127792e+00
1.964309e+14	9.729728e-01	9.126367e-01
1.964051e+14	9.830833e-01	6.937301e-01
1.963794e+14	9.918077e-01	4.711548e-01
1.963536e+14	9.978151e-01	2.454987e-01
1.963279e+14	1.000009e+00	1.784318e-02
1.963021e+14	9.977800e-01	-2.103587e-01
1.962764e+14	9.911658e-01	-4.375050e-01
1.962507e+14	9.808591e-01	-6.621130e-01
1.962249e+14	9.680473e-01	-8.830557e-01
1.961992e+14	9.541611e-01	-1.099705e+00
1.961735e+14	9.406234e-01	-1.311963e+00
1.961478e+14	9.286647e-01	-1.520205e+00
1.961221e+14	9.192264e-01	-1.725169e+00
1.960964e+14	9.129328e-01	-1.927837e+00
1.960707e+14	9.101041e-01	-2.129312e+00
1.960450e+14	9.107838e-01	-2.330723e+00
1.960194e+14	9.147672e-01	-2.533137e+00
1.959937e+14	9.216271e-01	-2.737477e+00
1.959681e+14	9.307423e-01	-2.944459e+00
1.959424e+14	9.413398e-01	3.128652e+00
1.959168e+14	9.525583e-01	2.915339e+00
1.958911e+14	9.635377e-01	2.698951e+00
1.958655e+14	9.735231e-01	2.479921e+00
1.958399e+14	9.819630e-01	2.258873e+00
1.958143e+14	9.885719e-01	2.036515e+00
1.957886e+14	9.933388e-01	1.813516e+00
1.957630e+14	9.964779e-01	1.590407e+00
1.957374e+14	9.983411e-01	1.367533e+00
1.957119e+14	9.993196e-01	1.145038e+00
1.956863e+14	9.997631e-01	9.228979e-01
1.956607e+14	9.999315e-01	7.009825e-01
1.956351e+14	9.999841e-01	4.791087e-01
1.956096e+14	9.999973e-01	2.570886e-01
1.955840e+14	9.999988e-01	3.474853e-02
1.955585e+14	9.999992e-01	-1.880796e-01
1.955329e+14	1.000005e+00	-4.115901e-01
1.955074e+14	9.999995e-01	-6.360430e-01
1.954818e+14	9.998924e-01	-8.617926e-01
1.954563e+14	9.994346e-01	-1.089282e+00
1.954308e+14	9.981282e-01	-1.318984e+00
1.954053e+14	9.951594e-01	-1.551274e+00
1.953798e+14	9.894028e-01	-1.786248e+00
1.953543e+14	9.795521e-01	-2.023507e+00
1.953288e+14	9.644012e-01	-2.261985e+00
1.953033e+14	9.432344e-01	-2.499909e+00
1.952779e+14	9.161840e-01	-2.734974e+00
1.952524e+14	8.843728e-01	-2.964708e+00
1.952269e+14	8.497458e-01	3.096251e+00
1.952015e+14	8.146674e-01	2.883035e+00
1.951760e+14	7.814844e-01	2.679468e+00
1.951506e+14	7.522288e-01	2.485319e+00
1.951251e+14	7.285187e-01	2.299608e+00
1.950997e+14	7.116207e-01	2.120735e+00
1.950743e+14	7.025987e-01	1.946575e+00
1.950489e+14	7.024882e-01	1.774463e+00
1.950234e+14	7.124534e-01	1.601076e+00
1.949980e+14	7.338775e-01	1.422157e+00
1.949726e+14	7.682686e-01	1.232080e+00
1.949473e+14	8.166590e-01	1.023287e+00
1.949219e+14	8.777181e-01	7.859594e-01
1.948965e+14	9.433074e-01	5.092018e-01
1.948711e+14	9.921074e-01	1.868316e-01
1.948458e+14	9.920145e-01	-1.706437e-01
1.948204e+14	9.267523e-01	-5.302046e-01
1.947951e+14	8.180751e-01	-8.553397e-01
1.947697e+14	7.020286e-01	-1.129802e+00
1.947444e+14	6.000275e-01	-1.356806e+00
1.947190e+14	5.177006e-01	-1.546613e+00
1.946937e+14	4.534778e-01	-1.709145e+00
1.946684e+14	4.039861e-01	-1.852032e+00
1.946431e+14	3.660419e-01	-1.980758e+00
1.946178e+14	3.371303e-01	-2.099236e+00
1.945925e+14	3.153909e-01	-2.210307e+00
1.945672e+14	2.994930e-01	-2.316103e+00
1.945419e+14	2.885124e-01	-2.418297e+00
1.945166e+14	2.818379e-01	-2.518268e+00
1.944914e+14	2.791075e-01	-2.617223e+00
1.944661e+14	2.801703e-01	-2.716290e+00
1.944408e+14	2.850685e-01	-2.816594e+00
1.944156e+14	2.940377e-01	-2.919331e+00
1.943903e+14	3.075230e-01	-3.025848e+00
1.943651e+14	3.262110e-01	-3.137732e+00
1.943399e+14	3.510746e-01	3.026254e+00
1.943146e+14	3.834213e-01	2.897290e+00
1.942894e+14	4.249155e-01	2.755435e+00
1.942642e+14	4.774983e-01	2.596706e+00
1.942390e+14	5.430268e-01	2.416187e+00
1.942138e+14	6.222952e-01	2.208328e+00
1.941886e+14	7.130586e-01	1.968174e+00
1.941634e+14	8.074443e-01	1.694142e+00
1.941382e+14	8.915886e-01	1.391744e+00
1.941131e+14	9.517011e-01	1.074608e+00
1.940879e+14	9.836666e-01	7.588864e-01
1.940627e+14	9.949416e-01	4.546635e-01
1.940376e+14	9.968501e-01	1.623890e-01
1.940124e+14	9.968767e-01	-1.245596e-01
1.939873e+14	9.955646e-01	-4.153446e-01
1.939622e+14	9.863781e-01	-7.172183e-01
1.939370e+14	9.582600e-01	-1.031008e+00
1.939119e+14	9.026691e-01	-1.348065e+00
1.938868e+14	8.218112e-01	-1.652793e+00
1.938617e+14	7.284540e-01	-1.930828e+00
1.938366e+14	6.368796e-01	-2.175440e+00
1.938115e+14	5.558990e-01	-2.387364e+00
1.937864e+14	4.884548e-01	-2.571219e+00
1.937613e+14	4.340894e-01	-2.732526e+00
1.937362e+14	3.910527e-01	-2.876297e+00
1.937112e+14	3.574035e-01	-3.006628e+00
1.936861e+14	3.314388e-01	-3.126749e+00
1.936611e+14	3.118037e-01	3.043999e+00
1.936360e+14	2.974791e-01	2.937244e+00
1.936110e+14	2.877360e-01	2.834549e+00
1.935859e+14	2.820894e-01	2.734552e+00
1.935609e+14	2.802641e-01	2.636053e+00
1.935359e+14	2.821751e-01	2.537944e+00
1.935109e+14	2.879228e-01	2.439129e+00
1.934858e+14	2.978059e-01	2.338458e+00
1.934608e+14	3.123518e-01	2.234639e+00
1.934358e+14	3.323696e-01	2.126134e+00
1.934109e+14	3.590300e-01	2.011016e+00
1.933859e+14	3.939727e-01	1.886752e+00
1.933609e+14	4.394247e-01	1.749905e+00
1.933359e+14	4.982552e-01	1.595702e+00
1.933110e+14	5.737111e-01	1.417508e+00
1.932860e+14	6.681185e-01	1.206496e+00
1.932610e+14	7.790366e-01	9.526077e-01
1.932361e+14	8.917929e-01	6.494511e-01
1.932112e+14	9.752169e-01	3.049931e-01
1.931862e+14	9.995146e-01	-5.144457e-02
1.931613e+14	9.668810e-01	-3.840379e-01
1.931364e+14	9.059883e-01	-6.740279e-01
1.931115e+14	8.426409e-01	-9.223517e-01
1.930865e+14	7.892099e-01	-1.138472e+00
1.930616e+14	7.491187e-01	-1.332441e+00
1.930368e+14	7.220851e-01	-1.512393e+00
1.930119e+14	7.067744e-01	-1.684447e+00
1.929870e+14	7.017845e-01	-1.853202e+00
1.929621e+14	7.059055e-01	-2.022196e+00
1.929372e+14	7.181050e-01	-2.194238e+00
1.929124e+14	7.374122e-01	-2.371592e+00
1.928875e+14	7.627673e-01	-2.556037e+00
1.928627e+14	7.928704e-01	-2.748847e+00
1.928378e+14	8.260722e-01	-2.950687e+00
1.928130e+14	8.603650e-01	3.121689e+00
1.927882e+14	8.935285e-01	2.902770e+00
1.927633e+14	9.234425e-01	2.677350e+00
1.927385e+14	9.484817e-01	2.447559e+00
1.927137e+14	9.678277e-01	2.215685e+00
1.926889e+14	9.815499e-01	1.983779e+00
1.926641e+14	9.904252e-01	1.753359e+00
1.926393e+14	9.956056e-01	1.525300e+00
1.926145e+14	9.982855e-01	1.299897e+00
1.925897e+14	9.994744e-01	1.077025e+00
1.925650e+14	9.998974e-01	8.563248e-01
1.925402e+14	9.999993e-01	6.373605e-01
1.925154e+14	1.000005e+00	4.197267e-01
1.924907e+14	9.999996e-01	2.030974e-01
1.924659e+14	9.999990e-01	-1.276895e-02
1.924412e+14	9.999980e-01	-2.280527e-01
1.924165e+14	9.999878e-01	-4.429078e-01
1.923917e+14	9.999474e-01	-6.574898e-01
1.923670e+14	9.998183e-01	-8.719670e-01
1.923423e+14	9.994752e-01	-1.086508e+00
1.923176e+14	9.987069e-01	-1.301248e+00
1.922929e+14	9.972194e-01	-1.516239e+00
1.922682e+14	9.946672e-01	-1.731405e+00
1.922435e+14	9.907138e-01	-1.946501e+00
1.922188e+14	9.851111e-01	-2.161111e+00
1.921941e+14	9.777779e-01	-2.374682e+00
1.921694e+14	9.688568e-01	-2.586585e+00
1.921448e+14	9.587284e-01	-2.796217e+00
1.921201e+14	9.479795e-01	-3.003093e+00
1.920955e+14	9.373338e-01	3.076259e+00
1.920708e+14	9.275659e-01	2.875501e+00
1.920462e+14	9.194183e-01	2.677588e+00
1.920215e+14	9.135357e-01	2.482041e+00
1.919969e+14	9.104199e-01	2.288168e+00
1.919723e+14	9.104004e-01	2.095117e+00
1.919477e+14	9.136131e-01	1.901932e+00
1.919231e+14	9.199806e-01	1.707618e+00
1.918985e+14	9.291898e-01	1.511214e+00
1.918739e+14	9.406716e-01	1.311874e+00
1.918493e+14	9.535929e-01	1.108961e+00
1.918247e+14	9.668804e-01	9.021438e-01
1.918001e+14	9.792981e-01	6.914836e-01
1.917756e+14	9.895897e-01	4.774823e-01
1.917510e+14	9.966757e-01	2.610649e-01
1.917264e+14	9.998572e-01	4.347697e-02
1.917019e+14	9.989612e-01	-1.738923e-01
1.916773e+14	9.943683e-01	-3.897224e-01
1.916528e+14	9.869137e-01	-6.029538e-01
1.916283e+14	9.777014e-01	-8.129118e-01
1.916037e+14	9.679001e-01	-1.019345e+00
1.915792e+14	9.585762e-01	-1.222393e+00
1.915547e+14	9.505901e-01	-1.422500e+00
1.915302e+14	9.445523e-01	-1.620321e+00
1.915057e+14	9.408210e-01	-1.816627e+00
1.914812e+14	9.395236e-01	-2.012213e+00
1.914567e+14	9.405862e-01	-2.207840e+00
1.914322e+14	9.437672e-01	-2.404171e+00
1.914077e+14	9.486911e-01	-2.601733e+00
1.913833e+14	9.548864e-01	-2.800887e+00
1.913588e+14	9.618287e-01	-3.001814e+00
1.913344e+14	9.689882e-01	3.078670e+00
1.913099e+14	9.758808e-01	2.874357e+00
1.912855e+14	9.821129e-01	2.668717e+00
1.912610e+14	9.874153e-01	2.462114e+00
1.912366e+14	9.916566e-01	2.254935e+00
1.912122e+14	9.948355e-01	2.047540e+00
1.911877e+14	9.970549e-01	1.840227e+00
1.911633e+14	9.984844e-01	1.633205e+00
1.911389e+14	9.993206e-01	1.426596e+00
1.911145e+14	9.997529e-01	1.220443e+00
1.910901e+14	9.999407e-01	1.014727e+00
1.910657e+14	1.000001e+00	8.093953e-01
1.910413e+14	1.000009e+00	6.043784e-01
1.910170e+14	1.000004e+00	3.996091e-01
1.909926e+14	1.000000e+00	1.950308e-01
1.909682e+14	9.999998e-01	-9.399813e-03
1.909439e+14	1.000000e+00	-2.137158e-01
1.909195e+14	9.999973e-01	-4.179459e-01
1.908952e+14	9.999867e-01	-6.221201e-01
1.908708e+14	9.999564e-01	-8.262732e-01
1.908465e+14	9.998812e-01	-1.030444e+00
1.908222e+14	9.997157e-01	-1.234668e+00
1.907979e+14	9.993919e-01	-1.438971e+00
1.907735e+14	9.988215e-01	-1.643350e+00
1.907492e+14	9.979054e-01	-1.847770e+00
1.907249e+14	9.965482e-01	-2.052148e+00
1.907006e+14	9.946784e-01	-2.256357e+00
1.906763e+14	9.922675e-01	-2.460231e+00
1.906521e+14	9.893473e-01	-2.663583e+00
1.906278e+14	9.860181e-01	-2.866223e+00
1.906035e+14	9.824482e-01	-3.067992e+00
1.905792e+14	9.788622e-01	3.014404e+00
1.905550e+14	9.755210e-01	2.814629e+00
1.905307e+14	9.726953e-01	2.615815e+00
1.905065e+14	9.706379e-01	2.417818e+00
1.904822e+14	9.695567e-01	2.220412e+00
1.904580e+14	9.695919e-01	2.023302e+00
1.904338e+14	9.707975e-01	1.826151e+00
1.904096e+14	9.731301e-01	1.628606e+00
1.903853e+14	9.764438e-01	1.430334e+00
1.903611e+14	9.804944e-01	1.231056e+00
1.903369e+14	9.849531e-01	1.030578e+00
1.903127e+14	9.894320e-01	8.288218e-01
1.902885e+14	9.935212e-01	6.258363e-01
1.902644e+14	9.968343e-01	4.218051e-01
1.902402e+14	9.990566e-01	2.170296e-01
1.902160e+14	9.999878e-01	1.189759e-02
1.901918e+14	9.995701e-01	-1.931618e-01
1.901677e+14	9.978945e-01	-3.977297e-01
1.901435e+14	9.951847e-01	-6.014464e-01
1.901194e+14	9.917624e-01	-8.040505e-01
1.900952e+14	9.880018e-01	-1.005401e+00
1.900711e+14	9.842824e-01	-1.205485e+00
1.900470e+14	9.809488e-01	-1.404404e+00
1.900228e+14	9.782795e-01	-1.602354e+00
1.899987e+14	9.764690e-01	-1.799600e+00
1.899746e+14	9.756195e-01	-1.996439e+00
1.899505e+14	9.757426e-01	-2.193171e+00
1.899264e+14	9.767681e-01	-2.390074e+00
1.899023e+14	9.785582e-01	-2.587376e+00
1.898782e+14	9.809265e-01	-2.785244e+00
1.898542e+14	9.836590e-01	-2.983772e+00
1.898301e+14	9.865373e-01	3.100204e+00
1.898060e+14	9.893597e-01	2.900359e+00
1.897819e+14	9.919595e-01	2.699975e+00
1.897579e+14	9.942174e-01	2.499185e+00
1.897338e+14	9.960671e-01	2.298137e+00
1.897098e+14	9.974930e-01	2.096975e+00
1.896858e+14	9.985218e-01	1.895823e+00
1.896617e+14	9.992106e-01	1.694777e+00
1.896377e+14	9.996322e-01	1.493899e+00
1.896137e+14	9.998622e-01	1.293219e+00
1.895897e+14	9.999686e-01	1.092742e+00
1.895657e+14	1.000006e+00	8.924520e-01
1.895417e+14	1.000011e+00	6.923253e-01
1.895177e+14	1.000006e+00	4.923342e-01
1.894937e+14	1.000002e+00	2.924534e-01
1.894697e+14	1.000000e+00	9.266257e-02
1.894457e+14	1.000001e+00	-1.070537e-01
1.894217e+14	1.000001e+00	-3.067074e-01
1.893978e+14	9.999987e-01	-5.063098e-01
1.893738e+14	9.999908e-01	-7.058734e-01
1.893499e+14	9.999707e-01	-9.054131e-01
1.893259e+14	9.999253e-01	-1.104945e+00
1.893020e+14	9.998328e-01	-1.304484e+00
1.892780e+14	9.996611e-01	-1.504039e+00
1.892541e+14	9.993700e-01	-1.703606e+00
1.892302e+14	9.989148e-01	-1.903168e+00
1.892063e+14	9.982526e-01	-2.102685e+00
1.891824e+14	9.973512e-01	-2.302100e+00
1.891585e+14	9.961969e-01	-2.501336e+00
1.891346e+14	9.948025e-01	-2.700307e+00
1.891107e+14	9.932114e-01	-2.898927e+00
1.890868e+14	9.914986e-01	-3.097120e+00
1.890629e+14	9.897668e-01	2.988354e+00
1.890390e+14	9.881380e-01	2.791145e+00
1.890152e+14	9.867428e-01	2.594418e+00
1.889913e+14	9.857059e-01	2.398112e+00
1.889674e+14	9.851334e-01	2.202123e+00
1.889436e+14	9.850993e-01	2.006314e+00
1.889197e+14	9.856356e-01	1.810524e+00
1.888959e+14	9.867255e-01	1.614583e+00
1.888721e+14	9.883012e-01	1.418331e+00
1.888482e+14	9.902461e-01	1.221629e+00
1.888244e+14	9.924031e-01	1.024380e+00
1.888006e+14	9.945874e-01	8.265413e-01
1.887768e+14	9.966041e-01	6.281284e-01
1.887530e+14	9.982684e-01	4.292193e-01
1.887292e+14	9.994268e-01	2.299471e-01
1.887054e+14	9.999746e-01	3.048745e-02
1.886816e+14	9.998689e-01	-1.689603e-01
1.886578e+14	9.991335e-01	-3.681949e-01
1.886341e+14	9.978547e-01	-5.670346e-01
1.886103e+14	9.961704e-01	-7.653366e-01
1.885865e+14	9.942522e-01	-9.630099e-01
1.885628e+14	9.922855e-01	-1.160022e+00
1.885390e+14	9.904496e-01	-1.356400e+00
1.885153e+14	9.889007e-01	-1.552221e+00
1.884916e+14	9.877584e-01	-1.747603e+00
1.884678e+14	9.870983e-01	-1.942689e+00
1.884441e+14	9.869489e-01	-2.137634e+00
1.884204e+14	9.872930e-01	-2.332585e+00
1.883967e+14	9.880743e-01	-2.527673e+00
1.883730e+14	9.892055e-01	-2.723000e+00
1.883493e+14	9.905799e-01	-2.918630e+00
1.883256e+14	9.920828e-01	-3.114594e+00
1.883019e+14	9.936042e-01	2.972303e+00
1.882782e+14	9.950479e-01	2.775728e+00
1.882545e+14	9.963400e-01	2.578926e+00
1.882309e+14	9.974326e-01	2.381970e+00
1.882072e+14	9.983044e-01	2.184936e+00
1.881835e+14	9.989585e-01	1.987895e+00
1.881599e+14	9.994164e-01	1.790904e+00
1.881362e+14	9.997117e-01	1.594006e+00
1.881126e+14	9.998837e-01	1.397226e+00
1.880890e+14	9.999703e-01	1.200574e+00
1.880653e+14	1.000005e+00	1.004048e+00
1.880417e+14	1.000012e+00	8.076380e-01
1.880181e+14	1.000009e+00	6.113300e-01
1.879945e+14	1.000004e+00	4.151095e-01
1.879709e+14	1.000001e+00	2.189637e-01
1.879473e+14	1.000001e+00	2.288267e-02
1.879237e+14	1.000002e+00	-1.731411e-01
1.879001e+14	1.000002e+00	-3.691136e-01
1.878765e+14	1.000001e+00	-5.650404e-01
1.878529e+14	9.999948e-01	-7.609282e-01
1.878294e+14	9.999811e-01	-9.567849e-01
1.878058e+14	9.999518e-01	-1.152619e+00
1.877822e+14	9.998944e-01	-1.348438e+00
1.877587e+14	9.997914e-01	-1.544246e+00
1.877351e+14	9.996204e-01	-1.740042e+00
1.877116e+14	9.993569e-01	-1.935815e+00
1.876881e+14	9.989775e-01	-2.131542e+00
1.876645e+14	9.984639e-01	-2.327194e+00
1.876410e+14	9.978080e-01	-2.522727e+00
1.876175e+14	9.970155e-01	-2.718095e+00
1.875940e+14	9.961090e-01	-2.913249e+00
1.875705e+14	9.951282e-01	-3.108146e+00
1.875470e+14	9.941289e-01	2.980432e+00
1.875235e+14	9.931787e-01	2.786128e+00
1.875000e+14	9.923511e-01	2.592120e+00
("port 2","TE",1,"port 2",1,"modulation")
(1,1)
0.00000
(500,3)
2.000000e+14	1.462684e-03	-1.965316e+00
1.999733e+14	5.685834e-03	-1.331579e+00
1.999466e+14	1.238717e-02	-1.420539e+00
1.999199e+14	2.116577e-02	-1.592733e+00
1.998932e+14	3.193628e-02	-1.789272e+00
1.998665e+14	4.450902e-02	-1.996104e+00
1.998398e+14	5.856936e-02	-2.208160e+00
1.998131e+14	7.368471e-02	-2.423126e+00
1.997865e+14	8.932272e-02	-2.639758e+00
1.997598e+14	1.048773e-01	-2.857305e+00
1.997332e+14	1.196996e-01	-3.075280e+00
1.997065e+14	1.331318e-01	2.989823e+00
1.996799e+14	1.445383e-01	2.771829e+00
1.996532e+14	1.533345e-01	2.554014e+00
1.996266e+14	1.590089e-01	2.336379e+00
1.996000e+14	1.611408e-01	2.118847e+00
1.995734e+14	1.594135e-01	1.901286e+00
1.995468e+14	1.536258e-01	1.683533e+00
1.995202e+14	1.437029e-01	1.465431e+00
1.994936e+14	1.297083e-01	1.246860e+00
1.994670e+14	1.118551e-01	1.027799e+00
1.994404e+14	9.051446e-02	8.084136e-01
1.994139e+14	6.621750e-02	5.893122e-01
1.993873e+14	3.964603e-02	3.728187e-01
1.993608e+14	1.161370e-02	1.829537e-01
1.993342e+14	1.702153e-02	3.024938e+00
1.993077e+14	4.527424e-02	2.822141e+00
1.992812e+14	7.226349e-02	2.604605e+00
1.992546e+14	9.714800e-02	2.385176e+00
1.992281e+14	1.192050e-01	2.165619e+00
1.992016e+14	1.378562e-01	1.946439e+00
1.991751e+14	1.526807e-01	1.727763e+00
1.991486e+14	1.634169e-01	1.509536e+00
1.991221e+14	1.699559e-01	1.291599e+00
1.990956e+14	1.723313e-01	1.073735e+00
1.990691e+14	1.707098e-01	8.557088e-01
1.990427e+14	1.653806e-01	6.372912e-01
1.990162e+14	1.567469e-01	4.182854e-01
1.989898e+14	1.453141e-01	1.985377e-01
1.989633e+14	1.316744e-01	-2.206042e-02
1.989369e+14	1.164850e-01	-2.435822e-01
1.989104e+14	1.004399e-01	-4.660871e-01
1.988840e+14	8.423492e-02	-6.896534e-01
1.988576e+14	6.853082e-02	-9.144190e-01
1.988312e+14	5.391604e-02	-1.140629e+00
1.988048e+14	4.087422e-02	-1.368678e+00
1.987784e+14	2.975881e-02	-1.599099e+00
1.987520e+14	2.077636e-02	-1.832357e+00
1.987256e+14	1.397890e-02	-2.067934e+00
1.986992e+14	9.265010e-03	-2.301520e+00
1.986729e+14	6.390791e-03	-2.520110e+00
1.986465e+14	4.994095e-03	-2.705813e+00
1.986201e+14	4.621828e-03	-2.862047e+00
1.985938e+14	4.740959e-03	-3.013231e+00
1.985674e+14	4.765737e-03	3.119101e+00
1.985411e+14	4.116818e-03	3.002073e+00
1.985148e+14	2.378583e-03	3.118970e+00
1.984885e+14	2.410240e-03	-1.544987e+00
1.984622e+14	8.029910e-03	-1.275291e+00
1.984358e+14	1.645086e-02	-1.388740e+00
1.984095e+14	2.756778e-02	-1.564019e+00
1.983832e+14	4.133477e-02	-1.759883e+00
1.983570e+14	5.755410e-02	-1.965030e+00
1.983307e+14	7.585842e-02	-2.175060e+00
1.983044e+14	9.571838e-02	-2.387833e+00
1.982781e+14	1.164652e-01	-2.602124e+00
1.982519e+14	1.373254e-01	-2.817135e+00
1.982256e+14	1.574641e-01	-3.032312e+00
1.981994e+14	1.760308e-01	3.035916e+00
1.981732e+14	1.922031e-01	2.821420e+00
1.981469e+14	2.052214e-01	2.607489e+00
1.981207e+14	2.144137e-01	2.394092e+00
1.980945e+14	2.192102e-01	2.181080e+00
1.980683e+14	2.191515e-01	1.968203e+00
1.980421e+14	2.138947e-01	1.755139e+00
1.980159e+14	2.032229e-01	1.541544e+00
1.979897e+14	1.870620e-01	1.327091e+00
1.979635e+14	1.655059e-01	1.111540e+00
1.979373e+14	1.388467e-01	8.948068e-01
1.979112e+14	1.076040e-01	6.770930e-01
1.978850e+14	7.254186e-02	4.592778e-01
1.978588e+14	3.466196e-02	2.458146e-01
1.978327e+14	4.872148e-03	3.046577e+00
1.978066e+14	4.465419e-02	2.917922e+00
1.977804e+14	8.341442e-02	2.701949e+00
1.977543e+14	1.198612e-01	2.483510e+00
1.977282e+14	1.528857e-01	2.265461e+00
1.977021e+14	1.815980e-01	2.048533e+00
1.976760e+14	2.053484e-01	1.832921e+00
1.976499e+14	2.237199e-01	1.618537e+00
1.976238e+14	2.365038e-01	1.405114e+00
1.975977e+14	2.436691e-01	1.192268e+00
1.975716e+14	2.453365e-01	9.795580e-01
1.975455e+14	2.417614e-01	7.665362e-01
1.975195e+14	2.333261e-01	5.527937e-01
1.974934e+14	2.205393e-01	3.379944e-01
1.974674e+14	2.040360e-01	1.218954e-01
1.974413e+14	1.845724e-01	-9.564798e-02
1.974153e+14	1.630080e-01	-3.146972e-01
1.973892e+14	1.402743e-01	-5.352641e-01
1.973632e+14	1.173276e-01	-7.573648e-01
1.973372e+14	9.509206e-02	-9.810903e-01
1.973112e+14	7.440145e-02	-1.206695e+00
1.972852e+14	5.594529e-02	-1.434697e+00
1.972592e+14	4.022785e-02	-1.665973e+00
1.972332e+14	2.754187e-02	-1.901730e+00
1.972072e+14	1.795715e-02	-2.142818e+00
1.971812e+14	1.132158e-02	-2.386557e+00
1.971553e+14	7.274534e-03	-2.617670e+00
1.971293e+14	5.283738e-03	-2.803280e+00
1.971034e+14	4.701541e-03	-2.934213e+00
1.970774e+14	4.771534e-03	-3.049866e+00
1.970515e+14	4.646682e-03	3.124621e+00
1.970255e+14	3.523414e-03	3.115099e+00
1.969996e+14	1.843207e-03	-2.195706e+00
1.969737e+14	6.460805e-03	-1.224253e+00
1.969478e+14	1.563899e-02	-1.253880e+00
1.969219e+14	2.874213e-02	-1.405882e+00
1.968960e+14	4.592676e-02	-1.591673e+00
1.968701e+14	6.716180e-02	-1.791542e+00
1.968442e+14	9.215150e-02	-1.998582e+00
1.968183e+14	1.203199e-01	-2.209612e+00
1.967924e+14	1.508257e-01	-2.422816e+00
1.967666e+14	1.826068e-01	-2.636950e+00
1.967407e+14	2.144525e-01	-2.851063e+00
1.967148e+14	2.450915e-01	-3.064404e+00
1.966890e+14	2.732803e-01	3.006769e+00
1.966632e+14	2.978738e-01	2.796421e+00
1.966373e+14	3.178673e-01	2.587832e+00
1.966115e+14	3.324047e-01	2.380844e+00
1.965857e+14	3.407620e-01	2.175062e+00
1.965599e+14	3.423145e-01	1.969877e+00
1.965341e+14	3.365063e-01	1.764515e+00
1.965083e+14	3.228339e-01	1.558103e+00
1.964825e+14	3.008596e-01	1.349745e+00
1.964567e+14	2.702661e-01	1.138628e+00
1.964309e+14	2.309587e-01	9.241499e-01
1.964051e+14	1.832090e-01	7.060914e-01
1.963794e+14	1.278133e-01	4.849006e-01
1.963536e+14	6.621199e-02	2.629591e-01
1.963279e+14	6.940902e-04	8.052165e-01
1.963021e+14	6.674101e-02	2.934218e+00
1.962764e+14	1.327007e-01	2.710694e+00
1.962507e+14	1.947673e-01	2.487193e+00
1.962249e+14	2.508047e-01	2.266684e+00
1.961992e+14	2.993237e-01	2.050157e+00
1.961735e+14	3.394781e-01	1.837827e+00
1.961478e+14	3.709437e-01	1.629360e+00
1.961221e+14	3.937510e-01	1.424034e+00
1.960964e+14	4.081306e-01	1.220867e+00
1.960707e+14	4.144000e-01	1.018744e+00
1.960450e+14	4.129040e-01	8.165159e-01
1.960194e+14	4.040023e-01	6.130883e-01
1.959937e+14	3.880988e-01	4.074948e-01
1.959681e+14	3.656996e-01	1.989628e-01
1.959424e+14	3.374865e-01	-1.303556e-02
1.959168e+14	3.043859e-01	-2.287563e-01
1.958911e+14	2.676073e-01	-4.481929e-01
1.958655e+14	2.286300e-01	-6.711368e-01
1.958399e+14	1.891241e-01	-8.972965e-01
1.958143e+14	1.508145e-01	-1.126474e+00
1.957886e+14	1.153155e-01	-1.358798e+00
1.957630e+14	8.397318e-02	-1.595017e+00
1.957374e+14	5.774857e-02	-1.836881e+00
1.957119e+14	3.715135e-02	-2.087565e+00
1.956863e+14	2.221991e-02	-2.351330e+00
1.956607e+14	1.252738e-02	-2.627423e+00
1.956351e+14	7.203188e-03	-2.881436e+00
1.956096e+14	5.051223e-03	-3.020241e+00
1.955840e+14	4.747471e-03	-3.048201e+00
1.955585e+14	4.688253e-03	-3.053804e+00
1.955329e+14	3.335059e-03	-2.806532e+00
1.955074e+14	4.645608e-03	-1.393856e+00
1.954818e+14	1.535960e-02	-1.126016e+00
1.954563e+14	3.393283e-02	-1.227398e+00
1.954308e+14	6.132817e-02	-1.402723e+00
1.954053e+14	9.838264e-02	-1.605630e+00
1.953798e+14	1.452704e-01	-1.822652e+00
1.953543e+14	2.012441e-01	-2.048052e+00
1.953288e+14	2.644840e-01	-2.278254e+00
1.953033e+14	3.321596e-01	-2.510163e+00
1.952779e+14	4.007836e-01	-2.740714e+00
1.952524e+14	4.668024e-01	-2.966976e+00
1.952269e+14	5.272105e-01	3.096710e+00
1.952015e+14	5.799439e-01	2.885673e+00
1.951760e+14	6.239382e-01	2.683872e+00
1.951506e+14	6.589141e-01	2.491173e+00
1.951251e+14	6.850370e-01	2.306663e+00
1.950997e+14	7.025742e-01	2.128795e+00
1.950743e+14	7.115962e-01	1.955482e+00
1.950489e+14	7.117052e-01	1.784091e+00
1.950234e+14	7.017295e-01	1.611323e+00
1.949980e+14	6.792928e-01	1.432943e+00
1.949726e+14	6.401402e-01	1.243347e+00
1.949473e+14	5.771361e-01	1.035010e+00
1.949219e+14	4.791994e-01	7.981706e-01
1.948965e+14	3.319582e-01	5.221324e-01
1.948711e+14	1.255066e-01	2.023970e-01
1.948458e+14	1.262468e-01	2.978988e+00
1.948204e+14	3.757122e-01	2.622126e+00
1.947951e+14	5.751334e-01	2.297534e+00
1.947697e+14	7.121633e-01	2.023275e+00
1.947444e+14	7.999899e-01	1.796334e+00
1.947190e+14	8.555700e-01	1.606498e+00
1.946937e+14	8.912742e-01	1.443865e+00
1.946684e+14	9.147707e-01	1.300812e+00
1.946431e+14	9.306032e-01	1.171853e+00
1.946178e+14	9.414623e-01	1.053074e+00
1.945925e+14	9.489658e-01	9.416266e-01
1.945672e+14	9.541021e-01	8.353675e-01
1.945419e+14	9.574796e-01	7.326127e-01
1.945166e+14	9.594653e-01	6.319660e-01
1.944914e+14	9.602630e-01	5.321977e-01
1.944661e+14	9.599534e-01	4.321509e-01
1.944408e+14	9.585102e-01	3.306616e-01
1.944156e+14	9.557969e-01	2.264816e-01
1.943903e+14	9.515439e-01	1.181942e-01
1.943651e+14	9.453003e-01	4.112954e-03
1.943399e+14	9.363511e-01	-1.178468e-01
1.943146e+14	9.235775e-01	-2.503354e-01
1.942894e+14	9.052376e-01	-3.967803e-01
1.942642e+14	8.786381e-01	-5.616288e-01
1.942390e+14	8.397221e-01	-7.505444e-01
1.942138e+14	7.827912e-01	-9.703459e-01
1.941886e+14	7.011161e-01	-1.228281e+00
1.941634e+14	5.899603e-01	-1.530408e+00
1.941382e+14	4.528707e-01	-1.880853e+00
1.941131e+14	3.070649e-01	-2.289491e+00
1.940879e+14	1.800676e-01	-2.804664e+00
1.940627e+14	1.005755e-01	2.721560e+00
1.940376e+14	7.945953e-02	1.873114e+00
1.940124e+14	7.912558e-02	1.539940e+00
1.939873e+14	9.421132e-02	1.760182e+00
1.939622e+14	1.645713e-01	1.955243e+00
1.939370e+14	2.859432e-01	1.867457e+00
1.939119e+14	4.303645e-01	1.652210e+00
1.938868e+14	5.697802e-01	1.399989e+00
1.938617e+14	6.851095e-01	1.152250e+00
1.938366e+14	7.709745e-01	9.266272e-01
1.938115e+14	8.312588e-01	7.273667e-01
1.937864e+14	8.725965e-01	5.523665e-01
1.937613e+14	9.008759e-01	3.974847e-01
1.937362e+14	9.203736e-01	2.585195e-01
1.937112e+14	9.339547e-01	1.318696e-01
1.936861e+14	9.434809e-01	1.462614e-02
1.936611e+14	9.501503e-01	-9.552461e-02
1.936360e+14	9.547318e-01	-2.004368e-01
1.936110e+14	9.577131e-01	-3.016303e-01
1.935859e+14	9.593913e-01	-4.003941e-01
1.935609e+14	9.599260e-01	-4.978711e-01
1.935359e+14	9.593659e-01	-5.951312e-01
1.935109e+14	9.576565e-01	-6.932383e-01
1.934858e+14	9.546294e-01	-7.933200e-01
1.934608e+14	9.499695e-01	-8.966496e-01
1.934358e+14	9.431524e-01	-1.004751e+00
1.934109e+14	9.333293e-01	-1.119542e+00
1.933859e+14	9.191258e-01	-1.243548e+00
1.933609e+14	8.982837e-01	-1.380200e+00
1.933359e+14	8.670355e-01	-1.534271e+00
1.933110e+14	8.190642e-01	-1.712397e+00
1.932860e+14	7.440638e-01	-1.923415e+00
1.932610e+14	6.269918e-01	-2.177412e+00
1.932361e+14	4.524668e-01	-2.480871e+00
1.932112e+14	2.213054e-01	-2.826351e+00
1.931862e+14	3.154971e-02	-2.703203e-02
1.931613e+14	2.552731e-01	-3.708026e-01
1.931364e+14	4.233269e-01	-6.616429e-01
1.931115e+14	5.384925e-01	-9.104466e-01
1.930865e+14	6.141364e-01	-1.126989e+00
1.930616e+14	6.624467e-01	-1.321397e+00
1.930368e+14	6.918140e-01	-1.501835e+00
1.930119e+14	7.074481e-01	-1.674446e+00
1.929870e+14	7.123983e-01	-1.843847e+00
1.929621e+14	7.083151e-01	-2.013597e+00
1.929372e+14	6.959442e-01	-2.186531e+00
1.929124e+14	6.754530e-01	-2.364943e+00
1.928875e+14	6.466840e-01	-2.550653e+00
1.928627e+14	6.094027e-01	-2.744987e+00
1.928378e+14	5.635784e-01	-2.948683e+00
1.928130e+14	5.096950e-01	3.121406e+00
1.927882e+14	4.490264e-01	2.899628e+00
1.927633e+14	3.837611e-01	2.670576e+00
1.927385e+14	3.168627e-01	2.436077e+00
1.927137e+14	2.516535e-01	2.197946e+00
1.926889e+14	1.912591e-01	1.957461e+00
1.926641e+14	1.381242e-01	1.714800e+00
1.926393e+14	9.375527e-02	1.468317e+00
1.926145e+14	5.870703e-02	1.212980e+00
1.925897e+14	3.273368e-02	9.352627e-01
1.925650e+14	1.502130e-02	5.893490e-01
1.925402e+14	4.667157e-03	-1.041224e-01
1.925154e+14	3.208200e-03	-1.950130e+00
1.924907e+14	4.620055e-03	-2.661257e+00
1.924659e+14	4.753536e-03	-3.095521e+00
1.924412e+14	4.959383e-03	2.777340e+00
1.924165e+14	6.712290e-03	2.465139e+00
1.923917e+14	1.122075e-02	2.275422e+00
1.923670e+14	1.960024e-02	2.118183e+00
1.923423e+14	3.271421e-02	1.950122e+00
1.923176e+14	5.104263e-02	1.767393e+00
1.922929e+14	7.466161e-02	1.574060e+00
1.922682e+14	1.032382e-01	1.373848e+00
1.922435e+14	1.360406e-01	1.169373e+00
1.922188e+14	1.719798e-01	9.625194e-01
1.921941e+14	2.096928e-01	7.547575e-01
1.921694e+14	2.476631e-01	5.472983e-01
1.921448e+14	2.843592e-01	3.411293e-01
1.921201e+14	3.183628e-01	1.369938e-01
1.920955e+14	3.484608e-01	-6.464517e-02
1.920708e+14	3.736854e-01	-2.636275e-01
1.920462e+14	3.933053e-01	-4.600932e-01
1.920215e+14	4.067818e-01	-6.544563e-01
1.919969e+14	4.137080e-01	-8.473594e-01
1.919723e+14	4.137509e-01	-1.039619e+00
1.919477e+14	4.066077e-01	-1.232166e+00
1.919231e+14	3.919880e-01	-1.425975e+00
1.918985e+14	3.696289e-01	-1.621997e+00
1.918739e+14	3.393472e-01	-1.821075e+00
1.918493e+14	3.011323e-01	-2.023854e+00
1.918247e+14	2.552700e-01	-2.230691e+00
1.918001e+14	2.024753e-01	-2.441597e+00
1.917756e+14	1.439915e-01	-2.656279e+00
1.917510e+14	8.160460e-02	-2.874696e+00
1.917264e+14	1.753508e-02	-3.109424e+00
1.917019e+14	4.580909e-02	-1.551356e-01
1.916773e+14	1.060823e-01	-3.758388e-01
1.916528e+14	1.613162e-01	-5.904918e-01
1.916283e+14	2.100505e-01	-8.012462e-01
1.916037e+14	2.513768e-01	-1.008289e+00
1.915792e+14	2.848723e-01	-1.211895e+00
1.915547e+14	3.104814e-01	-1.412569e+00
1.915302e+14	3.283916e-01	-1.611004e+00
1.915057e+14	3.389333e-01	-1.807993e+00
1.914812e+14	3.425133e-01	-2.004360e+00
1.914567e+14	3.395844e-01	-2.200887e+00
1.914322e+14	3.306412e-01	-2.398269e+00
1.914077e+14	3.162364e-01	-2.597070e+00
1.913833e+14	2.970056e-01	-2.797699e+00
1.913588e+14	2.736902e-01	-3.000399e+00
1.913344e+14	2.471493e-01	3.077932e+00
1.913099e+14	2.183528e-01	2.870966e+00
1.912855e+14	1.883498e-01	2.662010e+00
1.912610e+14	1.582169e-01	2.451182e+00
1.912366e+14	1.289922e-01	2.238498e+00
1.912122e+14	1.016082e-01	2.023727e+00
1.911877e+14	7.683366e-02	1.806165e+00
1.911633e+14	5.523425e-02	1.584193e+00
1.911389e+14	3.715385e-02	1.354211e+00
1.911145e+14	2.271696e-02	1.107359e+00
1.910901e+14	1.185462e-02	8.157383e-01
1.910657e+14	4.421344e-03	3.301664e-01
1.910413e+14	1.919885e-03	-1.488670e+00
1.910170e+14	3.792007e-03	-2.409860e+00
1.909926e+14	4.675735e-03	-2.780111e+00
1.909682e+14	4.753818e-03	-3.088156e+00
1.909439e+14	4.713380e-03	2.891300e+00
1.909195e+14	5.251733e-03	2.605536e+00
1.908952e+14	6.987465e-03	2.372505e+00
1.908708e+14	1.045868e-02	2.183952e+00
1.908465e+14	1.612268e-02	2.008869e+00
1.908222e+14	2.430925e-02	1.831080e+00
1.907979e+14	3.518936e-02	1.647149e+00
1.907735e+14	4.876432e-02	1.457816e+00
1.907492e+14	6.486379e-02	1.264489e+00
1.907249e+14	8.315110e-02	1.068389e+00
1.907006e+14	1.031377e-01	8.704573e-01
1.906763e+14	1.242075e-01	6.714220e-01
1.906521e+14	1.456510e-01	4.718575e-01
1.906278e+14	1.667050e-01	2.722200e-01
1.906035e+14	1.865951e-01	7.285926e-02
1.905792e+14	2.045746e-01	-1.259816e-01
1.905550e+14	2.199560e-01	-3.241703e-01
1.905307e+14	2.321328e-01	-5.216881e-01
1.905065e+14	2.405905e-01	-7.186249e-01
1.904822e+14	2.449111e-01	-9.151682e-01
1.904580e+14	2.447721e-01	-1.111583e+00
1.904338e+14	2.399460e-01	-1.308188e+00
1.904096e+14	2.303036e-01	-1.505323e+00
1.903853e+14	2.158227e-01	-1.703315e+00
1.903611e+14	1.966032e-01	-1.902451e+00
1.903369e+14	1.728866e-01	-2.102944e+00
1.903127e+14	1.450754e-01	-2.304928e+00
1.902885e+14	1.137466e-01	-2.508485e+00
1.902644e+14	7.965083e-02	-2.713815e+00
1.902402e+14	4.369195e-02	-2.922306e+00
1.902160e+14	6.891682e-03	3.111693e+00
1.901918e+14	2.971093e-02	-1.707090e-01
1.901677e+14	6.503612e-02	-3.820120e-01
1.901435e+14	9.813469e-02	-5.878067e-01
1.901194e+14	1.281803e-01	-7.915410e-01
1.900952e+14	1.545163e-01	-9.937047e-01
1.900711e+14	1.766658e-01	-1.194485e+00
1.900470e+14	1.943247e-01	-1.394071e+00
1.900228e+14	2.073443e-01	-1.592709e+00
1.899987e+14	2.157097e-01	-1.790697e+00
1.899746e+14	2.195199e-01	-1.988358e+00
1.899505e+14	2.189720e-01	-2.186022e+00
1.899264e+14	2.143514e-01	-2.383995e+00
1.899023e+14	2.060250e-01	-2.582544e+00
1.898782e+14	1.944374e-01	-2.781879e+00
1.898542e+14	1.801048e-01	-2.982154e+00
1.898301e+14	1.636064e-01	3.099717e+00
1.898060e+14	1.455694e-01	2.897300e+00
1.897819e+14	1.266473e-01	2.693725e+00
1.897579e+14	1.074937e-01	2.488901e+00
1.897338e+14	8.873299e-02	2.282638e+00
1.897098e+14	7.093049e-02	2.074541e+00
1.896858e+14	5.456719e-02	1.863827e+00
1.896617e+14	4.001973e-02	1.648934e+00
1.896377e+14	2.754832e-02	1.426545e+00
1.896137e+14	1.729340e-02	1.188556e+00
1.895897e+14	9.285860e-03	9.091643e-01
1.895657e+14	3.524861e-03	4.449877e-01
1.895417e+14	1.563466e-03	-1.462130e+00
1.895177e+14	3.442873e-03	-2.341398e+00
1.894937e+14	4.506639e-03	-2.681481e+00
1.894697e+14	4.783235e-03	-2.956192e+00
1.894457e+14	4.683632e-03	3.061965e+00
1.894217e+14	4.655029e-03	2.796404e+00
1.893978e+14	5.129191e-03	2.543973e+00
1.893738e+14	6.491804e-03	2.323583e+00
1.893499e+14	9.076258e-03	2.131791e+00
1.893259e+14	1.315693e-02	1.951592e+00
1.893020e+14	1.892778e-02	1.771732e+00
1.892780e+14	2.648587e-02	1.588506e+00
1.892541e+14	3.582432e-02	1.401622e+00
1.892302e+14	4.683114e-02	1.211746e+00
1.892063e+14	5.929251e-02	1.019640e+00
1.891824e+14	7.290079e-02	8.259498e-01
1.891585e+14	8.726750e-02	6.311865e-01
1.891346e+14	1.019407e-01	4.357505e-01
1.891107e+14	1.164259e-01	2.399546e-01
1.890868e+14	1.302088e-01	4.403820e-02
1.890629e+14	1.427779e-01	-1.518261e-01
1.890390e+14	1.536455e-01	-3.475300e-01
1.890152e+14	1.623651e-01	-5.430277e-01
1.889913e+14	1.685453e-01	-7.383330e-01
1.889674e+14	1.718600e-01	-9.335135e-01
1.889436e+14	1.720555e-01	-1.128681e+00
1.889197e+14	1.689564e-01	-1.323978e+00
1.888959e+14	1.624701e-01	-1.519565e+00
1.888721e+14	1.525929e-01	-1.715602e+00
1.888482e+14	1.394150e-01	-1.912237e+00
1.888244e+14	1.231262e-01	-2.109596e+00
1.888006e+14	1.040194e-01	-2.307788e+00
1.887768e+14	8.248987e-02	-2.506952e+00
1.887530e+14	5.902936e-02	-2.707442e+00
1.887292e+14	3.421197e-02	-2.910852e+00
1.887054e+14	8.675892e-03	-3.139247e+00
1.886816e+14	1.693088e-02	-1.387311e-01
1.886578e+14	4.191483e-02	-3.499466e-01
1.886341e+14	6.565404e-02	-5.519042e-01
1.886103e+14	8.757241e-02	-7.517666e-01
1.885865e+14	1.071772e-01	-9.504843e-01
1.885628e+14	1.240719e-01	-1.148335e+00
1.885390e+14	1.379631e-01	-1.345473e+00
1.885153e+14	1.486596e-01	-1.542042e+00
1.884916e+14	1.560691e-01	-1.738204e+00
1.884678e+14	1.601908e-01	-1.934133e+00
1.884441e+14	1.611092e-01	-2.130013e+00
1.884204e+14	1.589865e-01	-2.326022e+00
1.883967e+14	1.540565e-01	-2.522324e+00
1.883730e+14	1.466177e-01	-2.719062e+00
1.883493e+14	1.370255e-01	-2.916356e+00
1.883256e+14	1.256827e-01	-3.114303e+00
1.883019e+14	1.130280e-01	2.970194e+00
1.882782e+14	9.952045e-02	2.770671e+00
1.882545e+14	8.562316e-02	2.570183e+00
1.882309e+14	7.178476e-02	2.368516e+00
1.882072e+14	5.842132e-02	2.165297e+00
1.881835e+14	4.589959e-02	1.959852e+00
1.881599e+14	3.452315e-02	1.750908e+00
1.881362e+14	2.452240e-02	1.535860e+00
1.881126e+14	1.604939e-02	1.308620e+00
1.880890e+14	9.180326e-03	1.051115e+00
1.880653e+14	3.949707e-03	6.771334e-01
1.880417e+14	1.134972e-03	-8.667737e-01
1.880181e+14	2.822202e-03	-2.185200e+00
1.879945e+14	4.162167e-03	-2.544622e+00
1.879709e+14	4.725649e-03	-2.809936e+00
1.879473e+14	4.769898e-03	-3.055926e+00
1.879237e+14	4.605055e-03	2.982631e+00
1.879001e+14	4.550649e-03	2.736950e+00
1.878765e+14	4.912253e-03	2.500528e+00
1.878529e+14	5.963725e-03	2.286403e+00
1.878294e+14	7.940408e-03	2.094056e+00
1.878058e+14	1.103325e-02	1.912536e+00
1.877822e+14	1.537631e-02	1.732892e+00
1.877587e+14	2.103616e-02	1.551325e+00
1.877351e+14	2.800674e-02	1.367021e+00
1.877116e+14	3.620845e-02	1.180247e+00
1.876881e+14	4.549027e-02	9.915255e-01
1.876645e+14	5.563499e-02	8.013507e-01
1.876410e+14	6.636748e-02	6.101328e-01
1.876175e+14	7.736569e-02	4.181963e-01
1.875940e+14	8.827394e-02	2.257944e-01
1.875705e+14	9.871769e-02	3.312100e-02
1.875470e+14	1.083188e-01	-1.596804e-01
1.875235e+14	1.167103e-01	-3.525126e-01
1.875000e+14	1.235500e-01	-5.453208e-01
