("port 1","TE",1,"port 1",1,"modulation")
(1,1)
0.00286
(500,3)
2.000000e+14	3.943366e-02	-1.152027e+00
1.999733e+14	2.971397e-02	-1.381932e+00
1.999466e+14	2.155475e-02	-1.613590e+00
1.999199e+14	1.508746e-02	-1.846724e+00
1.998932e+14	1.032109e-02	-2.079204e+00
1.998665e+14	7.145533e-03	-2.304338e+00
1.998398e+14	5.343434e-03	-2.510100e+00
1.998131e+14	4.609033e-03	-2.690855e+00
1.997865e+14	4.563306e-03	-2.860272e+00
1.997598e+14	4.769446e-03	-3.032356e+00
1.997332e+14	4.764886e-03	3.080779e+00
1.997065e+14	4.103085e-03	2.941321e+00
1.996799e+14	2.452459e-03	2.978618e+00
1.996532e+14	1.767908e-03	-1.738108e+00
1.996266e+14	6.410793e-03	-1.332992e+00
1.996000e+14	1.337062e-02	-1.440137e+00
1.995734e+14	2.239777e-02	-1.616565e+00
1.995468e+14	3.339773e-02	-1.814620e+00
1.995202e+14	4.616581e-02	-2.022100e+00
1.994936e+14	6.037274e-02	-2.234440e+00
1.994670e+14	7.557329e-02	-2.449506e+00
1.994404e+14	9.122551e-02	-2.666134e+00
1.994139e+14	1.067174e-01	-2.883611e+00
1.993873e+14	1.213986e-01	-3.101473e+00
1.993608e+14	1.346131e-01	2.963771e+00
1.993342e+14	1.457314e-01	2.745931e+00
1.993077e+14	1.541775e-01	2.528273e+00
1.992812e+14	1.594506e-01	2.310788e+00
1.992546e+14	1.611424e-01	2.093391e+00
1.992281e+14	1.589498e-01	1.875947e+00
1.992016e+14	1.526860e-01	1.658293e+00
1.991751e+14	1.422919e-01	1.440271e+00
1.991486e+14	1.278475e-01	1.221773e+00
1.991221e+14	1.095834e-01	1.002793e+00
1.990956e+14	8.788850e-02	7.835295e-01
1.990691e+14	6.331085e-02	5.646811e-01
1.990427e+14	3.654698e-02	3.490517e-01
1.990162e+14	8.425234e-03	1.757111e-01
1.989898e+14	2.020339e-02	3.005031e+00
1.989633e+14	4.834414e-02	2.798270e+00
1.989369e+14	7.512468e-02	2.580470e+00
1.989104e+14	9.971695e-02	2.361111e+00
1.988840e+14	1.214142e-01	2.141710e+00
1.988576e+14	1.396559e-01	1.922711e+00
1.988312e+14	1.540394e-01	1.704214e+00
1.988048e+14	1.643203e-01	1.486152e+00
1.987784e+14	1.704057e-01	1.268357e+00
1.987520e+14	1.723441e-01	1.050610e+00
1.987256e+14	1.703150e-01	8.326739e-01
1.986992e+14	1.646200e-01	6.143237e-01
1.986729e+14	1.556727e-01	3.953664e-01
1.986465e+14	1.439875e-01	1.756533e-01
1.986201e+14	1.301636e-01	-4.492017e-02
1.985938e+14	1.148624e-01	-2.664249e-01
1.985674e+14	9.877839e-02	-4.889212e-01
1.985411e+14	8.260448e-02	-7.124922e-01
1.985148e+14	6.699451e-02	-9.372859e-01
1.984885e+14	5.252670e-02	-1.163562e+00
1.984622e+14	3.967181e-02	-1.391733e+00
1.984358e+14	2.876855e-02	-1.622344e+00
1.984095e+14	2.000796e-02	-1.855824e+00
1.983832e+14	1.342657e-02	-2.091448e+00
1.983570e+14	8.908436e-03	-2.324260e+00
1.983307e+14	6.197157e-03	-2.540227e+00
1.983044e+14	4.921405e-03	-2.722098e+00
1.982781e+14	4.620968e-03	-2.876418e+00
1.982519e+14	4.756945e-03	-3.027483e+00
1.982256e+14	4.742298e-03	3.106269e+00
1.981994e+14	4.003665e-03	2.997358e+00
1.981732e+14	2.176834e-03	-3.102945e+00
1.981469e+14	2.791364e-03	-1.465054e+00
1.981207e+14	8.698260e-03	-1.281020e+00
1.980945e+14	1.736163e-02	-1.403864e+00
1.980683e+14	2.871870e-02	-1.581640e+00
1.980421e+14	4.271180e-02	-1.778436e+00
1.980159e+14	5.912821e-02	-1.983975e+00
1.979897e+14	7.758597e-02	-2.194157e+00
1.979635e+14	9.754296e-02	-2.406956e+00
1.979373e+14	1.183206e-01	-2.621194e+00
1.979112e+14	1.391395e-01	-2.836101e+00
1.978850e+14	1.591628e-01	-3.051136e+00
1.978588e+14	1.775424e-01	3.017257e+00
1.978327e+14	1.934614e-01	2.802937e+00
1.978066e+14	2.061682e-01	2.589183e+00
1.977804e+14	2.150004e-01	2.375953e+00
1.977543e+14	2.193983e-01	2.163088e+00
1.977282e+14	2.189128e-01	1.950332e+00
1.977021e+14	2.132118e-01	1.737362e+00
1.976760e+14	2.020898e-01	1.523830e+00
1.976499e+14	1.854861e-01	1.309418e+00
1.976238e+14	1.635092e-01	1.093895e+00
1.975977e+14	1.364685e-01	8.771945e-01
1.975716e+14	1.049023e-01	6.595529e-01
1.975455e+14	6.959325e-02	4.419518e-01
1.975195e+14	3.155921e-02	2.297294e-01
1.974934e+14	8.015967e-03	3.069875e+00
1.974674e+14	4.775209e-02	2.901269e+00
1.974413e+14	8.635393e-02	2.684968e+00
1.974153e+14	1.225517e-01	2.466637e+00
1.973892e+14	1.552540e-01	2.248782e+00
1.973632e+14	1.835905e-01	2.032075e+00
1.973372e+14	2.069309e-01	1.816682e+00
1.973112e+14	2.248757e-01	1.602500e+00
1.972852e+14	2.372309e-01	1.389252e+00
1.972592e+14	2.439779e-01	1.176548e+00
1.972332e+14	2.452475e-01	9.639450e-01
1.972072e+14	2.413042e-01	7.509980e-01
1.971812e+14	2.325389e-01	5.373028e-01
1.971553e+14	2.194686e-01	3.225297e-01
1.971293e+14	2.027364e-01	1.064433e-01
1.971034e+14	1.831050e-01	-1.110948e-01
1.970774e+14	1.614393e-01	-3.301414e-01
1.970515e+14	1.386723e-01	-5.507077e-01
1.970255e+14	1.157585e-01	-7.728135e-01
1.969996e+14	9.361630e-02	-9.965596e-01
1.969737e+14	7.306961e-02	-1.222217e+00
1.969478e+14	5.479540e-02	-1.450328e+00
1.969219e+14	3.928346e-02	-1.681801e+00
1.968960e+14	2.681132e-02	-1.917854e+00
1.968701e+14	1.743372e-02	-2.159255e+00
1.968442e+14	1.098444e-02	-2.402839e+00
1.968183e+14	7.090616e-03	-2.632039e+00
1.967924e+14	5.211775e-03	-2.813504e+00
1.967666e+14	4.695204e-03	-2.941634e+00
1.967407e+14	4.778664e-03	-3.056780e+00
1.967148e+14	4.614039e-03	3.120140e+00
1.966890e+14	3.411954e-03	3.127125e+00
1.966632e+14	1.906376e-03	-2.060677e+00
1.966373e+14	6.912169e-03	-1.218469e+00
1.966115e+14	1.631692e-02	-1.261938e+00
1.965857e+14	2.965346e-02	-1.416756e+00
1.965599e+14	4.707208e-02	-1.603471e+00
1.965341e+14	6.852701e-02	-1.803700e+00
1.965083e+14	9.370661e-02	-2.010868e+00
1.964825e+14	1.220197e-01	-2.221910e+00
1.964567e+14	1.526120e-01	-2.435052e+00
1.964309e+14	1.844126e-01	-2.649070e+00
1.964051e+14	2.162070e-01	-2.863024e+00
1.963794e+14	2.467251e-01	-3.076174e+00
1.963536e+14	2.747293e-01	2.995211e+00
1.963279e+14	2.990834e-01	2.785081e+00
1.963021e+14	3.187923e-01	2.576705e+00
1.962764e+14	3.330092e-01	2.369913e+00
1.962507e+14	3.410174e-01	2.164296e+00
1.962249e+14	3.421975e-01	1.959238e+00
1.961992e+14	3.359975e-01	1.753959e+00
1.961735e+14	3.219174e-01	1.547584e+00
1.961478e+14	2.995247e-01	1.339221e+00
1.961221e+14	2.685111e-01	1.128065e+00
1.960964e+14	2.287965e-01	9.135302e-01
1.960707e+14	1.806744e-01	6.954222e-01
1.960450e+14	1.249692e-01	4.742374e-01
1.960194e+14	6.315147e-02	2.525778e-01
1.959937e+14	2.708146e-03	2.977451e+00
1.959681e+14	6.986576e-02	2.923939e+00
1.959424e+14	1.356645e-01	2.700390e+00
1.959168e+14	1.974636e-01	2.477112e+00
1.958911e+14	2.531576e-01	2.256890e+00
1.958655e+14	3.012900e-01	2.040668e+00
1.958399e+14	3.410425e-01	1.828633e+00
1.958143e+14	3.721107e-01	1.620432e+00
1.957886e+14	3.945369e-01	1.415329e+00
1.957630e+14	4.085568e-01	1.212337e+00
1.957374e+14	4.144895e-01	1.010338e+00
1.957119e+14	4.126798e-01	8.081866e-01
1.956863e+14	4.034879e-01	6.047927e-01
1.956607e+14	3.873198e-01	3.991985e-01
1.956351e+14	3.646863e-01	1.906413e-01
1.956096e+14	3.362770e-01	-2.139585e-02
1.955840e+14	3.030271e-01	-2.371582e-01
1.955585e+14	2.661554e-01	-4.566306e-01
1.955329e+14	2.271479e-01	-6.796003e-01
1.955074e+14	1.876771e-01	-9.057776e-01
1.954818e+14	1.494639e-01	-1.134975e+00
1.954563e+14	1.141127e-01	-1.367342e+00
1.954308e+14	8.295564e-02	-1.603660e+00
1.954053e+14	5.693673e-02	-1.845732e+00
1.953798e+14	3.654853e-02	-2.096794e+00
1.953543e+14	2.181311e-02	-2.361115e+00
1.953288e+14	1.228851e-02	-2.637456e+00
1.953033e+14	7.091292e-03	-2.889334e+00
1.952779e+14	5.020671e-03	-3.022836e+00
1.952524e+14	4.751267e-03	-3.048399e+00
1.952269e+14	4.673053e-03	-3.051531e+00
1.952015e+14	3.281628e-03	-2.781129e+00
1.951760e+14	4.859608e-03	-1.371085e+00
1.951506e+14	1.579591e-02	-1.127899e+00
1.951251e+14	3.459917e-02	-1.232449e+00
1.950997e+14	6.224640e-02	-1.408588e+00
1.950743e+14	9.955841e-02	-1.611775e+00
1.950489e+14	1.466863e-01	-1.828891e+00
1.950234e+14	2.028554e-01	-2.054289e+00
1.949980e+14	2.662198e-01	-2.284415e+00
1.949726e+14	3.339300e-01	-2.516177e+00
1.949473e+14	4.024943e-01	-2.746512e+00
1.949219e+14	4.683715e-01	-2.972496e+00
1.948965e+14	5.285807e-01	3.091508e+00
1.948711e+14	5.810863e-01	2.880808e+00
1.948458e+14	6.248475e-01	2.679340e+00
1.948204e+14	6.596000e-01	2.486948e+00
1.947951e+14	6.855149e-01	2.302708e+00
1.947697e+14	7.028580e-01	2.125062e+00
1.947444e+14	7.116921e-01	1.951915e+00
1.947190e+14	7.116073e-01	1.780625e+00
1.946937e+14	7.014138e-01	1.607883e+00
1.946684e+14	6.787088e-01	1.429438e+00
1.946431e+14	6.391983e-01	1.239663e+00
1.946178e+14	5.756917e-01	1.031002e+00
1.945925e+14	4.770470e-01	7.936730e-01
1.945672e+14	3.288925e-01	5.170144e-01
1.945419e+14	1.215588e-01	1.968179e-01
1.945166e+14	1.304852e-01	2.973206e+00
1.944914e+14	3.793273e-01	2.616724e+00
1.944661e+14	5.776743e-01	2.293020e+00
1.944408e+14	7.137677e-01	2.019669e+00
1.944156e+14	8.009686e-01	1.793460e+00
1.943903e+14	8.561701e-01	1.604166e+00
1.943651e+14	8.916498e-01	1.441925e+00
1.943399e+14	9.150114e-01	1.299158e+00
1.943146e+14	9.307605e-01	1.170413e+00
1.942894e+14	9.415663e-01	1.051796e+00
1.942642e+14	9.490344e-01	9.404739e-01
1.942390e+14	9.541463e-01	8.343141e-01
1.942138e+14	9.575062e-01	7.316386e-01
1.941886e+14	9.594785e-01	6.310554e-01
1.941634e+14	9.602654e-01	5.313379e-01
1.941382e+14	9.599464e-01	4.313310e-01
1.941131e+14	9.584943e-01	3.298721e-01
1.940879e+14	9.557719e-01	2.257136e-01
1.940627e+14	9.515087e-01	1.174390e-01
1.940376e+14	9.452533e-01	3.361680e-03
1.940124e+14	9.362894e-01	-1.186035e-01
1.939873e+14	9.234971e-01	-2.511078e-01
1.939622e+14	9.051328e-01	-3.975798e-01
1.939370e+14	8.785019e-01	-5.624678e-01
1.939119e+14	8.395468e-01	-7.514358e-01
1.938868e+14	7.825718e-01	-9.713018e-01
1.938617e+14	7.008582e-01	-1.229312e+00
1.938366e+14	5.896923e-01	-1.531529e+00
1.938115e+14	4.526484e-01	-1.882112e+00
1.937864e+14	3.069543e-01	-2.291042e+00
1.937613e+14	1.801230e-01	-2.806841e+00
1.937362e+14	1.008332e-01	2.719033e+00
1.937112e+14	7.981907e-02	1.872513e+00
1.936861e+14	7.948550e-02	1.539298e+00
1.936611e+14	9.444024e-02	1.757376e+00
1.936360e+14	1.645119e-01	1.953267e+00
1.936110e+14	2.856567e-01	1.866794e+00
1.935859e+14	4.299452e-01	1.652298e+00
1.935609e+14	5.693290e-01	1.400482e+00
1.935359e+14	6.847026e-01	1.152946e+00
1.935109e+14	7.706438e-01	9.274141e-01
1.934858e+14	8.310040e-01	7.281874e-01
1.934608e+14	8.724044e-01	5.531973e-01
1.934358e+14	9.007317e-01	3.983181e-01
1.934109e+14	9.202650e-01	2.593561e-01
1.933859e+14	9.338726e-01	1.327131e-01
1.933609e+14	9.434189e-01	1.548164e-02
1.933359e+14	9.501040e-01	-9.465127e-02
1.933110e+14	9.546984e-01	-1.995395e-01
1.932860e+14	9.576908e-01	-3.007024e-01
1.932610e+14	9.593794e-01	-3.994282e-01
1.932361e+14	9.599247e-01	-4.968592e-01
1.932112e+14	9.593763e-01	-5.940636e-01
1.931862e+14	9.576809e-01	-6.921033e-01
1.931613e+14	9.546716e-01	-7.921031e-01
1.931364e+14	9.500358e-01	-8.953321e-01
1.931115e+14	9.432529e-01	-1.003308e+00
1.930865e+14	9.334806e-01	-1.117940e+00
1.930616e+14	9.193548e-01	-1.241740e+00
1.930368e+14	8.986359e-01	-1.378118e+00
1.930119e+14	8.675893e-01	-1.531820e+00
1.929870e+14	8.199537e-01	-1.709440e+00
1.929621e+14	7.455081e-01	-1.919771e+00
1.929372e+14	6.292947e-01	-2.172888e+00
1.929124e+14	4.558671e-01	-2.475394e+00
1.928875e+14	2.255864e-01	-2.820169e+00
1.928627e+14	2.721844e-02	-1.874943e-02
1.928378e+14	2.516878e-01	-3.650467e-01
1.928130e+14	4.207149e-01	-6.565775e-01
1.927882e+14	5.367026e-01	-9.059685e-01
1.927633e+14	6.129458e-01	-1.122928e+00
1.927385e+14	6.616806e-01	-1.317592e+00
1.927137e+14	6.913579e-01	-1.498159e+00
1.926889e+14	7.072337e-01	-1.670799e+00
1.926641e+14	7.123885e-01	-1.840146e+00
1.926393e+14	7.084944e-01	-2.009774e+00
1.926145e+14	6.963116e-01	-2.182528e+00
1.925897e+14	6.760174e-01	-2.360708e+00
1.925650e+14	6.474593e-01	-2.546143e+00
1.925402e+14	6.104016e-01	-2.740170e+00
1.925154e+14	5.648055e-01	-2.943541e+00
1.924907e+14	5.111378e-01	3.126872e+00
1.924659e+14	4.506486e-01	2.905398e+00
1.924412e+14	3.855004e-01	2.676609e+00
1.924165e+14	3.186364e-01	2.442324e+00
1.923917e+14	2.533717e-01	2.204361e+00
1.923670e+14	1.928395e-01	1.964012e+00
1.923423e+14	1.395043e-01	1.721489e+00
1.923176e+14	9.489757e-02	1.475201e+00
1.922929e+14	5.959864e-02	1.220237e+00
1.922682e+14	3.338233e-02	9.434442e-01
1.922435e+14	1.544897e-02	6.008019e-01
1.922188e+14	4.882209e-03	-6.894221e-02
1.921941e+14	3.155352e-03	-1.908763e+00
1.921694e+14	4.601220e-03	-2.644837e+00
1.921448e+14	4.756854e-03	-3.081723e+00
1.921201e+14	4.935754e-03	2.789260e+00
1.920955e+14	6.618209e-03	2.472062e+00
1.920708e+14	1.101450e-02	2.279893e+00
1.920462e+14	1.924258e-02	2.122948e+00
1.920215e+14	3.217690e-02	1.955713e+00
1.919969e+14	5.031061e-02	1.773669e+00
1.919723e+14	7.373397e-02	1.580835e+00
1.919477e+14	1.021290e-01	1.380987e+00
1.919231e+14	1.347786e-01	1.176780e+00
1.918985e+14	1.706072e-01	9.701238e-01
1.918739e+14	2.082620e-01	7.625018e-01
1.918493e+14	2.462319e-01	5.551343e-01
1.918247e+14	2.829857e-01	3.490180e-01
1.918001e+14	3.171010e-01	1.449061e-01
1.917756e+14	3.473572e-01	-5.672682e-02
1.917510e+14	3.727784e-01	-2.557082e-01
1.917264e+14	3.926257e-01	-4.521660e-01
1.917019e+14	4.063542e-01	-6.465029e-01
1.916773e+14	4.135538e-01	-8.393522e-01
1.916528e+14	4.138898e-01	-1.031523e+00
1.916283e+14	4.070592e-01	-1.223941e+00
1.916037e+14	3.927715e-01	-1.417579e+00
1.915792e+14	3.707619e-01	-1.613390e+00
1.915547e+14	3.408427e-01	-1.812221e+00
1.915302e+14	3.029933e-01	-2.014727e+00
1.915057e+14	2.574831e-01	-2.221280e+00
1.914812e+14	2.050043e-01	-2.431905e+00
1.914567e+14	1.467736e-01	-2.646322e+00
1.914322e+14	8.455085e-02	-2.864442e+00
1.914077e+14	2.053736e-02	-3.096086e+00
1.913833e+14	4.286403e-02	-1.442045e-01
1.913588e+14	1.033017e-01	-3.654035e-01
1.913344e+14	1.587885e-01	-5.801605e-01
1.913099e+14	2.078395e-01	-7.910004e-01
1.912855e+14	2.495219e-01	-9.981232e-01
1.912610e+14	2.833923e-01	-1.201793e+00
1.912366e+14	3.093800e-01	-1.402504e+00
1.912122e+14	3.276628e-01	-1.600940e+00
1.911877e+14	3.385652e-01	-1.797891e+00
1.911633e+14	3.424906e-01	-1.994179e+00
1.911389e+14	3.398890e-01	-2.190589e+00
1.911145e+14	3.312520e-01	-2.387821e+00
1.910901e+14	3.171279e-01	-2.586445e+00
1.910657e+14	2.981461e-01	-2.786879e+00
1.910413e+14	2.750409e-01	-2.989374e+00
1.910170e+14	2.486640e-01	3.089162e+00
1.909926e+14	2.199783e-01	2.882397e+00
1.909682e+14	1.900284e-01	2.673632e+00
1.909439e+14	1.598893e-01	2.462988e+00
1.909195e+14	1.306018e-01	2.250489e+00
1.908952e+14	1.031044e-01	2.035919e+00
1.908708e+14	7.817548e-02	1.818606e+00
1.908465e+14	5.639212e-02	1.596997e+00
1.908222e+14	3.811068e-02	1.367651e+00
1.907979e+14	2.346785e-02	1.122175e+00
1.907735e+14	1.240487e-02	8.346950e-01
1.907492e+14	4.771439e-03	3.732441e-01
1.907249e+14	1.847902e-03	-1.362107e+00
1.907006e+14	3.702162e-03	-2.379512e+00
1.906763e+14	4.651878e-03	-2.759560e+00
1.906521e+14	4.759908e-03	-3.069051e+00
1.906278e+14	4.705948e-03	2.909982e+00
1.906035e+14	5.189069e-03	2.621653e+00
1.905792e+14	6.832433e-03	2.384952e+00
1.905550e+14	1.017749e-02	2.194698e+00
1.905307e+14	1.568726e-02	2.019637e+00
1.905065e+14	2.370058e-02	1.842405e+00
1.904822e+14	3.439889e-02	1.659045e+00
1.904580e+14	4.779465e-02	1.470180e+00
1.904338e+14	6.372891e-02	1.277217e+00
1.904096e+14	8.187605e-02	1.081399e+00
1.903853e+14	1.017576e-01	8.836873e-01
1.903611e+14	1.227660e-01	6.848228e-01
1.903369e+14	1.441977e-01	4.853902e-01
1.903127e+14	1.652929e-01	2.858534e-01
1.902885e+14	1.852777e-01	8.656977e-02
1.902644e+14	2.034036e-01	-1.122098e-01
1.902402e+14	2.189790e-01	-3.103452e-01
1.902160e+14	2.313922e-01	-5.078092e-01
1.901918e+14	2.401229e-01	-7.046844e-01
1.901677e+14	2.447468e-01	-9.011512e-01
1.901435e+14	2.449350e-01	-1.097470e+00
1.901194e+14	2.404537e-01	-1.293955e+00
1.900952e+14	2.311665e-01	-1.490946e+00
1.900711e+14	2.170431e-01	-1.688771e+00
1.900470e+14	1.981736e-01	-1.887721e+00
1.900228e+14	1.747882e-01	-2.088015e+00
1.899987e+14	1.472765e-01	-2.289792e+00
1.899746e+14	1.162014e-01	-2.493136e+00
1.899505e+14	8.229991e-02	-2.698225e+00
1.899264e+14	4.646443e-02	-2.906245e+00
1.899023e+14	9.706215e-03	-3.140815e+00
1.898782e+14	2.693114e-02	-1.535829e-01
1.898542e+14	6.237267e-02	-3.658943e-01
1.898301e+14	9.565987e-02	-5.718196e-01
1.898060e+14	1.259554e-01	-7.755996e-01
1.897819e+14	1.525896e-01	-9.777890e-01
1.897579e+14	1.750723e-01	-1.178582e+00
1.897338e+14	1.930867e-01	-1.378165e+00
1.897098e+14	2.064728e-01	-1.576780e+00
1.896858e+14	2.152057e-01	-1.774719e+00
1.896617e+14	2.193759e-01	-1.972307e+00
1.896377e+14	2.191728e-01	-2.169871e+00
1.896137e+14	2.148743e-01	-2.367722e+00
1.895897e+14	2.068406e-01	-2.566128e+00
1.895657e+14	1.955091e-01	-2.765306e+00
1.895417e+14	1.813899e-01	-2.965414e+00
1.895177e+14	1.650567e-01	3.116630e+00
1.894937e+14	1.471324e-01	2.914389e+00
1.894697e+14	1.282684e-01	2.710994e+00
1.894457e+14	1.091186e-01	2.506358e+00
1.894217e+14	9.030992e-02	2.300301e+00
1.893978e+14	7.241325e-02	2.092449e+00
1.893738e+14	5.591695e-02	1.882061e+00
1.893499e+14	4.120676e-02	1.667663e+00
1.893259e+14	2.855290e-02	1.446149e+00
1.893020e+14	1.810598e-02	1.210062e+00
1.892780e+14	9.905475e-03	9.363951e-01
1.892541e+14	3.943111e-03	5.063214e-01
1.892302e+14	1.449889e-03	-1.265715e+00
1.892063e+14	3.300299e-03	-2.300055e+00
1.891824e+14	4.449041e-03	-2.654152e+00
1.891585e+14	4.780526e-03	-2.931509e+00
1.891346e+14	4.696566e-03	3.086415e+00
1.891107e+14	4.643025e-03	2.820472e+00
1.890868e+14	5.054045e-03	2.565730e+00
1.890629e+14	6.319478e-03	2.342101e+00
1.890390e+14	8.776946e-03	2.148454e+00
1.890152e+14	1.270672e-02	1.967948e+00
1.889913e+14	1.831091e-02	1.788460e+00
1.889674e+14	2.569593e-02	1.605743e+00
1.889436e+14	3.486485e-02	1.419322e+00
1.889197e+14	4.571571e-02	1.229825e+00
1.888959e+14	5.804435e-02	1.038022e+00
1.888721e+14	7.155204e-02	8.445733e-01
1.888482e+14	8.585789e-02	6.500028e-01
1.888244e+14	1.005158e-01	4.547214e-01
1.888006e+14	1.150351e-01	2.590503e-01
1.887768e+14	1.289031e-01	6.323592e-02
1.887530e+14	1.416078e-01	-1.325424e-01
1.887292e+14	1.526589e-01	-3.281699e-01
1.887054e+14	1.616059e-01	-5.235945e-01
1.886816e+14	1.680518e-01	-7.188241e-01
1.886578e+14	1.716642e-01	-9.139211e-01
1.886341e+14	1.721822e-01	-1.108993e+00
1.886103e+14	1.694225e-01	-1.304180e+00
1.885865e+14	1.632841e-01	-1.499640e+00
1.885628e+14	1.537541e-01	-1.695535e+00
1.885390e+14	1.409126e-01	-1.892015e+00
1.885153e+14	1.249390e-01	-2.089206e+00
1.884916e+14	1.061149e-01	-2.287220e+00
1.884678e+14	8.482480e-02	-2.486189e+00
1.884441e+14	6.155028e-02	-2.686425e+00
1.884204e+14	3.685698e-02	-2.889261e+00
1.883967e+14	1.137588e-02	-3.109194e+00
1.883730e+14	1.424437e-02	-1.137250e-01
1.883493e+14	3.931204e-02	-3.281748e-01
1.883256e+14	6.320154e-02	-5.304389e-01
1.883019e+14	8.532948e-02	-7.303760e-01
1.882782e+14	1.051941e-01	-9.291160e-01
1.882545e+14	1.223889e-01	-1.126968e+00
1.882309e+14	1.366095e-01	-1.324092e+00
1.882072e+14	1.476541e-01	-1.520632e+00
1.881835e+14	1.554199e-01	-1.716746e+00
1.881599e+14	1.598969e-01	-1.912609e+00
1.881362e+14	1.611601e-01	-2.108403e+00
1.881126e+14	1.593636e-01	-2.304306e+00
1.880890e+14	1.547331e-01	-2.500487e+00
1.880653e+14	1.475600e-01	-2.697090e+00
1.880417e+14	1.381932e-01	-2.894236e+00
1.880181e+14	1.270304e-01	-3.092027e+00
1.879945e+14	1.145063e-01	2.992635e+00
1.879709e+14	1.010778e-01	2.793287e+00
1.879473e+14	8.720792e-02	2.592988e+00
1.879237e+14	7.334726e-02	2.391537e+00
1.879001e+14	5.991589e-02	2.188584e+00
1.878765e+14	4.728650e-02	1.983497e+00
1.878529e+14	3.577011e-02	1.775090e+00
1.878294e+14	2.560560e-02	1.560971e+00
1.878058e+14	1.695398e-02	1.335656e+00
1.877822e+14	9.899627e-03	1.083447e+00
1.877587e+14	4.476567e-03	7.351501e-01
1.877351e+14	1.182785e-03	-5.146496e-01
1.877116e+14	2.609763e-03	-2.121443e+00
1.876881e+14	4.048489e-03	-2.508880e+00
1.876645e+14	4.691959e-03	-2.779334e+00
1.876410e+14	4.782009e-03	-3.026393e+00
1.876175e+14	4.625265e-03	3.012281e+00
1.875940e+14	4.541009e-03	2.766292e+00
1.875705e+14	4.837191e-03	2.527840e+00
1.875470e+14	5.791627e-03	2.310687e+00
1.875235e+14	7.644104e-03	2.116281e+00
1.875000e+14	1.059128e-02	1.934151e+00
("port 1","TE",1,"port 2",1,"modulation")
(1,1)
0.00286
(500,3)
2.000000e+14	3.943366e-02	-1.152027e+00
1.999733e+14	2.971397e-02	-1.381932e+00
1.999466e+14	2.155475e-02	-1.613590e+00
1.999199e+14	1.508746e-02	-1.846724e+00
1.998932e+14	1.032109e-02	-2.079204e+00
1.998665e+14	7.145533e-03	-2.304338e+00
1.998398e+14	5.343434e-03	-2.510100e+00
1.998131e+14	4.609033e-03	-2.690855e+00
1.997865e+14	4.563306e-03	-2.860272e+00
1.997598e+14	4.769446e-03	-3.032356e+00
1.997332e+14	4.764886e-03	3.080779e+00
1.997065e+14	4.103085e-03	2.941321e+00
1.996799e+14	2.452459e-03	2.978618e+00
1.996532e+14	1.767908e-03	-1.738108e+00
1.996266e+14	6.410793e-03	-1.332992e+00
1.996000e+14	1.337062e-02	-1.440137e+00
1.995734e+14	2.239777e-02	-1.616565e+00
1.995468e+14	3.339773e-02	-1.814620e+00
1.995202e+14	4.616581e-02	-2.022100e+00
1.994936e+14	6.037274e-02	-2.234440e+00
1.994670e+14	7.557329e-02	-2.449506e+00
1.994404e+14	9.122551e-02	-2.666134e+00
1.994139e+14	1.067174e-01	-2.883611e+00
1.993873e+14	1.213986e-01	-3.101473e+00
1.993608e+14	1.346131e-01	2.963771e+00
1.993342e+14	1.457314e-01	2.745931e+00
1.993077e+14	1.541775e-01	2.528273e+00
1.992812e+14	1.594506e-01	2.310788e+00
1.992546e+14	1.611424e-01	2.093391e+00
1.992281e+14	1.589498e-01	1.875947e+00
1.992016e+14	1.526860e-01	1.658293e+00
1.991751e+14	1.422919e-01	1.440271e+00
1.991486e+14	1.278475e-01	1.221773e+00
1.991221e+14	1.095834e-01	1.002793e+00
1.990956e+14	8.788850e-02	7.835295e-01
1.990691e+14	6.331085e-02	5.646811e-01
1.990427e+14	3.654698e-02	3.490517e-01
1.990162e+14	8.425234e-03	1.757111e-01
1.989898e+14	2.020339e-02	3.005031e+00
1.989633e+14	4.834414e-02	2.798270e+00
1.989369e+14	7.512468e-02	2.580470e+00
1.989104e+14	9.971695e-02	2.361111e+00
1.988840e+14	1.214142e-01	2.141710e+00
1.988576e+14	1.396559e-01	1.922711e+00
1.988312e+14	1.540394e-01	1.704214e+00
1.988048e+14	1.643203e-01	1.486152e+00
1.987784e+14	1.704057e-01	1.268357e+00
1.987520e+14	1.723441e-01	1.050610e+00
1.987256e+14	1.703150e-01	8.326739e-01
1.986992e+14	1.646200e-01	6.143237e-01
1.986729e+14	1.556727e-01	3.953664e-01
1.986465e+14	1.439875e-01	1.756533e-01
1.986201e+14	1.301636e-01	-4.492017e-02
1.985938e+14	1.148624e-01	-2.664249e-01
1.985674e+14	9.877839e-02	-4.889212e-01
1.985411e+14	8.260448e-02	-7.124922e-01
1.985148e+14	6.699451e-02	-9.372859e-01
1.984885e+14	5.252670e-02	-1.163562e+00
1.984622e+14	3.967181e-02	-1.391733e+00
1.984358e+14	2.876855e-02	-1.622344e+00
1.984095e+14	2.000796e-02	-1.855824e+00
1.983832e+14	1.342657e-02	-2.091448e+00
1.983570e+14	8.908436e-03	-2.324260e+00
1.983307e+14	6.197157e-03	-2.540227e+00
1.983044e+14	4.921405e-03	-2.722098e+00
1.982781e+14	4.620968e-03	-2.876418e+00
1.982519e+14	4.756945e-03	-3.027483e+00
1.982256e+14	4.742298e-03	3.106269e+00
1.981994e+14	4.003665e-03	2.997358e+00
1.981732e+14	2.176834e-03	-3.102945e+00
1.981469e+14	2.791364e-03	-1.465054e+00
1.981207e+14	8.698260e-03	-1.281020e+00
1.980945e+14	1.736163e-02	-1.403864e+00
1.980683e+14	2.871870e-02	-1.581640e+00
1.980421e+14	4.271180e-02	-1.778436e+00
1.980159e+14	5.912821e-02	-1.983975e+00
1.979897e+14	7.758597e-02	-2.194157e+00
1.979635e+14	9.754296e-02	-2.406956e+00
1.979373e+14	1.183206e-01	-2.621194e+00
1.979112e+14	1.391395e-01	-2.836101e+00
1.978850e+14	1.591628e-01	-3.051136e+00
1.978588e+14	1.775424e-01	3.017257e+00
1.978327e+14	1.934614e-01	2.802937e+00
1.978066e+14	2.061682e-01	2.589183e+00
1.977804e+14	2.150004e-01	2.375953e+00
1.977543e+14	2.193983e-01	2.163088e+00
1.977282e+14	2.189128e-01	1.950332e+00
1.977021e+14	2.132118e-01	1.737362e+00
1.976760e+14	2.020898e-01	1.523830e+00
1.976499e+14	1.854861e-01	1.309418e+00
1.976238e+14	1.635092e-01	1.093895e+00
1.975977e+14	1.364685e-01	8.771945e-01
1.975716e+14	1.049023e-01	6.595529e-01
1.975455e+14	6.959325e-02	4.419518e-01
1.975195e+14	3.155921e-02	2.297294e-01
1.974934e+14	8.015967e-03	3.069875e+00
1.974674e+14	4.775209e-02	2.901269e+00
1.974413e+14	8.635393e-02	2.684968e+00
1.974153e+14	1.225517e-01	2.466637e+00
1.973892e+14	1.552540e-01	2.248782e+00
1.973632e+14	1.835905e-01	2.032075e+00
1.973372e+14	2.069309e-01	1.816682e+00
1.973112e+14	2.248757e-01	1.602500e+00
1.972852e+14	2.372309e-01	1.389252e+00
1.972592e+14	2.439779e-01	1.176548e+00
1.972332e+14	2.452475e-01	9.639450e-01
1.972072e+14	2.413042e-01	7.509980e-01
1.971812e+14	2.325389e-01	5.373028e-01
1.971553e+14	2.194686e-01	3.225297e-01
1.971293e+14	2.027364e-01	1.064433e-01
1.971034e+14	1.831050e-01	-1.110948e-01
1.970774e+14	1.614393e-01	-3.301414e-01
1.970515e+14	1.386723e-01	-5.507077e-01
1.970255e+14	1.157585e-01	-7.728135e-01
1.969996e+14	9.361630e-02	-9.965596e-01
1.969737e+14	7.306961e-02	-1.222217e+00
1.969478e+14	5.479540e-02	-1.450328e+00
1.969219e+14	3.928346e-02	-1.681801e+00
1.968960e+14	2.681132e-02	-1.917854e+00
1.968701e+14	1.743372e-02	-2.159255e+00
1.968442e+14	1.098444e-02	-2.402839e+00
1.968183e+14	7.090616e-03	-2.632039e+00
1.967924e+14	5.211775e-03	-2.813504e+00
1.967666e+14	4.695204e-03	-2.941634e+00
1.967407e+14	4.778664e-03	-3.056780e+00
1.967148e+14	4.614039e-03	3.120140e+00
1.966890e+14	3.411954e-03	3.127125e+00
1.966632e+14	1.906376e-03	-2.060677e+00
1.966373e+14	6.912169e-03	-1.218469e+00
1.966115e+14	1.631692e-02	-1.261938e+00
1.965857e+14	2.965346e-02	-1.416756e+00
1.965599e+14	4.707208e-02	-1.603471e+00
1.965341e+14	6.852701e-02	-1.803700e+00
1.965083e+14	9.370661e-02	-2.010868e+00
1.964825e+14	1.220197e-01	-2.221910e+00
1.964567e+14	1.526120e-01	-2.435052e+00
1.964309e+14	1.844126e-01	-2.649070e+00
1.964051e+14	2.162070e-01	-2.863024e+00
1.963794e+14	2.467251e-01	-3.076174e+00
1.963536e+14	2.747293e-01	2.995211e+00
1.963279e+14	2.990834e-01	2.785081e+00
1.963021e+14	3.187923e-01	2.576705e+00
1.962764e+14	3.330092e-01	2.369913e+00
1.962507e+14	3.410174e-01	2.164296e+00
1.962249e+14	3.421975e-01	1.959238e+00
1.961992e+14	3.359975e-01	1.753959e+00
1.961735e+14	3.219174e-01	1.547584e+00
1.961478e+14	2.995247e-01	1.339221e+00
1.961221e+14	2.685111e-01	1.128065e+00
1.960964e+14	2.287965e-01	9.135302e-01
1.960707e+14	1.806744e-01	6.954222e-01
1.960450e+14	1.249692e-01	4.742374e-01
1.960194e+14	6.315147e-02	2.525778e-01
1.959937e+14	2.708146e-03	2.977451e+00
1.959681e+14	6.986576e-02	2.923939e+00
1.959424e+14	1.356645e-01	2.700390e+00
1.959168e+14	1.974636e-01	2.477112e+00
1.958911e+14	2.531576e-01	2.256890e+00
1.958655e+14	3.012900e-01	2.040668e+00
1.958399e+14	3.410425e-01	1.828633e+00
1.958143e+14	3.721107e-01	1.620432e+00
1.957886e+14	3.945369e-01	1.415329e+00
1.957630e+14	4.085568e-01	1.212337e+00
1.957374e+14	4.144895e-01	1.010338e+00
1.957119e+14	4.126798e-01	8.081866e-01
1.956863e+14	4.034879e-01	6.047927e-01
1.956607e+14	3.873198e-01	3.991985e-01
1.956351e+14	3.646863e-01	1.906413e-01
1.956096e+14	3.362770e-01	-2.139585e-02
1.955840e+14	3.030271e-01	-2.371582e-01
1.955585e+14	2.661554e-01	-4.566306e-01
1.955329e+14	2.271479e-01	-6.796003e-01
1.955074e+14	1.876771e-01	-9.057776e-01
1.954818e+14	1.494639e-01	-1.134975e+00
1.954563e+14	1.141127e-01	-1.367342e+00
1.954308e+14	8.295564e-02	-1.603660e+00
1.954053e+14	5.693673e-02	-1.845732e+00
1.953798e+14	3.654853e-02	-2.096794e+00
1.953543e+14	2.181311e-02	-2.361115e+00
1.953288e+14	1.228851e-02	-2.637456e+00
1.953033e+14	7.091292e-03	-2.889334e+00
1.952779e+14	5.020671e-03	-3.022836e+00
1.952524e+14	4.751267e-03	-3.048399e+00
1.952269e+14	4.673053e-03	-3.051531e+00
1.952015e+14	3.281628e-03	-2.781129e+00
1.951760e+14	4.859608e-03	-1.371085e+00
1.951506e+14	1.579591e-02	-1.127899e+00
1.951251e+14	3.459917e-02	-1.232449e+00
1.950997e+14	6.224640e-02	-1.408588e+00
1.950743e+14	9.955841e-02	-1.611775e+00
1.950489e+14	1.466863e-01	-1.828891e+00
1.950234e+14	2.028554e-01	-2.054289e+00
1.949980e+14	2.662198e-01	-2.284415e+00
1.949726e+14	3.339300e-01	-2.516177e+00
1.949473e+14	4.024943e-01	-2.746512e+00
1.949219e+14	4.683715e-01	-2.972496e+00
1.948965e+14	5.285807e-01	3.091508e+00
1.948711e+14	5.810863e-01	2.880808e+00
1.948458e+14	6.248475e-01	2.679340e+00
1.948204e+14	6.596000e-01	2.486948e+00
1.947951e+14	6.855149e-01	2.302708e+00
1.947697e+14	7.028580e-01	2.125062e+00
1.947444e+14	7.116921e-01	1.951915e+00
1.947190e+14	7.116073e-01	1.780625e+00
1.946937e+14	7.014138e-01	1.607883e+00
1.946684e+14	6.787088e-01	1.429438e+00
1.946431e+14	6.391983e-01	1.239663e+00
1.946178e+14	5.756917e-01	1.031002e+00
1.945925e+14	4.770470e-01	7.936730e-01
1.945672e+14	3.288925e-01	5.170144e-01
1.945419e+14	1.215588e-01	1.968179e-01
1.945166e+14	1.304852e-01	2.973206e+00
1.944914e+14	3.793273e-01	2.616724e+00
1.944661e+14	5.776743e-01	2.293020e+00
1.944408e+14	7.137677e-01	2.019669e+00
1.944156e+14	8.009686e-01	1.793460e+00
1.943903e+14	8.561701e-01	1.604166e+00
1.943651e+14	8.916498e-01	1.441925e+00
1.943399e+14	9.150114e-01	1.299158e+00
1.943146e+14	9.307605e-01	1.170413e+00
1.942894e+14	9.415663e-01	1.051796e+00
1.942642e+14	9.490344e-01	9.404739e-01
1.942390e+14	9.541463e-01	8.343141e-01
1.942138e+14	9.575062e-01	7.316386e-01
1.941886e+14	9.594785e-01	6.310554e-01
1.941634e+14	9.602654e-01	5.313379e-01
1.941382e+14	9.599464e-01	4.313310e-01
1.941131e+14	9.584943e-01	3.298721e-01
1.940879e+14	9.557719e-01	2.257136e-01
1.940627e+14	9.515087e-01	1.174390e-01
1.940376e+14	9.452533e-01	3.361680e-03
1.940124e+14	9.362894e-01	-1.186035e-01
1.939873e+14	9.234971e-01	-2.511078e-01
1.939622e+14	9.051328e-01	-3.975798e-01
1.939370e+14	8.785019e-01	-5.624678e-01
1.939119e+14	8.395468e-01	-7.514358e-01
1.938868e+14	7.825718e-01	-9.713018e-01
1.938617e+14	7.008582e-01	-1.229312e+00
1.938366e+14	5.896923e-01	-1.531529e+00
1.938115e+14	4.526484e-01	-1.882112e+00
1.937864e+14	3.069543e-01	-2.291042e+00
1.937613e+14	1.801230e-01	-2.806841e+00
1.937362e+14	1.008332e-01	2.719033e+00
1.937112e+14	7.981907e-02	1.872513e+00
1.936861e+14	7.948550e-02	1.539298e+00
1.936611e+14	9.444024e-02	1.757376e+00
1.936360e+14	1.645119e-01	1.953267e+00
1.936110e+14	2.856567e-01	1.866794e+00
1.935859e+14	4.299452e-01	1.652298e+00
1.935609e+14	5.693290e-01	1.400482e+00
1.935359e+14	6.847026e-01	1.152946e+00
1.935109e+14	7.706438e-01	9.274141e-01
1.934858e+14	8.310040e-01	7.281874e-01
1.934608e+14	8.724044e-01	5.531973e-01
1.934358e+14	9.007317e-01	3.983181e-01
1.934109e+14	9.202650e-01	2.593561e-01
1.933859e+14	9.338726e-01	1.327131e-01
1.933609e+14	9.434189e-01	1.548164e-02
1.933359e+14	9.501040e-01	-9.465127e-02
1.933110e+14	9.546984e-01	-1.995395e-01
1.932860e+14	9.576908e-01	-3.007024e-01
1.932610e+14	9.593794e-01	-3.994282e-01
1.932361e+14	9.599247e-01	-4.968592e-01
1.932112e+14	9.593763e-01	-5.940636e-01
1.931862e+14	9.576809e-01	-6.921033e-01
1.931613e+14	9.546716e-01	-7.921031e-01
1.931364e+14	9.500358e-01	-8.953321e-01
1.931115e+14	9.432529e-01	-1.003308e+00
1.930865e+14	9.334806e-01	-1.117940e+00
1.930616e+14	9.193548e-01	-1.241740e+00
1.930368e+14	8.986359e-01	-1.378118e+00
1.930119e+14	8.675893e-01	-1.531820e+00
1.929870e+14	8.199537e-01	-1.709440e+00
1.929621e+14	7.455081e-01	-1.919771e+00
1.929372e+14	6.292947e-01	-2.172888e+00
1.929124e+14	4.558671e-01	-2.475394e+00
1.928875e+14	2.255864e-01	-2.820169e+00
1.928627e+14	2.721844e-02	-1.874943e-02
1.928378e+14	2.516878e-01	-3.650467e-01
1.928130e+14	4.207149e-01	-6.565775e-01
1.927882e+14	5.367026e-01	-9.059685e-01
1.927633e+14	6.129458e-01	-1.122928e+00
1.927385e+14	6.616806e-01	-1.317592e+00
1.927137e+14	6.913579e-01	-1.498159e+00
1.926889e+14	7.072337e-01	-1.670799e+00
1.926641e+14	7.123885e-01	-1.840146e+00
1.926393e+14	7.084944e-01	-2.009774e+00
1.926145e+14	6.963116e-01	-2.182528e+00
1.925897e+14	6.760174e-01	-2.360708e+00
1.925650e+14	6.474593e-01	-2.546143e+00
1.925402e+14	6.104016e-01	-2.740170e+00
1.925154e+14	5.648055e-01	-2.943541e+00
1.924907e+14	5.111378e-01	3.126872e+00
1.924659e+14	4.506486e-01	2.905398e+00
1.924412e+14	3.855004e-01	2.676609e+00
1.924165e+14	3.186364e-01	2.442324e+00
1.923917e+14	2.533717e-01	2.204361e+00
1.923670e+14	1.928395e-01	1.964012e+00
1.923423e+14	1.395043e-01	1.721489e+00
1.923176e+14	9.489757e-02	1.475201e+00
1.922929e+14	5.959864e-02	1.220237e+00
1.922682e+14	3.338233e-02	9.434442e-01
1.922435e+14	1.544897e-02	6.008019e-01
1.922188e+14	4.882209e-03	-6.894221e-02
1.921941e+14	3.155352e-03	-1.908763e+00
1.921694e+14	4.601220e-03	-2.644837e+00
1.921448e+14	4.756854e-03	-3.081723e+00
1.921201e+14	4.935754e-03	2.789260e+00
1.920955e+14	6.618209e-03	2.472062e+00
1.920708e+14	1.101450e-02	2.279893e+00
1.920462e+14	1.924258e-02	2.122948e+00
1.920215e+14	3.217690e-02	1.955713e+00
1.919969e+14	5.031061e-02	1.773669e+00
1.919723e+14	7.373397e-02	1.580835e+00
1.919477e+14	1.021290e-01	1.380987e+00
1.919231e+14	1.347786e-01	1.176780e+00
1.918985e+14	1.706072e-01	9.701238e-01
1.918739e+14	2.082620e-01	7.625018e-01
1.918493e+14	2.462319e-01	5.551343e-01
1.918247e+14	2.829857e-01	3.490180e-01
1.918001e+14	3.171010e-01	1.449061e-01
1.917756e+14	3.473572e-01	-5.672682e-02
1.917510e+14	3.727784e-01	-2.557082e-01
1.917264e+14	3.926257e-01	-4.521660e-01
1.917019e+14	4.063542e-01	-6.465029e-01
1.916773e+14	4.135538e-01	-8.393522e-01
1.916528e+14	4.138898e-01	-1.031523e+00
1.916283e+14	4.070592e-01	-1.223941e+00
1.916037e+14	3.927715e-01	-1.417579e+00
1.915792e+14	3.707619e-01	-1.613390e+00
1.915547e+14	3.408427e-01	-1.812221e+00
1.915302e+14	3.029933e-01	-2.014727e+00
1.915057e+14	2.574831e-01	-2.221280e+00
1.914812e+14	2.050043e-01	-2.431905e+00
1.914567e+14	1.467736e-01	-2.646322e+00
1.914322e+14	8.455085e-02	-2.864442e+00
1.914077e+14	2.053736e-02	-3.096086e+00
1.913833e+14	4.286403e-02	-1.442045e-01
1.913588e+14	1.033017e-01	-3.654035e-01
1.913344e+14	1.587885e-01	-5.801605e-01
1.913099e+14	2.078395e-01	-7.910004e-01
1.912855e+14	2.495219e-01	-9.981232e-01
1.912610e+14	2.833923e-01	-1.201793e+00
1.912366e+14	3.093800e-01	-1.402504e+00
1.912122e+14	3.276628e-01	-1.600940e+00
1.911877e+14	3.385652e-01	-1.797891e+00
1.911633e+14	3.424906e-01	-1.994179e+00
1.911389e+14	3.398890e-01	-2.190589e+00
1.911145e+14	3.312520e-01	-2.387821e+00
1.910901e+14	3.171279e-01	-2.586445e+00
1.910657e+14	2.981461e-01	-2.786879e+00
1.910413e+14	2.750409e-01	-2.989374e+00
1.910170e+14	2.486640e-01	3.089162e+00
1.909926e+14	2.199783e-01	2.882397e+00
1.909682e+14	1.900284e-01	2.673632e+00
1.909439e+14	1.598893e-01	2.462988e+00
1.909195e+14	1.306018e-01	2.250489e+00
1.908952e+14	1.031044e-01	2.035919e+00
1.908708e+14	7.817548e-02	1.818606e+00
1.908465e+14	5.639212e-02	1.596997e+00
1.908222e+14	3.811068e-02	1.367651e+00
1.907979e+14	2.346785e-02	1.122175e+00
1.907735e+14	1.240487e-02	8.346950e-01
1.907492e+14	4.771439e-03	3.732441e-01
1.907249e+14	1.847902e-03	-1.362107e+00
1.907006e+14	3.702162e-03	-2.379512e+00
1.906763e+14	4.651878e-03	-2.759560e+00
1.906521e+14	4.759908e-03	-3.069051e+00
1.906278e+14	4.705948e-03	2.909982e+00
1.906035e+14	5.189069e-03	2.621653e+00
1.905792e+14	6.832433e-03	2.384952e+00
1.905550e+14	1.017749e-02	2.194698e+00
1.905307e+14	1.568726e-02	2.019637e+00
1.905065e+14	2.370058e-02	1.842405e+00
1.904822e+14	3.439889e-02	1.659045e+00
1.904580e+14	4.779465e-02	1.470180e+00
1.904338e+14	6.372891e-02	1.277217e+00
1.904096e+14	8.187605e-02	1.081399e+00
1.903853e+14	1.017576e-01	8.836873e-01
1.903611e+14	1.227660e-01	6.848228e-01
1.903369e+14	1.441977e-01	4.853902e-01
1.903127e+14	1.652929e-01	2.858534e-01
1.902885e+14	1.852777e-01	8.656977e-02
1.902644e+14	2.034036e-01	-1.122098e-01
1.902402e+14	2.189790e-01	-3.103452e-01
1.902160e+14	2.313922e-01	-5.078092e-01
1.901918e+14	2.401229e-01	-7.046844e-01
1.901677e+14	2.447468e-01	-9.011512e-01
1.901435e+14	2.449350e-01	-1.097470e+00
1.901194e+14	2.404537e-01	-1.293955e+00
1.900952e+14	2.311665e-01	-1.490946e+00
1.900711e+14	2.170431e-01	-1.688771e+00
1.900470e+14	1.981736e-01	-1.887721e+00
1.900228e+14	1.747882e-01	-2.088015e+00
1.899987e+14	1.472765e-01	-2.289792e+00
1.899746e+14	1.162014e-01	-2.493136e+00
1.899505e+14	8.229991e-02	-2.698225e+00
1.899264e+14	4.646443e-02	-2.906245e+00
1.899023e+14	9.706215e-03	-3.140815e+00
1.898782e+14	2.693114e-02	-1.535829e-01
1.898542e+14	6.237267e-02	-3.658943e-01
1.898301e+14	9.565987e-02	-5.718196e-01
1.898060e+14	1.259554e-01	-7.755996e-01
1.897819e+14	1.525896e-01	-9.777890e-01
1.897579e+14	1.750723e-01	-1.178582e+00
1.897338e+14	1.930867e-01	-1.378165e+00
1.897098e+14	2.064728e-01	-1.576780e+00
1.896858e+14	2.152057e-01	-1.774719e+00
1.896617e+14	2.193759e-01	-1.972307e+00
1.896377e+14	2.191728e-01	-2.169871e+00
1.896137e+14	2.148743e-01	-2.367722e+00
1.895897e+14	2.068406e-01	-2.566128e+00
1.895657e+14	1.955091e-01	-2.765306e+00
1.895417e+14	1.813899e-01	-2.965414e+00
1.895177e+14	1.650567e-01	3.116630e+00
1.894937e+14	1.471324e-01	2.914389e+00
1.894697e+14	1.282684e-01	2.710994e+00
1.894457e+14	1.091186e-01	2.506358e+00
1.894217e+14	9.030992e-02	2.300301e+00
1.893978e+14	7.241325e-02	2.092449e+00
1.893738e+14	5.591695e-02	1.882061e+00
1.893499e+14	4.120676e-02	1.667663e+00
1.893259e+14	2.855290e-02	1.446149e+00
1.893020e+14	1.810598e-02	1.210062e+00
1.892780e+14	9.905475e-03	9.363951e-01
1.892541e+14	3.943111e-03	5.063214e-01
1.892302e+14	1.449889e-03	-1.265715e+00
1.892063e+14	3.300299e-03	-2.300055e+00
1.891824e+14	4.449041e-03	-2.654152e+00
1.891585e+14	4.780526e-03	-2.931509e+00
1.891346e+14	4.696566e-03	3.086415e+00
1.891107e+14	4.643025e-03	2.820472e+00
1.890868e+14	5.054045e-03	2.565730e+00
1.890629e+14	6.319478e-03	2.342101e+00
1.890390e+14	8.776946e-03	2.148454e+00
1.890152e+14	1.270672e-02	1.967948e+00
1.889913e+14	1.831091e-02	1.788460e+00
1.889674e+14	2.569593e-02	1.605743e+00
1.889436e+14	3.486485e-02	1.419322e+00
1.889197e+14	4.571571e-02	1.229825e+00
1.888959e+14	5.804435e-02	1.038022e+00
1.888721e+14	7.155204e-02	8.445733e-01
1.888482e+14	8.585789e-02	6.500028e-01
1.888244e+14	1.005158e-01	4.547214e-01
1.888006e+14	1.150351e-01	2.590503e-01
1.887768e+14	1.289031e-01	6.323592e-02
1.887530e+14	1.416078e-01	-1.325424e-01
1.887292e+14	1.526589e-01	-3.281699e-01
1.887054e+14	1.616059e-01	-5.235945e-01
1.886816e+14	1.680518e-01	-7.188241e-01
1.886578e+14	1.716642e-01	-9.139211e-01
1.886341e+14	1.721822e-01	-1.108993e+00
1.886103e+14	1.694225e-01	-1.304180e+00
1.885865e+14	1.632841e-01	-1.499640e+00
1.885628e+14	1.537541e-01	-1.695535e+00
1.885390e+14	1.409126e-01	-1.892015e+00
1.885153e+14	1.249390e-01	-2.089206e+00
1.884916e+14	1.061149e-01	-2.287220e+00
1.884678e+14	8.482480e-02	-2.486189e+00
1.884441e+14	6.155028e-02	-2.686425e+00
1.884204e+14	3.685698e-02	-2.889261e+00
1.883967e+14	1.137588e-02	-3.109194e+00
1.883730e+14	1.424437e-02	-1.137250e-01
1.883493e+14	3.931204e-02	-3.281748e-01
1.883256e+14	6.320154e-02	-5.304389e-01
1.883019e+14	8.532948e-02	-7.303760e-01
1.882782e+14	1.051941e-01	-9.291160e-01
1.882545e+14	1.223889e-01	-1.126968e+00
1.882309e+14	1.366095e-01	-1.324092e+00
1.882072e+14	1.476541e-01	-1.520632e+00
1.881835e+14	1.554199e-01	-1.716746e+00
1.881599e+14	1.598969e-01	-1.912609e+00
1.881362e+14	1.611601e-01	-2.108403e+00
1.881126e+14	1.593636e-01	-2.304306e+00
1.880890e+14	1.547331e-01	-2.500487e+00
1.880653e+14	1.475600e-01	-2.697090e+00
1.880417e+14	1.381932e-01	-2.894236e+00
1.880181e+14	1.270304e-01	-3.092027e+00
1.879945e+14	1.145063e-01	2.992635e+00
1.879709e+14	1.010778e-01	2.793287e+00
1.879473e+14	8.720792e-02	2.592988e+00
1.879237e+14	7.334726e-02	2.391537e+00
1.879001e+14	5.991589e-02	2.188584e+00
1.878765e+14	4.728650e-02	1.983497e+00
1.878529e+14	3.577011e-02	1.775090e+00
1.878294e+14	2.560560e-02	1.560971e+00
1.878058e+14	1.695398e-02	1.335656e+00
1.877822e+14	9.899627e-03	1.083447e+00
1.877587e+14	4.476567e-03	7.351501e-01
1.877351e+14	1.182785e-03	-5.146496e-01
1.877116e+14	2.609763e-03	-2.121443e+00
1.876881e+14	4.048489e-03	-2.508880e+00
1.876645e+14	4.691959e-03	-2.779334e+00
1.876410e+14	4.782009e-03	-3.026393e+00
1.876175e+14	4.625265e-03	3.012281e+00
1.875940e+14	4.541009e-03	2.766292e+00
1.875705e+14	4.837191e-03	2.527840e+00
1.875470e+14	5.791627e-03	2.310687e+00
1.875235e+14	7.644104e-03	2.116281e+00
1.875000e+14	1.059128e-02	1.934151e+00
("port 2","TE",1,"port 1",1,"modulation")
(1,1)
0.00286
(500,3)
2.000000e+14	9.992295e-01	2.007495e+00
1.999733e+14	9.995658e-01	1.784670e+00
1.999466e+14	9.997750e-01	1.561932e+00
1.999199e+14	9.998936e-01	1.339300e+00
1.998932e+14	9.999541e-01	1.116777e+00
1.998665e+14	9.999819e-01	8.943559e-01
1.998398e+14	9.999931e-01	6.720247e-01
1.998131e+14	9.999968e-01	4.497713e-01
1.997865e+14	9.999970e-01	2.275851e-01
1.997598e+14	9.999961e-01	5.457536e-03
1.997332e+14	9.999961e-01	-2.166199e-01
1.997065e+14	9.999991e-01	-4.386579e-01
1.996799e+14	1.000004e+00	-6.606710e-01
1.996532e+14	1.000006e+00	-8.826782e-01
1.996266e+14	9.999870e-01	-1.104701e+00
1.996000e+14	9.999182e-01	-1.326756e+00
1.995734e+14	9.997567e-01	-1.548853e+00
1.995468e+14	9.994497e-01	-1.770982e+00
1.995202e+14	9.989414e-01	-1.993111e+00
1.994936e+14	9.981835e-01	-2.215180e+00
1.994670e+14	9.971479e-01	-2.437104e+00
1.994404e+14	9.958379e-01	-2.658781e+00
1.994139e+14	9.942970e-01	-2.880104e+00
1.993873e+14	9.926115e-01	-3.100975e+00
1.993608e+14	9.909059e-01	2.961857e+00
1.993342e+14	9.893318e-01	2.742045e+00
1.993077e+14	9.880508e-01	2.522742e+00
1.992812e+14	9.872136e-01	2.303856e+00
1.992546e+14	9.869388e-01	2.085239e+00
1.992281e+14	9.872943e-01	1.866703e+00
1.992016e+14	9.882824e-01	1.648033e+00
1.991751e+14	9.898324e-01	1.429018e+00
1.991486e+14	9.918016e-01	1.209477e+00
1.991221e+14	9.939854e-01	9.892819e-01
1.990956e+14	9.961381e-01	7.683836e-01
1.990691e+14	9.980017e-01	5.468218e-01
1.990427e+14	9.993398e-01	3.247274e-01
1.990162e+14	9.999724e-01	1.023096e-01
1.989898e+14	9.998038e-01	-1.201694e-01
1.989633e+14	9.988386e-01	-3.424286e-01
1.989369e+14	9.971820e-01	-5.642061e-01
1.989104e+14	9.950237e-01	-7.852947e-01
1.988840e+14	9.926098e-01	-1.005567e+00
1.988576e+14	9.902080e-01	-1.224988e+00
1.988312e+14	9.880726e-01	-1.443617e+00
1.988048e+14	9.864149e-01	-1.661592e+00
1.987784e+14	9.853819e-01	-1.879110e+00
1.987520e+14	9.850447e-01	-2.096397e+00
1.987256e+14	9.853976e-01	-2.313682e+00
1.986992e+14	9.863650e-01	-2.531170e+00
1.986729e+14	9.878166e-01	-2.749019e+00
1.986465e+14	9.895875e-01	-2.967329e+00
1.986201e+14	9.915005e-01	3.097052e+00
1.985938e+14	9.933894e-01	2.877778e+00
1.985674e+14	9.951175e-01	2.658110e+00
1.985411e+14	9.965905e-01	2.438155e+00
1.985148e+14	9.977614e-01	2.218030e+00
1.984885e+14	9.986276e-01	1.997849e+00
1.984622e+14	9.992209e-01	1.777703e+00
1.984358e+14	9.995942e-01	1.557654e+00
1.984095e+14	9.998080e-01	1.337736e+00
1.983832e+14	9.999180e-01	1.117957e+00
1.983570e+14	9.999685e-01	8.983074e-01
1.983307e+14	9.999890e-01	6.787666e-01
1.983044e+14	9.999961e-01	4.593135e-01
1.982781e+14	9.999975e-01	2.399290e-01
1.982519e+14	9.999969e-01	2.059701e-02
1.982256e+14	9.999970e-01	-1.986974e-01
1.981994e+14	1.000000e+00	-4.179718e-01
1.981732e+14	1.000006e+00	-6.372502e-01
1.981469e+14	1.000004e+00	-8.565638e-01
1.981207e+14	9.999705e-01	-1.075948e+00
1.980945e+14	9.998576e-01	-1.295437e+00
1.980683e+14	9.995959e-01	-1.515049e+00
1.980421e+14	9.990958e-01	-1.734776e+00
1.980159e+14	9.982588e-01	-1.954573e+00
1.979897e+14	9.969941e-01	-2.174348e+00
1.979635e+14	9.952397e-01	-2.393963e+00
1.979373e+14	9.929839e-01	-2.613243e+00
1.979112e+14	9.902812e-01	-2.831996e+00
1.978850e+14	9.872608e-01	-3.050043e+00
1.978588e+14	9.841216e-01	3.015945e+00
1.978327e+14	9.811163e-01	2.799667e+00
1.978066e+14	9.785250e-01	2.584292e+00
1.977804e+14	9.766223e-01	2.369700e+00
1.977543e+14	9.756438e-01	2.155671e+00
1.977282e+14	9.757528e-01	1.941900e+00
1.977021e+14	9.770144e-01	1.728021e+00
1.976760e+14	9.793754e-01	1.513648e+00
1.976499e+14	9.826554e-01	1.298417e+00
1.976238e+14	9.865503e-01	1.082029e+00
1.975977e+14	9.906529e-01	8.643013e-01
1.975716e+14	9.944911e-01	6.452022e-01
1.975455e+14	9.975841e-01	4.248708e-01
1.975195e+14	9.995105e-01	2.036148e-01
1.974934e+14	9.999766e-01	-1.811989e-02
1.974674e+14	9.988679e-01	-2.398047e-01
1.974413e+14	9.962732e-01	-4.609012e-01
1.974153e+14	9.924708e-01	-6.809360e-01
1.973892e+14	9.878833e-01	-8.995639e-01
1.973632e+14	9.830115e-01	-1.116608e+00
1.973372e+14	9.783642e-01	-1.332073e+00
1.973112e+14	9.743961e-01	-1.546130e+00
1.972852e+14	9.714619e-01	-1.759084e+00
1.972592e+14	9.697894e-01	-1.971334e+00
1.972332e+14	9.694691e-01	-2.183313e+00
1.972072e+14	9.704582e-01	-2.395450e+00
1.971812e+14	9.725958e-01	-2.608120e+00
1.971553e+14	9.756283e-01	-2.821610e+00
1.971293e+14	9.792421e-01	-3.036094e+00
1.971034e+14	9.831021e-01	3.031555e+00
1.970774e+14	9.868914e-01	2.815025e+00
1.970515e+14	9.903472e-01	2.597653e+00
1.970255e+14	9.932862e-01	2.379650e+00
1.969996e+14	9.956172e-01	2.161252e+00
1.969737e+14	9.973357e-01	1.942680e+00
1.969478e+14	9.985065e-01	1.724115e+00
1.969219e+14	9.992370e-01	1.505683e+00
1.968960e+14	9.996495e-01	1.287446e+00
1.968701e+14	9.998570e-01	1.069417e+00
1.968442e+14	9.999487e-01	8.515732e-01
1.968183e+14	9.999839e-01	6.338711e-01
1.967924e+14	9.999954e-01	4.162639e-01
1.967666e+14	9.999980e-01	1.987093e-01
1.967407e+14	9.999976e-01	-1.882894e-02
1.967148e+14	9.999984e-01	-2.363856e-01
1.966890e+14	1.000003e+00	-4.540020e-01
1.966632e+14	1.000007e+00	-6.717339e-01
1.966373e+14	9.999853e-01	-8.896533e-01
1.966115e+14	9.998760e-01	-1.107843e+00
1.965857e+14	9.995694e-01	-1.326379e+00
1.965599e+14	9.989007e-01	-1.545308e+00
1.965341e+14	9.976585e-01	-1.764615e+00
1.965083e+14	9.956091e-01	-1.984192e+00
1.964825e+14	9.925370e-01	-2.203827e+00
1.964567e+14	9.882955e-01	-2.423192e+00
1.964309e+14	9.828582e-01	-2.641875e+00
1.964051e+14	9.763569e-01	-2.859420e+00
1.963794e+14	9.690948e-01	-3.075397e+00
1.963536e+14	9.615309e-01	2.993722e+00
1.963279e+14	9.542362e-01	2.781749e+00
1.963021e+14	9.478338e-01	2.571852e+00
1.962764e+14	9.429327e-01	2.363789e+00
1.962507e+14	9.400662e-01	2.157099e+00
1.962249e+14	9.396372e-01	1.951121e+00
1.961992e+14	9.418720e-01	1.745043e+00
1.961735e+14	9.467770e-01	1.537957e+00
1.961478e+14	9.540978e-01	1.328940e+00
1.961221e+14	9.632859e-01	1.117146e+00
1.960964e+14	9.734837e-01	9.019270e-01
1.960707e+14	9.835525e-01	6.829533e-01
1.960450e+14	9.921703e-01	4.603316e-01
1.960194e+14	9.980137e-01	2.346735e-01
1.959937e+14	1.000006e+00	7.080439e-03
1.959681e+14	9.975662e-01	-2.209843e-01
1.959424e+14	9.907647e-01	-4.479210e-01
1.959168e+14	9.803200e-01	-6.722610e-01
1.958911e+14	9.674348e-01	-8.928995e-01
1.958655e+14	9.535423e-01	-1.109234e+00
1.958399e+14	9.400575e-01	-1.321189e+00
1.958143e+14	9.281979e-01	-1.529158e+00
1.957886e+14	9.188896e-01	-1.733891e+00
1.957630e+14	9.127423e-01	-1.936376e+00
1.957374e+14	9.100635e-01	-2.137717e+00
1.957119e+14	9.108856e-01	-2.339041e+00
1.956863e+14	9.149944e-01	-2.541408e+00
1.956607e+14	9.219549e-01	-2.745733e+00
1.956351e+14	9.311400e-01	-2.952721e+00
1.956096e+14	9.417728e-01	3.120376e+00
1.955840e+14	9.529917e-01	2.907054e+00
1.955585e+14	9.639399e-01	2.690672e+00
1.955329e+14	9.738701e-01	2.471670e+00
1.955074e+14	9.822407e-01	2.250680e+00
1.954818e+14	9.887772e-01	2.028406e+00
1.954563e+14	9.934778e-01	1.805513e+00
1.954308e+14	9.965633e-01	1.582528e+00
1.954053e+14	9.983879e-01	1.359785e+00
1.953798e+14	9.993420e-01	1.137422e+00
1.953543e+14	9.997722e-01	9.154113e-01
1.953288e+14	9.999346e-01	6.936187e-01
1.953033e+14	9.999850e-01	4.718614e-01
1.952779e+14	9.999976e-01	2.499519e-01
1.952524e+14	9.999990e-01	2.771740e-02
1.952269e+14	9.999994e-01	-1.950103e-01
1.952015e+14	1.000005e+00	-4.184265e-01
1.951760e+14	9.999986e-01	-6.427935e-01
1.951506e+14	9.998858e-01	-8.684681e-01
1.951251e+14	9.994119e-01	-1.095895e+00
1.950997e+14	9.980716e-01	-1.325544e+00
1.950743e+14	9.950426e-01	-1.557787e+00
1.950489e+14	9.891941e-01	-1.792707e+00
1.950234e+14	9.792199e-01	-2.029891e+00
1.949980e+14	9.639236e-01	-2.268254e+00
1.949726e+14	9.426092e-01	-2.506009e+00
1.949473e+14	9.154339e-01	-2.740844e+00
1.949219e+14	8.835430e-01	-2.970293e+00
1.948965e+14	8.488943e-01	3.090988e+00
1.948711e+14	8.138531e-01	2.878111e+00
1.948458e+14	7.807578e-01	2.674877e+00
1.948204e+14	7.516276e-01	2.481037e+00
1.947951e+14	7.280691e-01	2.295595e+00
1.947697e+14	7.113406e-01	2.116944e+00
1.947444e+14	7.025017e-01	1.942949e+00
1.947190e+14	7.025876e-01	1.770938e+00
1.946937e+14	7.127645e-01	1.597576e+00
1.946684e+14	7.344179e-01	1.418592e+00
1.946431e+14	7.690526e-01	1.228334e+00
1.946178e+14	8.176781e-01	1.019217e+00
1.945925e+14	8.788900e-01	7.813949e-01
1.945672e+14	9.443809e-01	5.040055e-01
1.945419e+14	9.925991e-01	1.810505e-01
1.945166e+14	9.914662e-01	-1.765925e-01
1.944914e+14	9.252787e-01	-5.356708e-01
1.944661e+14	8.162831e-01	-8.599114e-01
1.944408e+14	7.003975e-01	-1.133464e+00
1.944156e+14	5.987206e-01	-1.359734e+00
1.943903e+14	5.167078e-01	-1.548998e+00
1.943651e+14	4.527390e-01	-1.711138e+00
1.943399e+14	4.034408e-01	-1.853737e+00
1.943146e+14	3.656420e-01	-1.982248e+00
1.942894e+14	3.368400e-01	-2.100561e+00
1.942642e+14	3.151846e-01	-2.211503e+00
1.942390e+14	2.993524e-01	-2.317197e+00
1.942138e+14	2.884244e-01	-2.419309e+00
1.941886e+14	2.817931e-01	-2.519212e+00
1.941634e+14	2.790995e-01	-2.618111e+00
1.941382e+14	2.801946e-01	-2.717132e+00
1.941131e+14	2.851224e-01	-2.817399e+00
1.940879e+14	2.941194e-01	-2.920107e+00
1.940627e+14	3.076320e-01	-3.026601e+00
1.940376e+14	3.263475e-01	-3.138469e+00
1.940124e+14	3.512395e-01	3.025527e+00
1.939873e+14	3.836153e-01	2.896567e+00
1.939622e+14	4.251389e-01	2.754711e+00
1.939370e+14	4.777491e-01	2.595976e+00
1.939119e+14	5.432981e-01	2.415450e+00
1.938868e+14	6.225715e-01	2.207592e+00
1.938617e+14	7.133124e-01	1.967459e+00
1.938366e+14	8.076403e-01	1.693486e+00
1.938115e+14	8.917018e-01	1.391199e+00
1.937864e+14	9.517371e-01	1.074219e+00
1.937613e+14	9.836567e-01	7.586703e-01
1.937362e+14	9.949157e-01	4.546149e-01
1.937112e+14	9.968216e-01	1.624965e-01
1.936861e+14	9.968483e-01	-1.242974e-01
1.936611e+14	9.955431e-01	-4.149156e-01
1.936360e+14	9.863882e-01	-7.166054e-01
1.936110e+14	9.583457e-01	-1.030208e+00
1.935859e+14	9.028691e-01	-1.347112e+00
1.935609e+14	8.221241e-01	-1.651750e+00
1.935359e+14	7.288368e-01	-1.929764e+00
1.935109e+14	6.372800e-01	-2.174400e+00
1.934858e+14	5.562799e-01	-2.386365e+00
1.934608e+14	4.887979e-01	-2.570262e+00
1.934358e+14	4.343887e-01	-2.731605e+00
1.934109e+14	3.913084e-01	-2.875401e+00
1.933859e+14	3.576182e-01	-3.005747e+00
1.933609e+14	3.316156e-01	-3.125873e+00
1.933359e+14	3.119451e-01	3.044879e+00
1.933110e+14	2.975867e-01	2.938137e+00
1.932860e+14	2.878104e-01	2.835464e+00
1.932610e+14	2.821299e-01	2.735497e+00
1.932361e+14	2.802687e-01	2.637039e+00
1.932112e+14	2.821399e-01	2.538980e+00
1.931862e+14	2.878420e-01	2.440229e+00
1.931613e+14	2.976709e-01	2.339636e+00
1.931364e+14	3.121502e-01	2.235914e+00
1.931115e+14	3.320842e-01	2.127532e+00
1.930865e+14	3.586369e-01	2.012571e+00
1.930616e+14	3.934384e-01	1.888511e+00
1.930368e+14	4.387041e-01	1.751936e+00
1.930119e+14	4.972904e-01	1.598101e+00
1.929870e+14	5.724394e-01	1.420412e+00
1.929621e+14	6.665067e-01	1.210085e+00
1.929372e+14	7.771778e-01	9.570749e-01
1.929124e+14	8.900598e-01	6.548689e-01
1.928875e+14	9.742358e-01	3.110919e-01
1.928627e+14	9.996423e-01	-4.528463e-02
1.928378e+14	9.678207e-01	-3.783696e-01
1.928130e+14	9.072044e-01	-6.690306e-01
1.927882e+14	8.437823e-01	-9.179371e-01
1.927633e+14	7.901352e-01	-1.134472e+00
1.927385e+14	7.497957e-01	-1.328697e+00
1.927137e+14	7.225220e-01	-1.508777e+00
1.926889e+14	7.069892e-01	-1.680858e+00
1.926641e+14	7.017946e-01	-1.849559e+00
1.926393e+14	7.057257e-01	-2.018431e+00
1.926145e+14	7.177489e-01	-2.190293e+00
1.925897e+14	7.368950e-01	-2.367414e+00
1.925650e+14	7.621096e-01	-2.551585e+00
1.925402e+14	7.921018e-01	-2.744088e+00
1.925154e+14	8.252339e-01	-2.945605e+00
1.924907e+14	8.595088e-01	3.127093e+00
1.924659e+14	8.927117e-01	2.908472e+00
1.924412e+14	9.227180e-01	2.683307e+00
1.924165e+14	9.478875e-01	2.453716e+00
1.923917e+14	9.673795e-01	2.221986e+00
1.923670e+14	9.812408e-01	1.990173e+00
1.923423e+14	9.902320e-01	1.759811e+00
1.923176e+14	9.954975e-01	1.531793e+00
1.922929e+14	9.982329e-01	1.306426e+00
1.922682e+14	9.994531e-01	1.083595e+00
1.922435e+14	9.998911e-01	8.629455e-01
1.922188e+14	9.999985e-01	6.440436e-01
1.921941e+14	1.000005e+00	4.264821e-01
1.921694e+14	9.999998e-01	2.099328e-01
1.921448e+14	9.999991e-01	-5.847774e-03
1.921201e+14	9.999983e-01	-2.210413e-01
1.920955e+14	9.999886e-01	-4.358017e-01
1.920708e+14	9.999499e-01	-6.502840e-01
1.920462e+14	9.998254e-01	-8.646559e-01
1.920215e+14	9.994928e-01	-1.079086e+00
1.919969e+14	9.987442e-01	-1.293711e+00
1.919723e+14	9.972886e-01	-1.508588e+00
1.919477e+14	9.947819e-01	-1.723645e+00
1.919231e+14	9.908865e-01	-1.938643e+00
1.918985e+14	9.853499e-01	-2.153175e+00
1.918739e+14	9.780838e-01	-2.366690e+00
1.918493e+14	9.692217e-01	-2.578564e+00
1.918247e+14	9.591349e-01	-2.788190e+00
1.918001e+14	9.484025e-01	-2.995077e+00
1.917756e+14	9.377435e-01	3.084252e+00
1.917510e+14	9.279310e-01	2.883473e+00
1.917264e+14	9.197089e-01	2.685550e+00
1.917019e+14	9.137261e-01	2.490015e+00
1.916773e+14	9.104901e-01	2.296184e+00
1.916528e+14	9.103374e-01	2.103211e+00
1.916283e+14	9.134122e-01	1.910146e+00
1.916037e+14	9.196465e-01	1.715996e+00
1.915792e+14	9.287384e-01	1.519797e+00
1.915547e+14	9.401309e-01	1.320697e+00
1.915302e+14	9.530034e-01	1.118050e+00
1.915057e+14	9.662936e-01	9.115100e-01
1.914812e+14	9.787720e-01	7.011183e-01
1.914567e+14	9.891811e-01	4.873565e-01
1.914322e+14	9.964302e-01	2.711302e-01
1.914077e+14	9.998002e-01	5.367206e-02
1.913833e+14	9.990921e-01	-1.636327e-01
1.913588e+14	9.946612e-01	-3.794579e-01
1.913344e+14	9.873237e-01	-5.927294e-01
1.913099e+14	9.781740e-01	-8.027534e-01
1.912855e+14	9.683801e-01	-1.009259e+00
1.912610e+14	9.590149e-01	-1.212367e+00
1.912366e+14	9.509493e-01	-1.412510e+00
1.912122e+14	9.448055e-01	-1.610334e+00
1.911877e+14	9.409537e-01	-1.806602e+00
1.911633e+14	9.395320e-01	-2.002112e+00
1.911389e+14	9.404763e-01	-2.197625e+00
1.911145e+14	9.435531e-01	-2.393810e+00
1.910901e+14	9.483936e-01	-2.591201e+00
1.910657e+14	9.545311e-01	-2.790168e+00
1.910413e+14	9.614435e-01	-2.990902e+00
1.910170e+14	9.686008e-01	3.089774e+00
1.909926e+14	9.755158e-01	2.885641e+00
1.909682e+14	9.817897e-01	2.680164e+00
1.909439e+14	9.871460e-01	2.473704e+00
1.909195e+14	9.914460e-01	2.266647e+00
1.908952e+14	9.946817e-01	2.059355e+00
1.908708e+14	9.969508e-01	1.852130e+00
1.908465e+14	9.984199e-01	1.645186e+00
1.908222e+14	9.992847e-01	1.438651e+00
1.907979e+14	9.997358e-01	1.232569e+00
1.907735e+14	9.999342e-01	1.026928e+00
1.907492e+14	9.999998e-01	8.216728e-01
1.907249e+14	1.000009e+00	6.167369e-01
1.907006e+14	1.000004e+00	4.120521e-01
1.906763e+14	1.000000e+00	2.075611e-01
1.906521e+14	9.999999e-01	3.219916e-03
1.906278e+14	1.000000e+00	-2.010050e-01
1.906035e+14	9.999978e-01	-4.051423e-01
1.905792e+14	9.999879e-01	-6.092219e-01
1.905550e+14	9.999595e-01	-8.132781e-01
1.905307e+14	9.998883e-01	-1.017349e+00
1.905065e+14	9.997304e-01	-1.221473e+00
1.904822e+14	9.994195e-01	-1.425673e+00
1.904580e+14	9.988686e-01	-1.629951e+00
1.904338e+14	9.979786e-01	-1.834273e+00
1.904096e+14	9.966539e-01	-2.038560e+00
1.903853e+14	9.948207e-01	-2.242689e+00
1.903611e+14	9.924471e-01	-2.446495e+00
1.903369e+14	9.895604e-01	-2.649791e+00
1.903127e+14	9.862560e-01	-2.852390e+00
1.902885e+14	9.826976e-01	-3.054128e+00
1.902644e+14	9.791064e-01	3.028293e+00
1.902402e+14	9.757410e-01	2.828543e+00
1.902160e+14	9.728719e-01	2.629758e+00
1.901918e+14	9.707539e-01	2.431804e+00
1.901677e+14	9.695984e-01	2.234458e+00
1.901435e+14	9.695509e-01	2.037430e+00
1.901194e+14	9.706720e-01	1.840387e+00
1.900952e+14	9.729256e-01	1.642974e+00
1.900711e+14	9.761735e-01	1.444859e+00
1.900470e+14	9.801784e-01	1.245756e+00
1.900228e+14	9.846176e-01	1.045465e+00
1.899987e+14	9.891069e-01	8.438977e-01
1.899746e+14	9.932373e-01	6.410944e-01
1.899505e+14	9.966193e-01	4.372281e-01
1.899264e+14	9.989316e-01	2.325920e-01
1.899023e+14	9.999646e-01	2.756814e-02
1.898782e+14	9.996490e-01	-1.774163e-01
1.898542e+14	9.980647e-01	-3.819403e-01
1.898301e+14	9.954258e-01	-5.856388e-01
1.898060e+14	9.920476e-01	-7.882419e-01
1.897819e+14	9.883013e-01	-9.895994e-01
1.897579e+14	9.845673e-01	-1.189688e+00
1.897338e+14	9.811934e-01	-1.388600e+00
1.897098e+14	9.784640e-01	-1.586527e+00
1.896858e+14	9.765804e-01	-1.783727e+00
1.896617e+14	9.756521e-01	-1.980496e+00
1.896377e+14	9.756977e-01	-2.177135e+00
1.896137e+14	9.766534e-01	-2.373923e+00
1.895897e+14	9.783864e-01	-2.571093e+00
1.895657e+14	9.807136e-01	-2.768818e+00
1.895417e+14	9.834230e-01	-2.967198e+00
1.895177e+14	9.862958e-01	3.116926e+00
1.894937e+14	9.891286e-01	2.917223e+00
1.894697e+14	9.917513e-01	2.716973e+00
1.894457e+14	9.940406e-01	2.516305e+00
1.894217e+14	9.959256e-01	2.315366e+00
1.893978e+14	9.973866e-01	2.114301e+00
1.893738e+14	9.984473e-01	1.913237e+00
1.893499e+14	9.991625e-01	1.712271e+00
1.893259e+14	9.996042e-01	1.511469e+00
1.893020e+14	9.998480e-01	1.310864e+00
1.892780e+14	9.999629e-01	1.110461e+00
1.892541e+14	1.000004e+00	9.102473e-01
1.892302e+14	1.000011e+00	7.101990e-01
1.892063e+14	1.000007e+00	5.102886e-01
1.891824e+14	1.000002e+00	3.104904e-01
1.891585e+14	1.000001e+00	1.107836e-01
1.891346e+14	1.000001e+00	-8.884750e-02
1.891107e+14	1.000001e+00	-2.884151e-01
1.890868e+14	9.999992e-01	-4.879305e-01
1.890629e+14	9.999921e-01	-6.874060e-01
1.890390e+14	9.999735e-01	-8.868561e-01
1.890152e+14	9.999313e-01	-1.086297e+00
1.889913e+14	9.998444e-01	-1.285744e+00
1.889674e+14	9.996819e-01	-1.485206e+00
1.889436e+14	9.994041e-01	-1.684682e+00
1.889197e+14	9.989666e-01	-1.884155e+00
1.888959e+14	9.983261e-01	-2.083588e+00
1.888721e+14	9.974490e-01	-2.282925e+00
1.888482e+14	9.963196e-01	-2.482091e+00
1.888244e+14	9.949476e-01	-2.681002e+00
1.888006e+14	9.933736e-01	-2.879569e+00
1.887768e+14	9.916694e-01	-3.077717e+00
1.887530e+14	9.899350e-01	3.007798e+00
1.887292e+14	9.882911e-01	2.810628e+00
1.887054e+14	9.868676e-01	2.613945e+00
1.886816e+14	9.857903e-01	2.417690e+00
1.886578e+14	9.851677e-01	2.221763e+00
1.886341e+14	9.850773e-01	2.026031e+00
1.886103e+14	9.855557e-01	1.830335e+00
1.885865e+14	9.865913e-01	1.634506e+00
1.885628e+14	9.881214e-01	1.438380e+00
1.885390e+14	9.900343e-01	1.241818e+00
1.885153e+14	9.921767e-01	1.044717e+00
1.884916e+14	9.943662e-01	8.470285e-01
1.884678e+14	9.964082e-01	6.487616e-01
1.884441e+14	9.981163e-01	4.499881e-01
1.884204e+14	9.993329e-01	2.508356e-01
1.883967e+14	9.999477e-01	5.147593e-02
1.883730e+14	9.999110e-01	-1.478934e-01
1.883493e+14	9.992394e-01	-3.470704e-01
1.883256e+14	9.980132e-01	-5.458707e-01
1.883019e+14	9.963652e-01	-7.441468e-01
1.882782e+14	9.944641e-01	-9.418018e-01
1.882545e+14	9.924946e-01	-1.138797e+00
1.882309e+14	9.906374e-01	-1.335153e+00
1.882072e+14	9.890515e-01	-1.530942e+00
1.881835e+14	9.878609e-01	-1.726278e+00
1.881599e+14	9.871461e-01	-1.921302e+00
1.881362e+14	9.869407e-01	-2.116168e+00
1.881126e+14	9.872324e-01	-2.311025e+00
1.880890e+14	9.879688e-01	-2.506006e+00
1.880653e+14	9.890656e-01	-2.701215e+00
1.880417e+14	9.904178e-01	-2.896723e+00
1.880181e+14	9.919113e-01	-3.092562e+00
1.879945e+14	9.934351e-01	2.994457e+00
1.879709e+14	9.948911e-01	2.797998e+00
1.879473e+14	9.962027e-01	2.601305e+00
1.879237e+14	9.973190e-01	2.404450e+00
1.879001e+14	9.982160e-01	2.207509e+00
1.878765e+14	9.988940e-01	2.010552e+00
1.878529e+14	9.993727e-01	1.813640e+00
1.878294e+14	9.996848e-01	1.616817e+00
1.878058e+14	9.998689e-01	1.420109e+00
1.877822e+14	9.999636e-01	1.223529e+00
1.877587e+14	1.000003e+00	1.027075e+00
1.877351e+14	1.000012e+00	8.307382e-01
1.877116e+14	1.000009e+00	6.345053e-01
1.876881e+14	1.000004e+00	4.383613e-01
1.876645e+14	1.000002e+00	2.422933e-01
1.876410e+14	1.000001e+00	4.629102e-02
1.876175e+14	1.000002e+00	-1.496534e-01
1.875940e+14	1.000002e+00	-3.455458e-01
1.875705e+14	1.000001e+00	-5.413921e-01
1.875470e+14	9.999960e-01	-7.371986e-01
1.875235e+14	9.999836e-01	-9.329730e-01
1.875000e+14	9.999567e-01	-1.128724e+00
("port 2","TE",1,"port 2",1,"modulation")
(1,1)
0.00286
(500,3)
2.000000e+14	3.943366e-02	-1.152027e+00
1.999733e+14	2.971397e-02	-1.381932e+00
1.999466e+14	2.155475e-02	-1.613590e+00
1.999199e+14	1.508746e-02	-1.846724e+00
1.998932e+14	1.032109e-02	-2.079204e+00
1.998665e+14	7.145533e-03	-2.304338e+00
1.998398e+14	5.343434e-03	-2.510100e+00
1.998131e+14	4.609033e-03	-2.690855e+00
1.997865e+14	4.563306e-03	-2.860272e+00
1.997598e+14	4.769446e-03	-3.032356e+00
1.997332e+14	4.764886e-03	3.080779e+00
1.997065e+14	4.103085e-03	2.941321e+00
1.996799e+14	2.452459e-03	2.978618e+00
1.996532e+14	1.767908e-03	-1.738108e+00
1.996266e+14	6.410793e-03	-1.332992e+00
1.996000e+14	1.337062e-02	-1.440137e+00
1.995734e+14	2.239777e-02	-1.616565e+00
1.995468e+14	3.339773e-02	-1.814620e+00
1.995202e+14	4.616581e-02	-2.022100e+00
1.994936e+14	6.037274e-02	-2.234440e+00
1.994670e+14	7.557329e-02	-2.449506e+00
1.994404e+14	9.122551e-02	-2.666134e+00
1.994139e+14	1.067174e-01	-2.883611e+00
1.993873e+14	1.213986e-01	-3.101473e+00
1.993608e+14	1.346131e-01	2.963771e+00
1.993342e+14	1.457314e-01	2.745931e+00
1.993077e+14	1.541775e-01	2.528273e+00
1.992812e+14	1.594506e-01	2.310788e+00
1.992546e+14	1.611424e-01	2.093391e+00
1.992281e+14	1.589498e-01	1.875947e+00
1.992016e+14	1.526860e-01	1.658293e+00
1.991751e+14	1.422919e-01	1.440271e+00
1.991486e+14	1.278475e-01	1.221773e+00
1.991221e+14	1.095834e-01	1.002793e+00
1.990956e+14	8.788850e-02	7.835295e-01
1.990691e+14	6.331085e-02	5.646811e-01
1.990427e+14	3.654698e-02	3.490517e-01
1.990162e+14	8.425234e-03	1.757111e-01
1.989898e+14	2.020339e-02	3.005031e+00
1.989633e+14	4.834414e-02	2.798270e+00
1.989369e+14	7.512468e-02	2.580470e+00
1.989104e+14	9.971695e-02	2.361111e+00
1.988840e+14	1.214142e-01	2.141710e+00
1.988576e+14	1.396559e-01	1.922711e+00
1.988312e+14	1.540394e-01	1.704214e+00
1.988048e+14	1.643203e-01	1.486152e+00
1.987784e+14	1.704057e-01	1.268357e+00
1.987520e+14	1.723441e-01	1.050610e+00
1.987256e+14	1.703150e-01	8.326739e-01
1.986992e+14	1.646200e-01	6.143237e-01
1.986729e+14	1.556727e-01	3.953664e-01
1.986465e+14	1.439875e-01	1.756533e-01
1.986201e+14	1.301636e-01	-4.492017e-02
1.985938e+14	1.148624e-01	-2.664249e-01
1.985674e+14	9.877839e-02	-4.889212e-01
1.985411e+14	8.260448e-02	-7.124922e-01
1.985148e+14	6.699451e-02	-9.372859e-01
1.984885e+14	5.252670e-02	-1.163562e+00
1.984622e+14	3.967181e-02	-1.391733e+00
1.984358e+14	2.876855e-02	-1.622344e+00
1.984095e+14	2.000796e-02	-1.855824e+00
1.983832e+14	1.342657e-02	-2.091448e+00
1.983570e+14	8.908436e-03	-2.324260e+00
1.983307e+14	6.197157e-03	-2.540227e+00
1.983044e+14	4.921405e-03	-2.722098e+00
1.982781e+14	4.620968e-03	-2.876418e+00
1.982519e+14	4.756945e-03	-3.027483e+00
1.982256e+14	4.742298e-03	3.106269e+00
1.981994e+14	4.003665e-03	2.997358e+00
1.981732e+14	2.176834e-03	-3.102945e+00
1.981469e+14	2.791364e-03	-1.465054e+00
1.981207e+14	8.698260e-03	-1.281020e+00
1.980945e+14	1.736163e-02	-1.403864e+00
1.980683e+14	2.871870e-02	-1.581640e+00
1.980421e+14	4.271180e-02	-1.778436e+00
1.980159e+14	5.912821e-02	-1.983975e+00
1.979897e+14	7.758597e-02	-2.194157e+00
1.979635e+14	9.754296e-02	-2.406956e+00
1.979373e+14	1.183206e-01	-2.621194e+00
1.979112e+14	1.391395e-01	-2.836101e+00
1.978850e+14	1.591628e-01	-3.051136e+00
1.978588e+14	1.775424e-01	3.017257e+00
1.978327e+14	1.934614e-01	2.802937e+00
1.978066e+14	2.061682e-01	2.589183e+00
1.977804e+14	2.150004e-01	2.375953e+00
1.977543e+14	2.193983e-01	2.163088e+00
1.977282e+14	2.189128e-01	1.950332e+00
1.977021e+14	2.132118e-01	1.737362e+00
1.976760e+14	2.020898e-01	1.523830e+00
1.976499e+14	1.854861e-01	1.309418e+00
1.976238e+14	1.635092e-01	1.093895e+00
1.975977e+14	1.364685e-01	8.771945e-01
1.975716e+14	1.049023e-01	6.595529e-01
1.975455e+14	6.959325e-02	4.419518e-01
1.975195e+14	3.155921e-02	2.297294e-01
1.974934e+14	8.015967e-03	3.069875e+00
1.974674e+14	4.775209e-02	2.901269e+00
1.974413e+14	8.635393e-02	2.684968e+00
1.974153e+14	1.225517e-01	2.466637e+00
1.973892e+14	1.552540e-01	2.248782e+00
1.973632e+14	1.835905e-01	2.032075e+00
1.973372e+14	2.069309e-01	1.816682e+00
1.973112e+14	2.248757e-01	1.602500e+00
1.972852e+14	2.372309e-01	1.389252e+00
1.972592e+14	2.439779e-01	1.176548e+00
1.972332e+14	2.452475e-01	9.639450e-01
1.972072e+14	2.413042e-01	7.509980e-01
1.971812e+14	2.325389e-01	5.373028e-01
1.971553e+14	2.194686e-01	3.225297e-01
1.971293e+14	2.027364e-01	1.064433e-01
1.971034e+14	1.831050e-01	-1.110948e-01
1.970774e+14	1.614393e-01	-3.301414e-01
1.970515e+14	1.386723e-01	-5.507077e-01
1.970255e+14	1.157585e-01	-7.728135e-01
1.969996e+14	9.361630e-02	-9.965596e-01
1.969737e+14	7.306961e-02	-1.222217e+00
1.969478e+14	5.479540e-02	-1.450328e+00
1.969219e+14	3.928346e-02	-1.681801e+00
1.968960e+14	2.681132e-02	-1.917854e+00
1.968701e+14	1.743372e-02	-2.159255e+00
1.968442e+14	1.098444e-02	-2.402839e+00
1.968183e+14	7.090616e-03	-2.632039e+00
1.967924e+14	5.211775e-03	-2.813504e+00
1.967666e+14	4.695204e-03	-2.941634e+00
1.967407e+14	4.778664e-03	-3.056780e+00
1.967148e+14	4.614039e-03	3.120140e+00
1.966890e+14	3.411954e-03	3.127125e+00
1.966632e+14	1.906376e-03	-2.060677e+00
1.966373e+14	6.912169e-03	-1.218469e+00
1.966115e+14	1.631692e-02	-1.261938e+00
1.965857e+14	2.965346e-02	-1.416756e+00
1.965599e+14	4.707208e-02	-1.603471e+00
1.965341e+14	6.852701e-02	-1.803700e+00
1.965083e+14	9.370661e-02	-2.010868e+00
1.964825e+14	1.220197e-01	-2.221910e+00
1.964567e+14	1.526120e-01	-2.435052e+00
1.964309e+14	1.844126e-01	-2.649070e+00
1.964051e+14	2.162070e-01	-2.863024e+00
1.963794e+14	2.467251e-01	-3.076174e+00
1.963536e+14	2.747293e-01	2.995211e+00
1.963279e+14	2.990834e-01	2.785081e+00
1.963021e+14	3.187923e-01	2.576705e+00
1.962764e+14	3.330092e-01	2.369913e+00
1.962507e+14	3.410174e-01	2.164296e+00
1.962249e+14	3.421975e-01	1.959238e+00
1.961992e+14	3.359975e-01	1.753959e+00
1.961735e+14	3.219174e-01	1.547584e+00
1.961478e+14	2.995247e-01	1.339221e+00
1.961221e+14	2.685111e-01	1.128065e+00
1.960964e+14	2.287965e-01	9.135302e-01
1.960707e+14	1.806744e-01	6.954222e-01
1.960450e+14	1.249692e-01	4.742374e-01
1.960194e+14	6.315147e-02	2.525778e-01
1.959937e+14	2.708146e-03	2.977451e+00
1.959681e+14	6.986576e-02	2.923939e+00
1.959424e+14	1.356645e-01	2.700390e+00
1.959168e+14	1.974636e-01	2.477112e+00
1.958911e+14	2.531576e-01	2.256890e+00
1.958655e+14	3.012900e-01	2.040668e+00
1.958399e+14	3.410425e-01	1.828633e+00
1.958143e+14	3.721107e-01	1.620432e+00
1.957886e+14	3.945369e-01	1.415329e+00
1.957630e+14	4.085568e-01	1.212337e+00
1.957374e+14	4.144895e-01	1.010338e+00
1.957119e+14	4.126798e-01	8.081866e-01
1.956863e+14	4.034879e-01	6.047927e-01
1.956607e+14	3.873198e-01	3.991985e-01
1.956351e+14	3.646863e-01	1.906413e-01
1.956096e+14	3.362770e-01	-2.139585e-02
1.955840e+14	3.030271e-01	-2.371582e-01
1.955585e+14	2.661554e-01	-4.566306e-01
1.955329e+14	2.271479e-01	-6.796003e-01
1.955074e+14	1.876771e-01	-9.057776e-01
1.954818e+14	1.494639e-01	-1.134975e+00
1.954563e+14	1.141127e-01	-1.367342e+00
1.954308e+14	8.295564e-02	-1.603660e+00
1.954053e+14	5.693673e-02	-1.845732e+00
1.953798e+14	3.654853e-02	-2.096794e+00
1.953543e+14	2.181311e-02	-2.361115e+00
1.953288e+14	1.228851e-02	-2.637456e+00
1.953033e+14	7.091292e-03	-2.889334e+00
1.952779e+14	5.020671e-03	-3.022836e+00
1.952524e+14	4.751267e-03	-3.048399e+00
1.952269e+14	4.673053e-03	-3.051531e+00
1.952015e+14	3.281628e-03	-2.781129e+00
1.951760e+14	4.859608e-03	-1.371085e+00
1.951506e+14	1.579591e-02	-1.127899e+00
1.951251e+14	3.459917e-02	-1.232449e+00
1.950997e+14	6.224640e-02	-1.408588e+00
1.950743e+14	9.955841e-02	-1.611775e+00
1.950489e+14	1.466863e-01	-1.828891e+00
1.950234e+14	2.028554e-01	-2.054289e+00
1.949980e+14	2.662198e-01	-2.284415e+00
1.949726e+14	3.339300e-01	-2.516177e+00
1.949473e+14	4.024943e-01	-2.746512e+00
1.949219e+14	4.683715e-01	-2.972496e+00
1.948965e+14	5.285807e-01	3.091508e+00
1.948711e+14	5.810863e-01	2.880808e+00
1.948458e+14	6.248475e-01	2.679340e+00
1.948204e+14	6.596000e-01	2.486948e+00
1.947951e+14	6.855149e-01	2.302708e+00
1.947697e+14	7.028580e-01	2.125062e+00
1.947444e+14	7.116921e-01	1.951915e+00
1.947190e+14	7.116073e-01	1.780625e+00
1.946937e+14	7.014138e-01	1.607883e+00
1.946684e+14	6.787088e-01	1.429438e+00
1.946431e+14	6.391983e-01	1.239663e+00
1.946178e+14	5.756917e-01	1.031002e+00
1.945925e+14	4.770470e-01	7.936730e-01
1.945672e+14	3.288925e-01	5.170144e-01
1.945419e+14	1.215588e-01	1.968179e-01
1.945166e+14	1.304852e-01	2.973206e+00
1.944914e+14	3.793273e-01	2.616724e+00
1.944661e+14	5.776743e-01	2.293020e+00
1.944408e+14	7.137677e-01	2.019669e+00
1.944156e+14	8.009686e-01	1.793460e+00
1.943903e+14	8.561701e-01	1.604166e+00
1.943651e+14	8.916498e-01	1.441925e+00
1.943399e+14	9.150114e-01	1.299158e+00
1.943146e+14	9.307605e-01	1.170413e+00
1.942894e+14	9.415663e-01	1.051796e+00
1.942642e+14	9.490344e-01	9.404739e-01
1.942390e+14	9.541463e-01	8.343141e-01
1.942138e+14	9.575062e-01	7.316386e-01
1.941886e+14	9.594785e-01	6.310554e-01
1.941634e+14	9.602654e-01	5.313379e-01
1.941382e+14	9.599464e-01	4.313310e-01
1.941131e+14	9.584943e-01	3.298721e-01
1.940879e+14	9.557719e-01	2.257136e-01
1.940627e+14	9.515087e-01	1.174390e-01
1.940376e+14	9.452533e-01	3.361680e-03
1.940124e+14	9.362894e-01	-1.186035e-01
1.939873e+14	9.234971e-01	-2.511078e-01
1.939622e+14	9.051328e-01	-3.975798e-01
1.939370e+14	8.785019e-01	-5.624678e-01
1.939119e+14	8.395468e-01	-7.514358e-01
1.938868e+14	7.825718e-01	-9.713018e-01
1.938617e+14	7.008582e-01	-1.229312e+00
1.938366e+14	5.896923e-01	-1.531529e+00
1.938115e+14	4.526484e-01	-1.882112e+00
1.937864e+14	3.069543e-01	-2.291042e+00
1.937613e+14	1.801230e-01	-2.806841e+00
1.937362e+14	1.008332e-01	2.719033e+00
1.937112e+14	7.981907e-02	1.872513e+00
1.936861e+14	7.948550e-02	1.539298e+00
1.936611e+14	9.444024e-02	1.757376e+00
1.936360e+14	1.645119e-01	1.953267e+00
1.936110e+14	2.856567e-01	1.866794e+00
1.935859e+14	4.299452e-01	1.652298e+00
1.935609e+14	5.693290e-01	1.400482e+00
1.935359e+14	6.847026e-01	1.152946e+00
1.935109e+14	7.706438e-01	9.274141e-01
1.934858e+14	8.310040e-01	7.281874e-01
1.934608e+14	8.724044e-01	5.531973e-01
1.934358e+14	9.007317e-01	3.983181e-01
1.934109e+14	9.202650e-01	2.593561e-01
1.933859e+14	9.338726e-01	1.327131e-01
1.933609e+14	9.434189e-01	1.548164e-02
1.933359e+14	9.501040e-01	-9.465127e-02
1.933110e+14	9.546984e-01	-1.995395e-01
1.932860e+14	9.576908e-01	-3.007024e-01
1.932610e+14	9.593794e-01	-3.994282e-01
1.932361e+14	9.599247e-01	-4.968592e-01
1.932112e+14	9.593763e-01	-5.940636e-01
1.931862e+14	9.576809e-01	-6.921033e-01
1.931613e+14	9.546716e-01	-7.921031e-01
1.931364e+14	9.500358e-01	-8.953321e-01
1.931115e+14	9.432529e-01	-1.003308e+00
1.930865e+14	9.334806e-01	-1.117940e+00
1.930616e+14	9.193548e-01	-1.241740e+00
1.930368e+14	8.986359e-01	-1.378118e+00
1.930119e+14	8.675893e-01	-1.531820e+00
1.929870e+14	8.199537e-01	-1.709440e+00
1.929621e+14	7.455081e-01	-1.919771e+00
1.929372e+14	6.292947e-01	-2.172888e+00
1.929124e+14	4.558671e-01	-2.475394e+00
1.928875e+14	2.255864e-01	-2.820169e+00
1.928627e+14	2.721844e-02	-1.874943e-02
1.928378e+14	2.516878e-01	-3.650467e-01
1.928130e+14	4.207149e-01	-6.565775e-01
1.927882e+14	5.367026e-01	-9.059685e-01
1.927633e+14	6.129458e-01	-1.122928e+00
1.927385e+14	6.616806e-01	-1.317592e+00
1.927137e+14	6.913579e-01	-1.498159e+00
1.926889e+14	7.072337e-01	-1.670799e+00
1.926641e+14	7.123885e-01	-1.840146e+00
1.926393e+14	7.084944e-01	-2.009774e+00
1.926145e+14	6.963116e-01	-2.182528e+00
1.925897e+14	6.760174e-01	-2.360708e+00
1.925650e+14	6.474593e-01	-2.546143e+00
1.925402e+14	6.104016e-01	-2.740170e+00
1.925154e+14	5.648055e-01	-2.943541e+00
1.924907e+14	5.111378e-01	3.126872e+00
1.924659e+14	4.506486e-01	2.905398e+00
1.924412e+14	3.855004e-01	2.676609e+00
1.924165e+14	3.186364e-01	2.442324e+00
1.923917e+14	2.533717e-01	2.204361e+00
1.923670e+14	1.928395e-01	1.964012e+00
1.923423e+14	1.395043e-01	1.721489e+00
1.923176e+14	9.489757e-02	1.475201e+00
1.922929e+14	5.959864e-02	1.220237e+00
1.922682e+14	3.338233e-02	9.434442e-01
1.922435e+14	1.544897e-02	6.008019e-01
1.922188e+14	4.882209e-03	-6.894221e-02
1.921941e+14	3.155352e-03	-1.908763e+00
1.921694e+14	4.601220e-03	-2.644837e+00
1.921448e+14	4.756854e-03	-3.081723e+00
1.921201e+14	4.935754e-03	2.789260e+00
1.920955e+14	6.618209e-03	2.472062e+00
1.920708e+14	1.101450e-02	2.279893e+00
1.920462e+14	1.924258e-02	2.122948e+00
1.920215e+14	3.217690e-02	1.955713e+00
1.919969e+14	5.031061e-02	1.773669e+00
1.919723e+14	7.373397e-02	1.580835e+00
1.919477e+14	1.021290e-01	1.380987e+00
1.919231e+14	1.347786e-01	1.176780e+00
1.918985e+14	1.706072e-01	9.701238e-01
1.918739e+14	2.082620e-01	7.625018e-01
1.918493e+14	2.462319e-01	5.551343e-01
1.918247e+14	2.829857e-01	3.490180e-01
1.918001e+14	3.171010e-01	1.449061e-01
1.917756e+14	3.473572e-01	-5.672682e-02
1.917510e+14	3.727784e-01	-2.557082e-01
1.917264e+14	3.926257e-01	-4.521660e-01
1.917019e+14	4.063542e-01	-6.465029e-01
1.916773e+14	4.135538e-01	-8.393522e-01
1.916528e+14	4.138898e-01	-1.031523e+00
1.916283e+14	4.070592e-01	-1.223941e+00
1.916037e+14	3.927715e-01	-1.417579e+00
1.915792e+14	3.707619e-01	-1.613390e+00
1.915547e+14	3.408427e-01	-1.812221e+00
1.915302e+14	3.029933e-01	-2.014727e+00
1.915057e+14	2.574831e-01	-2.221280e+00
1.914812e+14	2.050043e-01	-2.431905e+00
1.914567e+14	1.467736e-01	-2.646322e+00
1.914322e+14	8.455085e-02	-2.864442e+00
1.914077e+14	2.053736e-02	-3.096086e+00
1.913833e+14	4.286403e-02	-1.442045e-01
1.913588e+14	1.033017e-01	-3.654035e-01
1.913344e+14	1.587885e-01	-5.801605e-01
1.913099e+14	2.078395e-01	-7.910004e-01
1.912855e+14	2.495219e-01	-9.981232e-01
1.912610e+14	2.833923e-01	-1.201793e+00
1.912366e+14	3.093800e-01	-1.402504e+00
1.912122e+14	3.276628e-01	-1.600940e+00
1.911877e+14	3.385652e-01	-1.797891e+00
1.911633e+14	3.424906e-01	-1.994179e+00
1.911389e+14	3.398890e-01	-2.190589e+00
1.911145e+14	3.312520e-01	-2.387821e+00
1.910901e+14	3.171279e-01	-2.586445e+00
1.910657e+14	2.981461e-01	-2.786879e+00
1.910413e+14	2.750409e-01	-2.989374e+00
1.910170e+14	2.486640e-01	3.089162e+00
1.909926e+14	2.199783e-01	2.882397e+00
1.909682e+14	1.900284e-01	2.673632e+00
1.909439e+14	1.598893e-01	2.462988e+00
1.909195e+14	1.306018e-01	2.250489e+00
1.908952e+14	1.031044e-01	2.035919e+00
1.908708e+14	7.817548e-02	1.818606e+00
1.908465e+14	5.639212e-02	1.596997e+00
1.908222e+14	3.811068e-02	1.367651e+00
1.907979e+14	2.346785e-02	1.122175e+00
1.907735e+14	1.240487e-02	8.346950e-01
1.907492e+14	4.771439e-03	3.732441e-01
1.907249e+14	1.847902e-03	-1.362107e+00
1.907006e+14	3.702162e-03	-2.379512e+00
1.906763e+14	4.651878e-03	-2.759560e+00
1.906521e+14	4.759908e-03	-3.069051e+00
1.906278e+14	4.705948e-03	2.909982e+00
1.906035e+14	5.189069e-03	2.621653e+00
1.905792e+14	6.832433e-03	2.384952e+00
1.905550e+14	1.017749e-02	2.194698e+00
1.905307e+14	1.568726e-02	2.019637e+00
1.905065e+14	2.370058e-02	1.842405e+00
1.904822e+14	3.439889e-02	1.659045e+00
1.904580e+14	4.779465e-02	1.470180e+00
1.904338e+14	6.372891e-02	1.277217e+00
1.904096e+14	8.187605e-02	1.081399e+00
1.903853e+14	1.017576e-01	8.836873e-01
1.903611e+14	1.227660e-01	6.848228e-01
1.903369e+14	1.441977e-01	4.853902e-01
1.903127e+14	1.652929e-01	2.858534e-01
1.902885e+14	1.852777e-01	8.656977e-02
1.902644e+14	2.034036e-01	-1.122098e-01
1.902402e+14	2.189790e-01	-3.103452e-01
1.902160e+14	2.313922e-01	-5.078092e-01
1.901918e+14	2.401229e-01	-7.046844e-01
1.901677e+14	2.447468e-01	-9.011512e-01
1.901435e+14	2.449350e-01	-1.097470e+00
1.901194e+14	2.404537e-01	-1.293955e+00
1.900952e+14	2.311665e-01	-1.490946e+00
1.900711e+14	2.170431e-01	-1.688771e+00
1.900470e+14	1.981736e-01	-1.887721e+00
1.900228e+14	1.747882e-01	-2.088015e+00
1.899987e+14	1.472765e-01	-2.289792e+00
1.899746e+14	1.162014e-01	-2.493136e+00
1.899505e+14	8.229991e-02	-2.698225e+00
1.899264e+14	4.646443e-02	-2.906245e+00
1.899023e+14	9.706215e-03	-3.140815e+00
1.898782e+14	2.693114e-02	-1.535829e-01
1.898542e+14	6.237267e-02	-3.658943e-01
1.898301e+14	9.565987e-02	-5.718196e-01
1.898060e+14	1.259554e-01	-7.755996e-01
1.897819e+14	1.525896e-01	-9.777890e-01
1.897579e+14	1.750723e-01	-1.178582e+00
1.897338e+14	1.930867e-01	-1.378165e+00
1.897098e+14	2.064728e-01	-1.576780e+00
1.896858e+14	2.152057e-01	-1.774719e+00
1.896617e+14	2.193759e-01	-1.972307e+00
1.896377e+14	2.191728e-01	-2.169871e+00
1.896137e+14	2.148743e-01	-2.367722e+00
1.895897e+14	2.068406e-01	-2.566128e+00
1.895657e+14	1.955091e-01	-2.765306e+00
1.895417e+14	1.813899e-01	-2.965414e+00
1.895177e+14	1.650567e-01	3.116630e+00
1.894937e+14	1.471324e-01	2.914389e+00
1.894697e+14	1.282684e-01	2.710994e+00
1.894457e+14	1.091186e-01	2.506358e+00
1.894217e+14	9.030992e-02	2.300301e+00
1.893978e+14	7.241325e-02	2.092449e+00
1.893738e+14	5.591695e-02	1.882061e+00
1.893499e+14	4.120676e-02	1.667663e+00
1.893259e+14	2.855290e-02	1.446149e+00
1.893020e+14	1.810598e-02	1.210062e+00
1.892780e+14	9.905475e-03	9.363951e-01
1.892541e+14	3.943111e-03	5.063214e-01
1.892302e+14	1.449889e-03	-1.265715e+00
1.892063e+14	3.300299e-03	-2.300055e+00
1.891824e+14	4.449041e-03	-2.654152e+00
1.891585e+14	4.780526e-03	-2.931509e+00
1.891346e+14	4.696566e-03	3.086415e+00
1.891107e+14	4.643025e-03	2.820472e+00
1.890868e+14	5.054045e-03	2.565730e+00
1.890629e+14	6.319478e-03	2.342101e+00
1.890390e+14	8.776946e-03	2.148454e+00
1.890152e+14	1.270672e-02	1.967948e+00
1.889913e+14	1.831091e-02	1.788460e+00
1.889674e+14	2.569593e-02	1.605743e+00
1.889436e+14	3.486485e-02	1.419322e+00
1.889197e+14	4.571571e-02	1.229825e+00
1.888959e+14	5.804435e-02	1.038022e+00
1.888721e+14	7.155204e-02	8.445733e-01
1.888482e+14	8.585789e-02	6.500028e-01
1.888244e+14	1.005158e-01	4.547214e-01
1.888006e+14	1.150351e-01	2.590503e-01
1.887768e+14	1.289031e-01	6.323592e-02
1.887530e+14	1.416078e-01	-1.325424e-01
1.887292e+14	1.526589e-01	-3.281699e-01
1.887054e+14	1.616059e-01	-5.235945e-01
1.886816e+14	1.680518e-01	-7.188241e-01
1.886578e+14	1.716642e-01	-9.139211e-01
1.886341e+14	1.721822e-01	-1.108993e+00
1.886103e+14	1.694225e-01	-1.304180e+00
1.885865e+14	1.632841e-01	-1.499640e+00
1.885628e+14	1.537541e-01	-1.695535e+00
1.885390e+14	1.409126e-01	-1.892015e+00
1.885153e+14	1.249390e-01	-2.089206e+00
1.884916e+14	1.061149e-01	-2.287220e+00
1.884678e+14	8.482480e-02	-2.486189e+00
1.884441e+14	6.155028e-02	-2.686425e+00
1.884204e+14	3.685698e-02	-2.889261e+00
1.883967e+14	1.137588e-02	-3.109194e+00
1.883730e+14	1.424437e-02	-1.137250e-01
1.883493e+14	3.931204e-02	-3.281748e-01
1.883256e+14	6.320154e-02	-5.304389e-01
1.883019e+14	8.532948e-02	-7.303760e-01
1.882782e+14	1.051941e-01	-9.291160e-01
1.882545e+14	1.223889e-01	-1.126968e+00
1.882309e+14	1.366095e-01	-1.324092e+00
1.882072e+14	1.476541e-01	-1.520632e+00
1.881835e+14	1.554199e-01	-1.716746e+00
1.881599e+14	1.598969e-01	-1.912609e+00
1.881362e+14	1.611601e-01	-2.108403e+00
1.881126e+14	1.593636e-01	-2.304306e+00
1.880890e+14	1.547331e-01	-2.500487e+00
1.880653e+14	1.475600e-01	-2.697090e+00
1.880417e+14	1.381932e-01	-2.894236e+00
1.880181e+14	1.270304e-01	-3.092027e+00
1.879945e+14	1.145063e-01	2.992635e+00
1.879709e+14	1.010778e-01	2.793287e+00
1.879473e+14	8.720792e-02	2.592988e+00
1.879237e+14	7.334726e-02	2.391537e+00
1.879001e+14	5.991589e-02	2.188584e+00
1.878765e+14	4.728650e-02	1.983497e+00
1.878529e+14	3.577011e-02	1.775090e+00
1.878294e+14	2.560560e-02	1.560971e+00
1.878058e+14	1.695398e-02	1.335656e+00
1.877822e+14	9.899627e-03	1.083447e+00
1.877587e+14	4.476567e-03	7.351501e-01
1.877351e+14	1.182785e-03	-5.146496e-01
1.877116e+14	2.609763e-03	-2.121443e+00
1.876881e+14	4.048489e-03	-2.508880e+00
1.876645e+14	4.691959e-03	-2.779334e+00
1.876410e+14	4.782009e-03	-3.026393e+00
1.876175e+14	4.625265e-03	3.012281e+00
1.875940e+14	4.541009e-03	2.766292e+00
1.875705e+14	4.837191e-03	2.527840e+00
1.875470e+14	5.791627e-03	2.310687e+00
1.875235e+14	7.644104e-03	2.116281e+00
1.875000e+14	1.059128e-02	1.934151e+00
