("port 1","TE",1,"port 1",1,"modulation")
(1,1)
0.00286
(500,3)
2.000000e+14	1.918133e-02	-5.759080e-01
1.999733e+14	1.482778e-02	-6.872338e-01
1.999466e+14	1.091373e-02	-7.985240e-01
1.999199e+14	7.493872e-03	-9.097765e-01
1.998932e+14	4.617168e-03	-1.020991e+00
1.998665e+14	2.326226e-03	-1.132167e+00
1.998398e+14	6.567728e-04	-1.243307e+00
1.998131e+14	3.628056e-04	1.787179e+00
1.997865e+14	7.118254e-04	1.676101e+00
1.997598e+14	3.775929e-04	1.565049e+00
1.997332e+14	6.443942e-04	-1.687575e+00
1.997065e+14	2.350328e-03	-1.798590e+00
1.996799e+14	4.728059e-03	-1.909592e+00
1.996532e+14	7.757150e-03	-2.020583e+00
1.996266e+14	1.140902e-02	-2.131566e+00
1.996000e+14	1.564721e-02	-2.242539e+00
1.995734e+14	2.042770e-02	-2.353501e+00
1.995468e+14	2.569938e-02	-2.464450e+00
1.995202e+14	3.140462e-02	-2.575379e+00
1.994936e+14	3.747989e-02	-2.686282e+00
1.994670e+14	4.385660e-02	-2.797152e+00
1.994404e+14	5.046187e-02	-2.907978e+00
1.994139e+14	5.721954e-02	-3.018751e+00
1.993873e+14	6.405111e-02	-3.129460e+00
1.993608e+14	7.087682e-02	3.043091e+00
1.993342e+14	7.761666e-02	2.932540e+00
1.993077e+14	8.419147e-02	2.822082e+00
1.992812e+14	9.052390e-02	2.711725e+00
1.992546e+14	9.653945e-02	2.601473e+00
1.992281e+14	1.021673e-01	2.491330e+00
1.992016e+14	1.073413e-01	2.381297e+00
1.991751e+14	1.120005e-01	2.271373e+00
1.991486e+14	1.160898e-01	2.161552e+00
1.991221e+14	1.195608e-01	2.051829e+00
1.990956e+14	1.223720e-01	1.942193e+00
1.990691e+14	1.244891e-01	1.832633e+00
1.990427e+14	1.258859e-01	1.723136e+00
1.990162e+14	1.265436e-01	1.613688e+00
1.989898e+14	1.264519e-01	1.504272e+00
1.989633e+14	1.256087e-01	1.394874e+00
1.989369e+14	1.240202e-01	1.285477e+00
1.989104e+14	1.217011e-01	1.176066e+00
1.988840e+14	1.186744e-01	1.066628e+00
1.988576e+14	1.149715e-01	9.571518e-01
1.988312e+14	1.106321e-01	8.476268e-01
1.988048e+14	1.057037e-01	7.380460e-01
1.987784e+14	1.002415e-01	6.284048e-01
1.987520e+14	9.430811e-02	5.187016e-01
1.987256e+14	8.797250e-02	4.089374e-01
1.986992e+14	8.130985e-02	2.991159e-01
1.986729e+14	7.440048e-02	1.892432e-01
1.986465e+14	6.732907e-02	7.932736e-02
1.986201e+14	6.018356e-02	-3.062172e-02
1.985938e+14	5.305411e-02	-1.405932e-01
1.985674e+14	4.603194e-02	-2.505757e-01
1.985411e+14	3.920810e-02	-3.605578e-01
1.985148e+14	3.267230e-02	-4.705286e-01
1.984885e+14	2.651168e-02	-5.804786e-01
1.984622e+14	2.080969e-02	-6.903995e-01
1.984358e+14	1.564500e-02	-8.002851e-01
1.984095e+14	1.109046e-02	-9.101313e-01
1.983832e+14	7.212251e-03	-1.019936e+00
1.983570e+14	4.069029e-03	-1.129701e+00
1.983307e+14	1.711227e-03	-1.239427e+00
1.983044e+14	1.804480e-04	-1.349120e+00
1.982781e+14	4.910483e-04	1.682808e+00
1.982519e+14	2.807698e-04	1.573163e+00
1.982256e+14	8.236725e-04	-1.678061e+00
1.981994e+14	2.824314e-03	-1.787687e+00
1.981732e+14	5.712672e-03	-1.897314e+00
1.981469e+14	9.469672e-03	-2.006946e+00
1.981207e+14	1.406568e-02	-2.116589e+00
1.980945e+14	1.946062e-02	-2.226242e+00
1.980683e+14	2.560429e-02	-2.335905e+00
1.980421e+14	3.243672e-02	-2.445572e+00
1.980159e+14	3.988874e-02	-2.555237e+00
1.979897e+14	4.788273e-02	-2.664888e+00
1.979635e+14	5.633347e-02	-2.774512e+00
1.979373e+14	6.514921e-02	-2.884094e+00
1.979112e+14	7.423283e-02	-2.993616e+00
1.978850e+14	8.348314e-02	-3.103059e+00
1.978588e+14	9.279630e-02	3.070781e+00
1.978327e+14	1.020672e-01	2.961553e+00
1.978066e+14	1.111911e-01	2.852459e+00
1.977804e+14	1.200648e-01	2.743515e+00
1.977543e+14	1.285880e-01	2.634735e+00
1.977282e+14	1.366648e-01	2.526126e+00
1.977021e+14	1.442046e-01	2.417694e+00
1.976760e+14	1.511232e-01	2.309441e+00
1.976499e+14	1.573434e-01	2.201362e+00
1.976238e+14	1.627958e-01	2.093449e+00
1.975977e+14	1.674194e-01	1.985688e+00
1.975716e+14	1.711618e-01	1.878062e+00
1.975455e+14	1.739798e-01	1.770549e+00
1.975195e+14	1.758393e-01	1.663126e+00
1.974934e+14	1.767157e-01	1.555765e+00
1.974674e+14	1.765943e-01	1.448438e+00
1.974413e+14	1.754699e-01	1.341115e+00
1.974153e+14	1.733475e-01	1.233767e+00
1.973892e+14	1.702422e-01	1.126366e+00
1.973632e+14	1.661797e-01	1.018887e+00
1.973372e+14	1.611959e-01	9.113058e-01
1.973112e+14	1.553377e-01	8.036045e-01
1.972852e+14	1.486626e-01	6.957677e-01
1.972592e+14	1.412385e-01	5.877857e-01
1.972332e+14	1.331440e-01	4.796537e-01
1.972072e+14	1.244677e-01	3.713720e-01
1.971812e+14	1.153074e-01	2.629462e-01
1.971553e+14	1.057698e-01	1.543865e-01
1.971293e+14	9.596881e-02	4.570725e-02
1.971034e+14	8.602483e-02	-6.307373e-02
1.970774e+14	7.606294e-02	-1.719363e-01
1.970515e+14	6.621138e-02	-2.808588e-01
1.970255e+14	5.659976e-02	-3.898193e-01
1.969996e+14	4.735729e-02	-4.987968e-01
1.969737e+14	3.861090e-02	-6.077720e-01
1.969478e+14	3.048354e-02	-7.167288e-01
1.969219e+14	2.309252e-02	-8.256543e-01
1.968960e+14	1.654795e-02	-9.345402e-01
1.968701e+14	1.095140e-02	-1.043383e+00
1.968442e+14	6.394713e-03	-1.152183e+00
1.968183e+14	2.958944e-03	-1.260946e+00
1.967924e+14	7.134730e-04	-1.369681e+00
1.967666e+14	2.847788e-04	1.663191e+00
1.967407e+14	7.965386e-06	-1.587124e+00
1.967148e+14	1.621716e-03	-1.695864e+00
1.966890e+14	4.572150e-03	-1.804639e+00
1.966632e+14	8.860080e-03	-1.913465e+00
1.966373e+14	1.447099e-02	-2.022355e+00
1.966115e+14	2.137463e-02	-2.131320e+00
1.965857e+14	2.952475e-02	-2.240363e+00
1.965599e+14	3.885896e-02	-2.349484e+00
1.965341e+14	4.929883e-02	-2.458676e+00
1.965083e+14	6.075031e-02	-2.567922e+00
1.964825e+14	7.310443e-02	-2.677200e+00
1.964567e+14	8.623841e-02	-2.786481e+00
1.964309e+14	1.000172e-01	-2.895728e+00
1.964051e+14	1.142952e-01	-3.004900e+00
1.963794e+14	1.289189e-01	-3.113951e+00
1.963536e+14	1.437290e-01	3.060352e+00
1.963279e+14	1.585634e-01	2.951687e+00
1.963021e+14	1.732597e-01	2.843285e+00
1.962764e+14	1.876581e-01	2.735190e+00
1.962507e+14	2.016040e-01	2.627440e+00
1.962249e+14	2.149497e-01	2.520065e+00
1.961992e+14	2.275570e-01	2.413086e+00
1.961735e+14	2.392977e-01	2.306514e+00
1.961478e+14	2.500551e-01	2.200349e+00
1.961221e+14	2.597245e-01	2.094581e+00
1.960964e+14	2.682130e-01	1.989187e+00
1.960707e+14	2.754396e-01	1.884134e+00
1.960450e+14	2.813347e-01	1.779378e+00
1.960194e+14	2.858397e-01	1.674866e+00
1.959937e+14	2.889067e-01	1.570537e+00
1.959681e+14	2.904978e-01	1.466325e+00
1.959424e+14	2.905849e-01	1.362156e+00
1.959168e+14	2.891499e-01	1.257957e+00
1.958911e+14	2.861852e-01	1.153651e+00
1.958655e+14	2.816935e-01	1.049163e+00
1.958399e+14	2.756898e-01	9.444222e-01
1.958143e+14	2.682017e-01	8.393631e-01
1.957886e+14	2.592714e-01	7.339273e-01
1.957630e+14	2.489569e-01	6.280661e-01
1.957374e+14	2.373343e-01	5.217419e-01
1.957119e+14	2.244987e-01	4.149299e-01
1.956863e+14	2.105657e-01	3.076188e-01
1.956607e+14	1.956728e-01	1.998115e-01
1.956351e+14	1.799789e-01	9.152453e-02
1.956096e+14	1.636646e-01	-1.721214e-02
1.955840e+14	1.469305e-01	-1.263572e-01
1.955585e+14	1.299954e-01	-2.358598e-01
1.955329e+14	1.130931e-01	-3.456631e-01
1.955074e+14	9.646922e-02	-4.557067e-01
1.954818e+14	8.037702e-02	-5.659314e-01
1.954563e+14	6.507301e-02	-6.762820e-01
1.954308e+14	5.081288e-02	-7.867121e-01
1.954053e+14	3.784752e-02	-8.971867e-01
1.953798e+14	2.641960e-02	-1.007685e+00
1.953543e+14	1.676072e-02	-1.118205e+00
1.953288e+14	9.089220e-03	-1.228759e+00
1.953033e+14	3.608541e-03	-1.339380e+00
1.952779e+14	5.059386e-04	-1.450120e+00
1.952524e+14	4.862145e-05	1.580549e+00
1.952269e+14	2.096256e-03	-1.672231e+00
1.952015e+14	7.071650e-03	-1.783771e+00
1.951760e+14	1.498580e-02	-1.895757e+00
1.951506e+14	2.592054e-02	-2.008282e+00
1.951251e+14	3.992658e-02	-2.121429e+00
1.950997e+14	5.701756e-02	-2.235270e+00
1.950743e+14	7.716316e-02	-2.349849e+00
1.950489e+14	1.002817e-01	-2.465183e+00
1.950234e+14	1.262332e-01	-2.581248e+00
1.949980e+14	1.548133e-01	-2.697976e+00
1.949726e+14	1.857506e-01	-2.815249e+00
1.949473e+14	2.187071e-01	-2.932899e+00
1.949219e+14	2.532840e-01	-3.050707e+00
1.948965e+14	2.890328e-01	3.114773e+00
1.948711e+14	3.254719e-01	2.997469e+00
1.948458e+14	3.621063e-01	2.880883e+00
1.948204e+14	3.984501e-01	2.765343e+00
1.947951e+14	4.340483e-01	2.651165e+00
1.947697e+14	4.684952e-01	2.538644e+00
1.947444e+14	5.014485e-01	2.428039e+00
1.947190e+14	5.326373e-01	2.319564e+00
1.946937e+14	5.618642e-01	2.213382e+00
1.946684e+14	5.890017e-01	2.109602e+00
1.946431e+14	6.139854e-01	2.008284e+00
1.946178e+14	6.368032e-01	1.909436e+00
1.945925e+14	6.574854e-01	1.813027e+00
1.945672e+14	6.760930e-01	1.718985e+00
1.945419e+14	6.927077e-01	1.627209e+00
1.945166e+14	7.074233e-01	1.537574e+00
1.944914e+14	7.203381e-01	1.449933e+00
1.944661e+14	7.315495e-01	1.364127e+00
1.944408e+14	7.411486e-01	1.279982e+00
1.944156e+14	7.492178e-01	1.197318e+00
1.943903e+14	7.558273e-01	1.115947e+00
1.943651e+14	7.610336e-01	1.035674e+00
1.943399e+14	7.648777e-01	9.563016e-01
1.943146e+14	7.673836e-01	8.776237e-01
1.942894e+14	7.685571e-01	7.994300e-01
1.942642e+14	7.683839e-01	7.215022e-01
1.942390e+14	7.668279e-01	6.436131e-01
1.942138e+14	7.638292e-01	5.655244e-01
1.941886e+14	7.593006e-01	4.869847e-01
1.941634e+14	7.531250e-01	4.077265e-01
1.941382e+14	7.451508e-01	3.274634e-01
1.941131e+14	7.351872e-01	2.458872e-01
1.940879e+14	7.229986e-01	1.626648e-01
1.940627e+14	7.082985e-01	7.743594e-02
1.940376e+14	6.907435e-01	-1.018893e-02
1.940124e+14	6.699278e-01	-1.006281e-01
1.939873e+14	6.453801e-01	-1.943261e-01
1.939622e+14	6.165651e-01	-2.917460e-01
1.939370e+14	5.828932e-01	-3.933559e-01
1.939119e+14	5.437434e-01	-4.996054e-01
1.938868e+14	4.985055e-01	-6.108909e-01
1.938617e+14	4.466482e-01	-7.275062e-01
1.938366e+14	3.878153e-01	-8.495804e-01
1.938115e+14	3.219475e-01	-9.770064e-01
1.937864e+14	2.494115e-01	-1.109373e+00
1.937613e+14	1.711030e-01	-1.245920e+00
1.937362e+14	8.847975e-02	-1.385532e+00
1.937112e+14	3.484635e-03	-1.526804e+00
1.936861e+14	8.164811e-02	1.473439e+00
1.936611e+14	1.646670e-01	1.333600e+00
1.936360e+14	2.435822e-01	1.196709e+00
1.936110e+14	3.168722e-01	1.063921e+00
1.935859e+14	3.835749e-01	9.360443e-01
1.935609e+14	4.432664e-01	8.135316e-01
1.935359e+14	4.959633e-01	6.965257e-01
1.935109e+14	5.419949e-01	5.849246e-01
1.934858e+14	5.818793e-01	4.784529e-01
1.934608e+14	6.162234e-01	3.767262e-01
1.934358e+14	6.456513e-01	2.793012e-01
1.934109e+14	6.707600e-01	1.857134e-01
1.933859e+14	6.920940e-01	9.550070e-02
1.933609e+14	7.101343e-01	8.219089e-03
1.933359e+14	7.252966e-01	-7.654981e-02
1.933110e+14	7.379340e-01	-1.591952e-01
1.932860e+14	7.483419e-01	-2.400766e-01
1.932610e+14	7.567648e-01	-3.195258e-01
1.932361e+14	7.634018e-01	-3.978486e-01
1.932112e+14	7.684128e-01	-4.753282e-01
1.931862e+14	7.719232e-01	-5.522282e-01
1.931613e+14	7.740283e-01	-6.287951e-01
1.931364e+14	7.747968e-01	-7.052614e-01
1.931115e+14	7.742739e-01	-7.818478e-01
1.930865e+14	7.724832e-01	-8.587656e-01
1.930616e+14	7.694291e-01	-9.362179e-01
1.930368e+14	7.650981e-01	-1.014401e+00
1.930119e+14	7.594603e-01	-1.093507e+00
1.929870e+14	7.524705e-01	-1.173721e+00
1.929621e+14	7.440698e-01	-1.255224e+00
1.929372e+14	7.341867e-01	-1.338192e+00
1.929124e+14	7.227396e-01	-1.422792e+00
1.928875e+14	7.096389e-01	-1.509184e+00
1.928627e+14	6.947905e-01	-1.597516e+00
1.928378e+14	6.781003e-01	-1.687921e+00
1.928130e+14	6.594794e-01	-1.780513e+00
1.927882e+14	6.388514e-01	-1.875381e+00
1.927633e+14	6.161607e-01	-1.972584e+00
1.927385e+14	5.913815e-01	-2.072149e+00
1.927137e+14	5.645281e-01	-2.174057e+00
1.926889e+14	5.356647e-01	-2.278247e+00
1.926641e+14	5.049148e-01	-2.384611e+00
1.926393e+14	4.724667e-01	-2.492987e+00
1.926145e+14	4.385774e-01	-2.603171e+00
1.925897e+14	4.035697e-01	-2.714913e+00
1.925650e+14	3.678254e-01	-2.827935e+00
1.925402e+14	3.317725e-01	-2.941932e+00
1.925154e+14	2.958678e-01	-3.056596e+00
1.924907e+14	2.605779e-01	3.111564e+00
1.924659e+14	2.263582e-01	2.996461e+00
1.924412e+14	1.936349e-01	2.881534e+00
1.924165e+14	1.627894e-01	2.766997e+00
1.923917e+14	1.341479e-01	2.653017e+00
1.923670e+14	1.079752e-01	2.539715e+00
1.923423e+14	8.447372e-02	2.427164e+00
1.923176e+14	6.378582e-02	2.315398e+00
1.922929e+14	4.599851e-02	2.204410e+00
1.922682e+14	3.115000e-02	2.094165e+00
1.922435e+14	1.923644e-02	1.984604e+00
1.922188e+14	1.021850e-02	1.875652e+00
1.921941e+14	4.027122e-03	1.767225e+00
1.921694e+14	5.683001e-04	1.659234e+00
1.921448e+14	2.732233e-04	-1.589998e+00
1.921201e+14	1.368750e-03	1.444227e+00
1.920955e+14	5.343794e-03	1.337063e+00
1.920708e+14	1.148622e-02	1.230047e+00
1.920462e+14	1.961613e-02	1.123139e+00
1.920215e+14	2.954049e-02	1.016313e+00
1.919969e+14	4.105429e-02	9.095629e-01
1.919723e+14	5.394217e-02	8.028950e-01
1.919477e+14	6.798044e-02	6.963311e-01
1.919231e+14	8.293965e-02	5.899051e-01
1.918985e+14	9.858760e-02	4.836602e-01
1.918739e+14	1.146927e-01	3.776464e-01
1.918493e+14	1.310275e-01	2.719170e-01
1.918247e+14	1.473722e-01	1.665254e-01
1.918001e+14	1.635179e-01	6.152216e-02
1.917756e+14	1.792697e-01	-4.304805e-02
1.917510e+14	1.944485e-01	-1.471485e-01
1.917264e+14	2.088934e-01	-2.507525e-01
1.917019e+14	2.224619e-01	-3.538445e-01
1.916773e+14	2.350308e-01	-4.564208e-01
1.916528e+14	2.464955e-01	-5.584898e-01
1.916283e+14	2.567696e-01	-6.600714e-01
1.916037e+14	2.657835e-01	-7.611966e-01
1.915792e+14	2.734832e-01	-8.619061e-01
1.915547e+14	2.798289e-01	-9.622489e-01
1.915302e+14	2.847936e-01	-1.062281e+00
1.915057e+14	2.883616e-01	-1.162064e+00
1.914812e+14	2.905277e-01	-1.261662e+00
1.914567e+14	2.912958e-01	-1.361141e+00
1.914322e+14	2.906789e-01	-1.460568e+00
1.914077e+14	2.886980e-01	-1.560008e+00
1.913833e+14	2.853824e-01	-1.659522e+00
1.913588e+14	2.807694e-01	-1.759167e+00
1.913344e+14	2.749048e-01	-1.858995e+00
1.913099e+14	2.678427e-01	-1.959050e+00
1.912855e+14	2.596465e-01	-2.059367e+00
1.912610e+14	2.503885e-01	-2.159975e+00
1.912366e+14	2.401507e-01	-2.260893e+00
1.912122e+14	2.290247e-01	-2.362128e+00
1.911877e+14	2.171112e-01	-2.463681e+00
1.911633e+14	2.045204e-01	-2.565543e+00
1.911389e+14	1.913702e-01	-2.667696e+00
1.911145e+14	1.777863e-01	-2.770115e+00
1.910901e+14	1.638997e-01	-2.872771e+00
1.910657e+14	1.498462e-01	-2.975625e+00
1.910413e+14	1.357636e-01	-3.078640e+00
1.910170e+14	1.217900e-01	3.101411e+00
1.909926e+14	1.080621e-01	2.998200e+00
1.909682e+14	9.471231e-02	2.894951e+00
1.909439e+14	8.186753e-02	2.791702e+00
1.909195e+14	6.964690e-02	2.688486e+00
1.908952e+14	5.816038e-02	2.585334e+00
1.908708e+14	4.750743e-02	2.482267e+00
1.908465e+14	3.777602e-02	2.379304e+00
1.908222e+14	2.904192e-02	2.276457e+00
1.907979e+14	2.136825e-02	2.173732e+00
1.907735e+14	1.480528e-02	2.071129e+00
1.907492e+14	9.390418e-03	1.968644e+00
1.907249e+14	5.148377e-03	1.866270e+00
1.907006e+14	2.091433e-03	1.763995e+00
1.906763e+14	2.197678e-04	1.661807e+00
1.906521e+14	4.781235e-04	-1.581902e+00
1.906278e+14	2.500319e-05	-1.683961e+00
1.906035e+14	1.545575e-03	1.355617e+00
1.905792e+14	4.189756e-03	1.253636e+00
1.905550e+14	7.853912e-03	1.151677e+00
1.905307e+14	1.247522e-02	1.049734e+00
1.905065e+14	1.798230e-02	9.478051e-01
1.904822e+14	2.429595e-02	8.458892e-01
1.904580e+14	3.132996e-02	7.439908e-01
1.904338e+14	3.899202e-02	6.421174e-01
1.904096e+14	4.718476e-02	5.402795e-01
1.903853e+14	5.580689e-02	4.384906e-01
1.903611e+14	6.475434e-02	3.367661e-01
1.903369e+14	7.392161e-02	2.351231e-01
1.903127e+14	8.320297e-02	1.335793e-01
1.902885e+14	9.249383e-02	3.215209e-02
1.902644e+14	1.016919e-01	-6.914169e-02
1.902402e+14	1.106984e-01	-1.702871e-01
1.902160e+14	1.194192e-01	-2.712713e-01
1.901918e+14	1.277656e-01	-3.720846e-01
1.901677e+14	1.356552e-01	-4.727205e-01
1.901435e+14	1.430127e-01	-5.731762e-01
1.901194e+14	1.497699e-01	-6.734527e-01
1.900952e+14	1.558666e-01	-7.735551e-01
1.900711e+14	1.612506e-01	-8.734919e-01
1.900470e+14	1.658776e-01	-9.732756e-01
1.900228e+14	1.697114e-01	-1.072921e+00
1.899987e+14	1.727239e-01	-1.172448e+00
1.899746e+14	1.748948e-01	-1.271875e+00
1.899505e+14	1.762114e-01	-1.371225e+00
1.899264e+14	1.766688e-01	-1.470520e+00
1.899023e+14	1.762693e-01	-1.569785e+00
1.898782e+14	1.750226e-01	-1.669042e+00
1.898542e+14	1.729453e-01	-1.768312e+00
1.898301e+14	1.700610e-01	-1.867617e+00
1.898060e+14	1.664002e-01	-1.966975e+00
1.897819e+14	1.619999e-01	-2.066402e+00
1.897579e+14	1.569033e-01	-2.165911e+00
1.897338e+14	1.511601e-01	-2.265511e+00
1.897098e+14	1.448255e-01	-2.365210e+00
1.896858e+14	1.379603e-01	-2.465010e+00
1.896617e+14	1.306302e-01	-2.564911e+00
1.896377e+14	1.229056e-01	-2.664909e+00
1.896137e+14	1.148604e-01	-2.764998e+00
1.895897e+14	1.065716e-01	-2.865169e+00
1.895657e+14	9.811882e-02	-2.965410e+00
1.895417e+14	8.958274e-02	-3.065709e+00
1.895177e+14	8.104474e-02	3.117134e+00
1.894937e+14	7.258572e-02	3.016763e+00
1.894697e+14	6.428525e-02	2.916378e+00
1.894457e+14	5.622057e-02	2.815995e+00
1.894217e+14	4.846579e-02	2.715625e+00
1.893978e+14	4.109101e-02	2.615282e+00
1.893738e+14	3.416160e-02	2.514976e+00
1.893499e+14	2.773754e-02	2.414715e+00
1.893259e+14	2.187287e-02	2.314506e+00
1.893020e+14	1.661519e-02	2.214353e+00
1.892780e+14	1.200538e-02	2.114258e+00
1.892541e+14	8.077235e-03	2.014222e+00
1.892302e+14	4.857344e-03	1.914243e+00
1.892063e+14	2.364974e-03	1.814317e+00
1.891824e+14	6.120326e-04	1.714441e+00
1.891585e+14	3.968985e-04	-1.526983e+00
1.891346e+14	6.644728e-04	-1.626775e+00
1.891107e+14	2.004426e-04	-1.726535e+00
1.890868e+14	9.785289e-04	1.315326e+00
1.890629e+14	2.849101e-03	1.215617e+00
1.890390e+14	5.381537e-03	1.115927e+00
1.890152e+14	8.540032e-03	1.016254e+00
1.889913e+14	1.228309e-02	9.165956e-01
1.889674e+14	1.656396e-02	8.169530e-01
1.889436e+14	2.133111e-02	7.173277e-01
1.889197e+14	2.652879e-02	6.177230e-01
1.888959e+14	3.209756e-02	5.181436e-01
1.888721e+14	3.797501e-02	4.185956e-01
1.888482e+14	4.409637e-02	3.190861e-01
1.888244e+14	5.039522e-02	2.196228e-01
1.888006e+14	5.680425e-02	1.202140e-01
1.887768e+14	6.325596e-02	2.086818e-02
1.887530e+14	6.968341e-02	-7.840648e-02
1.887292e+14	7.602091e-02	-1.776024e-01
1.887054e+14	8.220471e-02	-2.767127e-01
1.886816e+14	8.817358e-02	-3.757319e-01
1.886578e+14	9.386949e-02	-4.746558e-01
1.886341e+14	9.923801e-02	-5.734818e-01
1.886103e+14	1.042288e-01	-6.722092e-01
1.885865e+14	1.087961e-01	-7.708389e-01
1.885628e+14	1.128988e-01	-8.693738e-01
1.885390e+14	1.165010e-01	-9.678185e-01
1.885153e+14	1.195718e-01	-1.066179e+00
1.884916e+14	1.220859e-01	-1.164464e+00
1.884678e+14	1.240232e-01	-1.262682e+00
1.884441e+14	1.253694e-01	-1.360843e+00
1.884204e+14	1.261154e-01	-1.458957e+00
1.883967e+14	1.262578e-01	-1.557037e+00
1.883730e+14	1.257983e-01	-1.655093e+00
1.883493e+14	1.247443e-01	-1.753137e+00
1.883256e+14	1.231082e-01	-1.851180e+00
1.883019e+14	1.209075e-01	-1.949230e+00
1.882782e+14	1.181648e-01	-2.047298e+00
1.882545e+14	1.149072e-01	-2.145390e+00
1.882309e+14	1.111667e-01	-2.243513e+00
1.882072e+14	1.069792e-01	-2.341671e+00
1.881835e+14	1.023847e-01	-2.439867e+00
1.881599e+14	9.742703e-02	-2.538102e+00
1.881362e+14	9.215305e-02	-2.636376e+00
1.881126e+14	8.661255e-02	-2.734687e+00
1.880890e+14	8.085767e-02	-2.833032e+00
1.880653e+14	7.494240e-02	-2.931404e+00
1.880417e+14	6.892208e-02	-3.029800e+00
1.880181e+14	6.285279e-02	-3.128212e+00
1.879945e+14	5.679080e-02	3.056551e+00
1.879709e+14	5.079198e-02	2.958128e+00
1.879473e+14	4.491120e-02	2.859710e+00
1.879237e+14	3.920181e-02	2.761304e+00
1.879001e+14	3.371503e-02	2.662918e+00
1.878765e+14	2.849950e-02	2.564557e+00
1.878529e+14	2.360077e-02	2.466226e+00
1.878294e+14	1.906088e-02	2.367930e+00
1.878058e+14	1.491797e-02	2.269671e+00
1.877822e+14	1.120599e-02	2.171452e+00
1.877587e+14	7.954395e-03	2.073274e+00
1.877351e+14	5.187945e-03	1.975137e+00
1.877116e+14	2.926520e-03	1.877039e+00
1.876881e+14	1.185018e-03	1.778980e+00
1.876645e+14	2.671865e-05	-1.460636e+00
1.876410e+14	7.039311e-04	-1.558626e+00
1.876175e+14	8.469208e-04	-1.656585e+00
1.875940e+14	4.609922e-04	-1.754517e+00
1.875705e+14	4.436467e-04	1.289168e+00
1.875470e+14	1.852021e-03	1.191282e+00
1.875235e+14	3.744564e-03	1.093417e+00
1.875000e+14	6.097331e-03	9.955696e-01
("port 1","TE",1,"port 2",1,"modulation")
(1,1)
0.00286
(500,3)
2.000000e+14	1.918133e-02	-5.759080e-01
1.999733e+14	1.482778e-02	-6.872338e-01
1.999466e+14	1.091373e-02	-7.985240e-01
1.999199e+14	7.493872e-03	-9.097765e-01
1.998932e+14	4.617168e-03	-1.020991e+00
1.998665e+14	2.326226e-03	-1.132167e+00
1.998398e+14	6.567728e-04	-1.243307e+00
1.998131e+14	3.628056e-04	1.787179e+00
1.997865e+14	7.118254e-04	1.676101e+00
1.997598e+14	3.775929e-04	1.565049e+00
1.997332e+14	6.443942e-04	-1.687575e+00
1.997065e+14	2.350328e-03	-1.798590e+00
1.996799e+14	4.728059e-03	-1.909592e+00
1.996532e+14	7.757150e-03	-2.020583e+00
1.996266e+14	1.140902e-02	-2.131566e+00
1.996000e+14	1.564721e-02	-2.242539e+00
1.995734e+14	2.042770e-02	-2.353501e+00
1.995468e+14	2.569938e-02	-2.464450e+00
1.995202e+14	3.140462e-02	-2.575379e+00
1.994936e+14	3.747989e-02	-2.686282e+00
1.994670e+14	4.385660e-02	-2.797152e+00
1.994404e+14	5.046187e-02	-2.907978e+00
1.994139e+14	5.721954e-02	-3.018751e+00
1.993873e+14	6.405111e-02	-3.129460e+00
1.993608e+14	7.087682e-02	3.043091e+00
1.993342e+14	7.761666e-02	2.932540e+00
1.993077e+14	8.419147e-02	2.822082e+00
1.992812e+14	9.052390e-02	2.711725e+00
1.992546e+14	9.653945e-02	2.601473e+00
1.992281e+14	1.021673e-01	2.491330e+00
1.992016e+14	1.073413e-01	2.381297e+00
1.991751e+14	1.120005e-01	2.271373e+00
1.991486e+14	1.160898e-01	2.161552e+00
1.991221e+14	1.195608e-01	2.051829e+00
1.990956e+14	1.223720e-01	1.942193e+00
1.990691e+14	1.244891e-01	1.832633e+00
1.990427e+14	1.258859e-01	1.723136e+00
1.990162e+14	1.265436e-01	1.613688e+00
1.989898e+14	1.264519e-01	1.504272e+00
1.989633e+14	1.256087e-01	1.394874e+00
1.989369e+14	1.240202e-01	1.285477e+00
1.989104e+14	1.217011e-01	1.176066e+00
1.988840e+14	1.186744e-01	1.066628e+00
1.988576e+14	1.149715e-01	9.571518e-01
1.988312e+14	1.106321e-01	8.476268e-01
1.988048e+14	1.057037e-01	7.380460e-01
1.987784e+14	1.002415e-01	6.284048e-01
1.987520e+14	9.430811e-02	5.187016e-01
1.987256e+14	8.797250e-02	4.089374e-01
1.986992e+14	8.130985e-02	2.991159e-01
1.986729e+14	7.440048e-02	1.892432e-01
1.986465e+14	6.732907e-02	7.932736e-02
1.986201e+14	6.018356e-02	-3.062172e-02
1.985938e+14	5.305411e-02	-1.405932e-01
1.985674e+14	4.603194e-02	-2.505757e-01
1.985411e+14	3.920810e-02	-3.605578e-01
1.985148e+14	3.267230e-02	-4.705286e-01
1.984885e+14	2.651168e-02	-5.804786e-01
1.984622e+14	2.080969e-02	-6.903995e-01
1.984358e+14	1.564500e-02	-8.002851e-01
1.984095e+14	1.109046e-02	-9.101313e-01
1.983832e+14	7.212251e-03	-1.019936e+00
1.983570e+14	4.069029e-03	-1.129701e+00
1.983307e+14	1.711227e-03	-1.239427e+00
1.983044e+14	1.804480e-04	-1.349120e+00
1.982781e+14	4.910483e-04	1.682808e+00
1.982519e+14	2.807698e-04	1.573163e+00
1.982256e+14	8.236725e-04	-1.678061e+00
1.981994e+14	2.824314e-03	-1.787687e+00
1.981732e+14	5.712672e-03	-1.897314e+00
1.981469e+14	9.469672e-03	-2.006946e+00
1.981207e+14	1.406568e-02	-2.116589e+00
1.980945e+14	1.946062e-02	-2.226242e+00
1.980683e+14	2.560429e-02	-2.335905e+00
1.980421e+14	3.243672e-02	-2.445572e+00
1.980159e+14	3.988874e-02	-2.555237e+00
1.979897e+14	4.788273e-02	-2.664888e+00
1.979635e+14	5.633347e-02	-2.774512e+00
1.979373e+14	6.514921e-02	-2.884094e+00
1.979112e+14	7.423283e-02	-2.993616e+00
1.978850e+14	8.348314e-02	-3.103059e+00
1.978588e+14	9.279630e-02	3.070781e+00
1.978327e+14	1.020672e-01	2.961553e+00
1.978066e+14	1.111911e-01	2.852459e+00
1.977804e+14	1.200648e-01	2.743515e+00
1.977543e+14	1.285880e-01	2.634735e+00
1.977282e+14	1.366648e-01	2.526126e+00
1.977021e+14	1.442046e-01	2.417694e+00
1.976760e+14	1.511232e-01	2.309441e+00
1.976499e+14	1.573434e-01	2.201362e+00
1.976238e+14	1.627958e-01	2.093449e+00
1.975977e+14	1.674194e-01	1.985688e+00
1.975716e+14	1.711618e-01	1.878062e+00
1.975455e+14	1.739798e-01	1.770549e+00
1.975195e+14	1.758393e-01	1.663126e+00
1.974934e+14	1.767157e-01	1.555765e+00
1.974674e+14	1.765943e-01	1.448438e+00
1.974413e+14	1.754699e-01	1.341115e+00
1.974153e+14	1.733475e-01	1.233767e+00
1.973892e+14	1.702422e-01	1.126366e+00
1.973632e+14	1.661797e-01	1.018887e+00
1.973372e+14	1.611959e-01	9.113058e-01
1.973112e+14	1.553377e-01	8.036045e-01
1.972852e+14	1.486626e-01	6.957677e-01
1.972592e+14	1.412385e-01	5.877857e-01
1.972332e+14	1.331440e-01	4.796537e-01
1.972072e+14	1.244677e-01	3.713720e-01
1.971812e+14	1.153074e-01	2.629462e-01
1.971553e+14	1.057698e-01	1.543865e-01
1.971293e+14	9.596881e-02	4.570725e-02
1.971034e+14	8.602483e-02	-6.307373e-02
1.970774e+14	7.606294e-02	-1.719363e-01
1.970515e+14	6.621138e-02	-2.808588e-01
1.970255e+14	5.659976e-02	-3.898193e-01
1.969996e+14	4.735729e-02	-4.987968e-01
1.969737e+14	3.861090e-02	-6.077720e-01
1.969478e+14	3.048354e-02	-7.167288e-01
1.969219e+14	2.309252e-02	-8.256543e-01
1.968960e+14	1.654795e-02	-9.345402e-01
1.968701e+14	1.095140e-02	-1.043383e+00
1.968442e+14	6.394713e-03	-1.152183e+00
1.968183e+14	2.958944e-03	-1.260946e+00
1.967924e+14	7.134730e-04	-1.369681e+00
1.967666e+14	2.847788e-04	1.663191e+00
1.967407e+14	7.965386e-06	-1.587124e+00
1.967148e+14	1.621716e-03	-1.695864e+00
1.966890e+14	4.572150e-03	-1.804639e+00
1.966632e+14	8.860080e-03	-1.913465e+00
1.966373e+14	1.447099e-02	-2.022355e+00
1.966115e+14	2.137463e-02	-2.131320e+00
1.965857e+14	2.952475e-02	-2.240363e+00
1.965599e+14	3.885896e-02	-2.349484e+00
1.965341e+14	4.929883e-02	-2.458676e+00
1.965083e+14	6.075031e-02	-2.567922e+00
1.964825e+14	7.310443e-02	-2.677200e+00
1.964567e+14	8.623841e-02	-2.786481e+00
1.964309e+14	1.000172e-01	-2.895728e+00
1.964051e+14	1.142952e-01	-3.004900e+00
1.963794e+14	1.289189e-01	-3.113951e+00
1.963536e+14	1.437290e-01	3.060352e+00
1.963279e+14	1.585634e-01	2.951687e+00
1.963021e+14	1.732597e-01	2.843285e+00
1.962764e+14	1.876581e-01	2.735190e+00
1.962507e+14	2.016040e-01	2.627440e+00
1.962249e+14	2.149497e-01	2.520065e+00
1.961992e+14	2.275570e-01	2.413086e+00
1.961735e+14	2.392977e-01	2.306514e+00
1.961478e+14	2.500551e-01	2.200349e+00
1.961221e+14	2.597245e-01	2.094581e+00
1.960964e+14	2.682130e-01	1.989187e+00
1.960707e+14	2.754396e-01	1.884134e+00
1.960450e+14	2.813347e-01	1.779378e+00
1.960194e+14	2.858397e-01	1.674866e+00
1.959937e+14	2.889067e-01	1.570537e+00
1.959681e+14	2.904978e-01	1.466325e+00
1.959424e+14	2.905849e-01	1.362156e+00
1.959168e+14	2.891499e-01	1.257957e+00
1.958911e+14	2.861852e-01	1.153651e+00
1.958655e+14	2.816935e-01	1.049163e+00
1.958399e+14	2.756898e-01	9.444222e-01
1.958143e+14	2.682017e-01	8.393631e-01
1.957886e+14	2.592714e-01	7.339273e-01
1.957630e+14	2.489569e-01	6.280661e-01
1.957374e+14	2.373343e-01	5.217419e-01
1.957119e+14	2.244987e-01	4.149299e-01
1.956863e+14	2.105657e-01	3.076188e-01
1.956607e+14	1.956728e-01	1.998115e-01
1.956351e+14	1.799789e-01	9.152453e-02
1.956096e+14	1.636646e-01	-1.721214e-02
1.955840e+14	1.469305e-01	-1.263572e-01
1.955585e+14	1.299954e-01	-2.358598e-01
1.955329e+14	1.130931e-01	-3.456631e-01
1.955074e+14	9.646922e-02	-4.557067e-01
1.954818e+14	8.037702e-02	-5.659314e-01
1.954563e+14	6.507301e-02	-6.762820e-01
1.954308e+14	5.081288e-02	-7.867121e-01
1.954053e+14	3.784752e-02	-8.971867e-01
1.953798e+14	2.641960e-02	-1.007685e+00
1.953543e+14	1.676072e-02	-1.118205e+00
1.953288e+14	9.089220e-03	-1.228759e+00
1.953033e+14	3.608541e-03	-1.339380e+00
1.952779e+14	5.059386e-04	-1.450120e+00
1.952524e+14	4.862145e-05	1.580549e+00
1.952269e+14	2.096256e-03	-1.672231e+00
1.952015e+14	7.071650e-03	-1.783771e+00
1.951760e+14	1.498580e-02	-1.895757e+00
1.951506e+14	2.592054e-02	-2.008282e+00
1.951251e+14	3.992658e-02	-2.121429e+00
1.950997e+14	5.701756e-02	-2.235270e+00
1.950743e+14	7.716316e-02	-2.349849e+00
1.950489e+14	1.002817e-01	-2.465183e+00
1.950234e+14	1.262332e-01	-2.581248e+00
1.949980e+14	1.548133e-01	-2.697976e+00
1.949726e+14	1.857506e-01	-2.815249e+00
1.949473e+14	2.187071e-01	-2.932899e+00
1.949219e+14	2.532840e-01	-3.050707e+00
1.948965e+14	2.890328e-01	3.114773e+00
1.948711e+14	3.254719e-01	2.997469e+00
1.948458e+14	3.621063e-01	2.880883e+00
1.948204e+14	3.984501e-01	2.765343e+00
1.947951e+14	4.340483e-01	2.651165e+00
1.947697e+14	4.684952e-01	2.538644e+00
1.947444e+14	5.014485e-01	2.428039e+00
1.947190e+14	5.326373e-01	2.319564e+00
1.946937e+14	5.618642e-01	2.213382e+00
1.946684e+14	5.890017e-01	2.109602e+00
1.946431e+14	6.139854e-01	2.008284e+00
1.946178e+14	6.368032e-01	1.909436e+00
1.945925e+14	6.574854e-01	1.813027e+00
1.945672e+14	6.760930e-01	1.718985e+00
1.945419e+14	6.927077e-01	1.627209e+00
1.945166e+14	7.074233e-01	1.537574e+00
1.944914e+14	7.203381e-01	1.449933e+00
1.944661e+14	7.315495e-01	1.364127e+00
1.944408e+14	7.411486e-01	1.279982e+00
1.944156e+14	7.492178e-01	1.197318e+00
1.943903e+14	7.558273e-01	1.115947e+00
1.943651e+14	7.610336e-01	1.035674e+00
1.943399e+14	7.648777e-01	9.563016e-01
1.943146e+14	7.673836e-01	8.776237e-01
1.942894e+14	7.685571e-01	7.994300e-01
1.942642e+14	7.683839e-01	7.215022e-01
1.942390e+14	7.668279e-01	6.436131e-01
1.942138e+14	7.638292e-01	5.655244e-01
1.941886e+14	7.593006e-01	4.869847e-01
1.941634e+14	7.531250e-01	4.077265e-01
1.941382e+14	7.451508e-01	3.274634e-01
1.941131e+14	7.351872e-01	2.458872e-01
1.940879e+14	7.229986e-01	1.626648e-01
1.940627e+14	7.082985e-01	7.743594e-02
1.940376e+14	6.907435e-01	-1.018893e-02
1.940124e+14	6.699278e-01	-1.006281e-01
1.939873e+14	6.453801e-01	-1.943261e-01
1.939622e+14	6.165651e-01	-2.917460e-01
1.939370e+14	5.828932e-01	-3.933559e-01
1.939119e+14	5.437434e-01	-4.996054e-01
1.938868e+14	4.985055e-01	-6.108909e-01
1.938617e+14	4.466482e-01	-7.275062e-01
1.938366e+14	3.878153e-01	-8.495804e-01
1.938115e+14	3.219475e-01	-9.770064e-01
1.937864e+14	2.494115e-01	-1.109373e+00
1.937613e+14	1.711030e-01	-1.245920e+00
1.937362e+14	8.847975e-02	-1.385532e+00
1.937112e+14	3.484635e-03	-1.526804e+00
1.936861e+14	8.164811e-02	1.473439e+00
1.936611e+14	1.646670e-01	1.333600e+00
1.936360e+14	2.435822e-01	1.196709e+00
1.936110e+14	3.168722e-01	1.063921e+00
1.935859e+14	3.835749e-01	9.360443e-01
1.935609e+14	4.432664e-01	8.135316e-01
1.935359e+14	4.959633e-01	6.965257e-01
1.935109e+14	5.419949e-01	5.849246e-01
1.934858e+14	5.818793e-01	4.784529e-01
1.934608e+14	6.162234e-01	3.767262e-01
1.934358e+14	6.456513e-01	2.793012e-01
1.934109e+14	6.707600e-01	1.857134e-01
1.933859e+14	6.920940e-01	9.550070e-02
1.933609e+14	7.101343e-01	8.219089e-03
1.933359e+14	7.252966e-01	-7.654981e-02
1.933110e+14	7.379340e-01	-1.591952e-01
1.932860e+14	7.483419e-01	-2.400766e-01
1.932610e+14	7.567648e-01	-3.195258e-01
1.932361e+14	7.634018e-01	-3.978486e-01
1.932112e+14	7.684128e-01	-4.753282e-01
1.931862e+14	7.719232e-01	-5.522282e-01
1.931613e+14	7.740283e-01	-6.287951e-01
1.931364e+14	7.747968e-01	-7.052614e-01
1.931115e+14	7.742739e-01	-7.818478e-01
1.930865e+14	7.724832e-01	-8.587656e-01
1.930616e+14	7.694291e-01	-9.362179e-01
1.930368e+14	7.650981e-01	-1.014401e+00
1.930119e+14	7.594603e-01	-1.093507e+00
1.929870e+14	7.524705e-01	-1.173721e+00
1.929621e+14	7.440698e-01	-1.255224e+00
1.929372e+14	7.341867e-01	-1.338192e+00
1.929124e+14	7.227396e-01	-1.422792e+00
1.928875e+14	7.096389e-01	-1.509184e+00
1.928627e+14	6.947905e-01	-1.597516e+00
1.928378e+14	6.781003e-01	-1.687921e+00
1.928130e+14	6.594794e-01	-1.780513e+00
1.927882e+14	6.388514e-01	-1.875381e+00
1.927633e+14	6.161607e-01	-1.972584e+00
1.927385e+14	5.913815e-01	-2.072149e+00
1.927137e+14	5.645281e-01	-2.174057e+00
1.926889e+14	5.356647e-01	-2.278247e+00
1.926641e+14	5.049148e-01	-2.384611e+00
1.926393e+14	4.724667e-01	-2.492987e+00
1.926145e+14	4.385774e-01	-2.603171e+00
1.925897e+14	4.035697e-01	-2.714913e+00
1.925650e+14	3.678254e-01	-2.827935e+00
1.925402e+14	3.317725e-01	-2.941932e+00
1.925154e+14	2.958678e-01	-3.056596e+00
1.924907e+14	2.605779e-01	3.111564e+00
1.924659e+14	2.263582e-01	2.996461e+00
1.924412e+14	1.936349e-01	2.881534e+00
1.924165e+14	1.627894e-01	2.766997e+00
1.923917e+14	1.341479e-01	2.653017e+00
1.923670e+14	1.079752e-01	2.539715e+00
1.923423e+14	8.447372e-02	2.427164e+00
1.923176e+14	6.378582e-02	2.315398e+00
1.922929e+14	4.599851e-02	2.204410e+00
1.922682e+14	3.115000e-02	2.094165e+00
1.922435e+14	1.923644e-02	1.984604e+00
1.922188e+14	1.021850e-02	1.875652e+00
1.921941e+14	4.027122e-03	1.767225e+00
1.921694e+14	5.683001e-04	1.659234e+00
1.921448e+14	2.732233e-04	-1.589998e+00
1.921201e+14	1.368750e-03	1.444227e+00
1.920955e+14	5.343794e-03	1.337063e+00
1.920708e+14	1.148622e-02	1.230047e+00
1.920462e+14	1.961613e-02	1.123139e+00
1.920215e+14	2.954049e-02	1.016313e+00
1.919969e+14	4.105429e-02	9.095629e-01
1.919723e+14	5.394217e-02	8.028950e-01
1.919477e+14	6.798044e-02	6.963311e-01
1.919231e+14	8.293965e-02	5.899051e-01
1.918985e+14	9.858760e-02	4.836602e-01
1.918739e+14	1.146927e-01	3.776464e-01
1.918493e+14	1.310275e-01	2.719170e-01
1.918247e+14	1.473722e-01	1.665254e-01
1.918001e+14	1.635179e-01	6.152216e-02
1.917756e+14	1.792697e-01	-4.304805e-02
1.917510e+14	1.944485e-01	-1.471485e-01
1.917264e+14	2.088934e-01	-2.507525e-01
1.917019e+14	2.224619e-01	-3.538445e-01
1.916773e+14	2.350308e-01	-4.564208e-01
1.916528e+14	2.464955e-01	-5.584898e-01
1.916283e+14	2.567696e-01	-6.600714e-01
1.916037e+14	2.657835e-01	-7.611966e-01
1.915792e+14	2.734832e-01	-8.619061e-01
1.915547e+14	2.798289e-01	-9.622489e-01
1.915302e+14	2.847936e-01	-1.062281e+00
1.915057e+14	2.883616e-01	-1.162064e+00
1.914812e+14	2.905277e-01	-1.261662e+00
1.914567e+14	2.912958e-01	-1.361141e+00
1.914322e+14	2.906789e-01	-1.460568e+00
1.914077e+14	2.886980e-01	-1.560008e+00
1.913833e+14	2.853824e-01	-1.659522e+00
1.913588e+14	2.807694e-01	-1.759167e+00
1.913344e+14	2.749048e-01	-1.858995e+00
1.913099e+14	2.678427e-01	-1.959050e+00
1.912855e+14	2.596465e-01	-2.059367e+00
1.912610e+14	2.503885e-01	-2.159975e+00
1.912366e+14	2.401507e-01	-2.260893e+00
1.912122e+14	2.290247e-01	-2.362128e+00
1.911877e+14	2.171112e-01	-2.463681e+00
1.911633e+14	2.045204e-01	-2.565543e+00
1.911389e+14	1.913702e-01	-2.667696e+00
1.911145e+14	1.777863e-01	-2.770115e+00
1.910901e+14	1.638997e-01	-2.872771e+00
1.910657e+14	1.498462e-01	-2.975625e+00
1.910413e+14	1.357636e-01	-3.078640e+00
1.910170e+14	1.217900e-01	3.101411e+00
1.909926e+14	1.080621e-01	2.998200e+00
1.909682e+14	9.471231e-02	2.894951e+00
1.909439e+14	8.186753e-02	2.791702e+00
1.909195e+14	6.964690e-02	2.688486e+00
1.908952e+14	5.816038e-02	2.585334e+00
1.908708e+14	4.750743e-02	2.482267e+00
1.908465e+14	3.777602e-02	2.379304e+00
1.908222e+14	2.904192e-02	2.276457e+00
1.907979e+14	2.136825e-02	2.173732e+00
1.907735e+14	1.480528e-02	2.071129e+00
1.907492e+14	9.390418e-03	1.968644e+00
1.907249e+14	5.148377e-03	1.866270e+00
1.907006e+14	2.091433e-03	1.763995e+00
1.906763e+14	2.197678e-04	1.661807e+00
1.906521e+14	4.781235e-04	-1.581902e+00
1.906278e+14	2.500319e-05	-1.683961e+00
1.906035e+14	1.545575e-03	1.355617e+00
1.905792e+14	4.189756e-03	1.253636e+00
1.905550e+14	7.853912e-03	1.151677e+00
1.905307e+14	1.247522e-02	1.049734e+00
1.905065e+14	1.798230e-02	9.478051e-01
1.904822e+14	2.429595e-02	8.458892e-01
1.904580e+14	3.132996e-02	7.439908e-01
1.904338e+14	3.899202e-02	6.421174e-01
1.904096e+14	4.718476e-02	5.402795e-01
1.903853e+14	5.580689e-02	4.384906e-01
1.903611e+14	6.475434e-02	3.367661e-01
1.903369e+14	7.392161e-02	2.351231e-01
1.903127e+14	8.320297e-02	1.335793e-01
1.902885e+14	9.249383e-02	3.215209e-02
1.902644e+14	1.016919e-01	-6.914169e-02
1.902402e+14	1.106984e-01	-1.702871e-01
1.902160e+14	1.194192e-01	-2.712713e-01
1.901918e+14	1.277656e-01	-3.720846e-01
1.901677e+14	1.356552e-01	-4.727205e-01
1.901435e+14	1.430127e-01	-5.731762e-01
1.901194e+14	1.497699e-01	-6.734527e-01
1.900952e+14	1.558666e-01	-7.735551e-01
1.900711e+14	1.612506e-01	-8.734919e-01
1.900470e+14	1.658776e-01	-9.732756e-01
1.900228e+14	1.697114e-01	-1.072921e+00
1.899987e+14	1.727239e-01	-1.172448e+00
1.899746e+14	1.748948e-01	-1.271875e+00
1.899505e+14	1.762114e-01	-1.371225e+00
1.899264e+14	1.766688e-01	-1.470520e+00
1.899023e+14	1.762693e-01	-1.569785e+00
1.898782e+14	1.750226e-01	-1.669042e+00
1.898542e+14	1.729453e-01	-1.768312e+00
1.898301e+14	1.700610e-01	-1.867617e+00
1.898060e+14	1.664002e-01	-1.966975e+00
1.897819e+14	1.619999e-01	-2.066402e+00
1.897579e+14	1.569033e-01	-2.165911e+00
1.897338e+14	1.511601e-01	-2.265511e+00
1.897098e+14	1.448255e-01	-2.365210e+00
1.896858e+14	1.379603e-01	-2.465010e+00
1.896617e+14	1.306302e-01	-2.564911e+00
1.896377e+14	1.229056e-01	-2.664909e+00
1.896137e+14	1.148604e-01	-2.764998e+00
1.895897e+14	1.065716e-01	-2.865169e+00
1.895657e+14	9.811882e-02	-2.965410e+00
1.895417e+14	8.958274e-02	-3.065709e+00
1.895177e+14	8.104474e-02	3.117134e+00
1.894937e+14	7.258572e-02	3.016763e+00
1.894697e+14	6.428525e-02	2.916378e+00
1.894457e+14	5.622057e-02	2.815995e+00
1.894217e+14	4.846579e-02	2.715625e+00
1.893978e+14	4.109101e-02	2.615282e+00
1.893738e+14	3.416160e-02	2.514976e+00
1.893499e+14	2.773754e-02	2.414715e+00
1.893259e+14	2.187287e-02	2.314506e+00
1.893020e+14	1.661519e-02	2.214353e+00
1.892780e+14	1.200538e-02	2.114258e+00
1.892541e+14	8.077235e-03	2.014222e+00
1.892302e+14	4.857344e-03	1.914243e+00
1.892063e+14	2.364974e-03	1.814317e+00
1.891824e+14	6.120326e-04	1.714441e+00
1.891585e+14	3.968985e-04	-1.526983e+00
1.891346e+14	6.644728e-04	-1.626775e+00
1.891107e+14	2.004426e-04	-1.726535e+00
1.890868e+14	9.785289e-04	1.315326e+00
1.890629e+14	2.849101e-03	1.215617e+00
1.890390e+14	5.381537e-03	1.115927e+00
1.890152e+14	8.540032e-03	1.016254e+00
1.889913e+14	1.228309e-02	9.165956e-01
1.889674e+14	1.656396e-02	8.169530e-01
1.889436e+14	2.133111e-02	7.173277e-01
1.889197e+14	2.652879e-02	6.177230e-01
1.888959e+14	3.209756e-02	5.181436e-01
1.888721e+14	3.797501e-02	4.185956e-01
1.888482e+14	4.409637e-02	3.190861e-01
1.888244e+14	5.039522e-02	2.196228e-01
1.888006e+14	5.680425e-02	1.202140e-01
1.887768e+14	6.325596e-02	2.086818e-02
1.887530e+14	6.968341e-02	-7.840648e-02
1.887292e+14	7.602091e-02	-1.776024e-01
1.887054e+14	8.220471e-02	-2.767127e-01
1.886816e+14	8.817358e-02	-3.757319e-01
1.886578e+14	9.386949e-02	-4.746558e-01
1.886341e+14	9.923801e-02	-5.734818e-01
1.886103e+14	1.042288e-01	-6.722092e-01
1.885865e+14	1.087961e-01	-7.708389e-01
1.885628e+14	1.128988e-01	-8.693738e-01
1.885390e+14	1.165010e-01	-9.678185e-01
1.885153e+14	1.195718e-01	-1.066179e+00
1.884916e+14	1.220859e-01	-1.164464e+00
1.884678e+14	1.240232e-01	-1.262682e+00
1.884441e+14	1.253694e-01	-1.360843e+00
1.884204e+14	1.261154e-01	-1.458957e+00
1.883967e+14	1.262578e-01	-1.557037e+00
1.883730e+14	1.257983e-01	-1.655093e+00
1.883493e+14	1.247443e-01	-1.753137e+00
1.883256e+14	1.231082e-01	-1.851180e+00
1.883019e+14	1.209075e-01	-1.949230e+00
1.882782e+14	1.181648e-01	-2.047298e+00
1.882545e+14	1.149072e-01	-2.145390e+00
1.882309e+14	1.111667e-01	-2.243513e+00
1.882072e+14	1.069792e-01	-2.341671e+00
1.881835e+14	1.023847e-01	-2.439867e+00
1.881599e+14	9.742703e-02	-2.538102e+00
1.881362e+14	9.215305e-02	-2.636376e+00
1.881126e+14	8.661255e-02	-2.734687e+00
1.880890e+14	8.085767e-02	-2.833032e+00
1.880653e+14	7.494240e-02	-2.931404e+00
1.880417e+14	6.892208e-02	-3.029800e+00
1.880181e+14	6.285279e-02	-3.128212e+00
1.879945e+14	5.679080e-02	3.056551e+00
1.879709e+14	5.079198e-02	2.958128e+00
1.879473e+14	4.491120e-02	2.859710e+00
1.879237e+14	3.920181e-02	2.761304e+00
1.879001e+14	3.371503e-02	2.662918e+00
1.878765e+14	2.849950e-02	2.564557e+00
1.878529e+14	2.360077e-02	2.466226e+00
1.878294e+14	1.906088e-02	2.367930e+00
1.878058e+14	1.491797e-02	2.269671e+00
1.877822e+14	1.120599e-02	2.171452e+00
1.877587e+14	7.954395e-03	2.073274e+00
1.877351e+14	5.187945e-03	1.975137e+00
1.877116e+14	2.926520e-03	1.877039e+00
1.876881e+14	1.185018e-03	1.778980e+00
1.876645e+14	2.671865e-05	-1.460636e+00
1.876410e+14	7.039311e-04	-1.558626e+00
1.876175e+14	8.469208e-04	-1.656585e+00
1.875940e+14	4.609922e-04	-1.754517e+00
1.875705e+14	4.436467e-04	1.289168e+00
1.875470e+14	1.852021e-03	1.191282e+00
1.875235e+14	3.744564e-03	1.093417e+00
1.875000e+14	6.097331e-03	9.955696e-01
("port 2","TE",1,"port 1",1,"modulation")
(1,1)
0.00286
(500,3)
2.000000e+14	9.998160e-01	-2.146704e+00
1.999733e+14	9.998901e-01	-2.258030e+00
1.999466e+14	9.999404e-01	-2.369320e+00
1.999199e+14	9.999719e-01	-2.480573e+00
1.998932e+14	9.999893e-01	-2.591787e+00
1.998665e+14	9.999973e-01	-2.702963e+00
1.998398e+14	9.999998e-01	-2.814103e+00
1.998131e+14	9.999999e-01	-2.925210e+00
1.997865e+14	9.999997e-01	-3.036288e+00
1.997598e+14	9.999999e-01	3.135845e+00
1.997332e+14	9.999998e-01	3.024814e+00
1.997065e+14	9.999972e-01	2.913799e+00
1.996799e+14	9.999888e-01	2.802797e+00
1.996532e+14	9.999699e-01	2.691806e+00
1.996266e+14	9.999349e-01	2.580823e+00
1.996000e+14	9.998776e-01	2.469850e+00
1.995734e+14	9.997913e-01	2.358888e+00
1.995468e+14	9.996697e-01	2.247939e+00
1.995202e+14	9.995068e-01	2.137010e+00
1.994936e+14	9.992974e-01	2.026107e+00
1.994670e+14	9.990378e-01	1.915237e+00
1.994404e+14	9.987260e-01	1.804411e+00
1.994139e+14	9.983616e-01	1.693638e+00
1.993873e+14	9.979466e-01	1.582929e+00
1.993608e+14	9.974851e-01	1.472294e+00
1.993342e+14	9.969833e-01	1.361744e+00
1.993077e+14	9.964496e-01	1.251286e+00
1.992812e+14	9.958943e-01	1.140928e+00
1.992546e+14	9.953292e-01	1.030677e+00
1.992281e+14	9.947672e-01	9.205339e-01
1.992016e+14	9.942222e-01	8.105011e-01
1.991751e+14	9.937082e-01	7.005767e-01
1.991486e+14	9.932387e-01	5.907561e-01
1.991221e+14	9.928269e-01	4.810325e-01
1.990956e+14	9.924843e-01	3.713966e-01
1.990691e+14	9.922210e-01	2.618369e-01
1.990427e+14	9.920447e-01	1.523401e-01
1.990162e+14	9.919610e-01	4.289161e-02
1.989898e+14	9.919727e-01	-6.652402e-02
1.989633e+14	9.920799e-01	-1.759226e-01
1.989369e+14	9.922797e-01	-2.853198e-01
1.989104e+14	9.925668e-01	-3.947304e-01
1.988840e+14	9.929332e-01	-5.041680e-01
1.988576e+14	9.933688e-01	-6.136445e-01
1.988312e+14	9.938614e-01	-7.231696e-01
1.988048e+14	9.943977e-01	-8.327504e-01
1.987784e+14	9.949631e-01	-9.423915e-01
1.987520e+14	9.955431e-01	-1.052095e+00
1.987256e+14	9.961229e-01	-1.161859e+00
1.986992e+14	9.966889e-01	-1.271680e+00
1.986729e+14	9.972284e-01	-1.381553e+00
1.986465e+14	9.977308e-01	-1.491469e+00
1.986201e+14	9.981873e-01	-1.601418e+00
1.985938e+14	9.985916e-01	-1.711390e+00
1.985674e+14	9.989400e-01	-1.821372e+00
1.985411e+14	9.992311e-01	-1.931354e+00
1.985148e+14	9.994661e-01	-2.041325e+00
1.984885e+14	9.996485e-01	-2.151275e+00
1.984622e+14	9.997835e-01	-2.261196e+00
1.984358e+14	9.998776e-01	-2.371081e+00
1.984095e+14	9.999385e-01	-2.480928e+00
1.983832e+14	9.999740e-01	-2.590733e+00
1.983570e+14	9.999917e-01	-2.700497e+00
1.983307e+14	9.999985e-01	-2.810223e+00
1.983044e+14	1.000000e+00	-2.919916e+00
1.982781e+14	9.999999e-01	-3.029581e+00
1.982519e+14	1.000000e+00	-3.139226e+00
1.982256e+14	9.999997e-01	3.034328e+00
1.981994e+14	9.999960e-01	2.924702e+00
1.981732e+14	9.999837e-01	2.815075e+00
1.981469e+14	9.999552e-01	2.705443e+00
1.981207e+14	9.999011e-01	2.595800e+00
1.980945e+14	9.998106e-01	2.486147e+00
1.980683e+14	9.996722e-01	2.376484e+00
1.980421e+14	9.994738e-01	2.266817e+00
1.980159e+14	9.992041e-01	2.157152e+00
1.979897e+14	9.988530e-01	2.047501e+00
1.979635e+14	9.984120e-01	1.937877e+00
1.979373e+14	9.978755e-01	1.828295e+00
1.979112e+14	9.972409e-01	1.718773e+00
1.978850e+14	9.965092e-01	1.609330e+00
1.978588e+14	9.956851e-01	1.499985e+00
1.978327e+14	9.947775e-01	1.390757e+00
1.978066e+14	9.937990e-01	1.281663e+00
1.977804e+14	9.927661e-01	1.172719e+00
1.977543e+14	9.916981e-01	1.063938e+00
1.977282e+14	9.906173e-01	9.553296e-01
1.977021e+14	9.895479e-01	8.468981e-01
1.976760e+14	9.885149e-01	7.386448e-01
1.976499e+14	9.875440e-01	6.305657e-01
1.976238e+14	9.866598e-01	5.226522e-01
1.975977e+14	9.858858e-01	4.148912e-01
1.975716e+14	9.852429e-01	3.072652e-01
1.975455e+14	9.847492e-01	1.997528e-01
1.975195e+14	9.844189e-01	9.232966e-02
1.974934e+14	9.842619e-01	-1.503131e-02
1.974674e+14	9.842837e-01	-1.223587e-01
1.974413e+14	9.844848e-01	-2.296818e-01
1.974153e+14	9.848607e-01	-3.370297e-01
1.973892e+14	9.854022e-01	-4.444304e-01
1.973632e+14	9.860955e-01	-5.519097e-01
1.973372e+14	9.869224e-01	-6.594905e-01
1.973112e+14	9.878614e-01	-7.671919e-01
1.972852e+14	9.888880e-01	-8.750286e-01
1.972592e+14	9.899756e-01	-9.830106e-01
1.972332e+14	9.910967e-01	-1.091143e+00
1.972072e+14	9.922237e-01	-1.199424e+00
1.971812e+14	9.933299e-01	-1.307850e+00
1.971553e+14	9.943906e-01	-1.416410e+00
1.971293e+14	9.953843e-01	-1.525089e+00
1.971034e+14	9.962930e-01	-1.633870e+00
1.970774e+14	9.971030e-01	-1.742733e+00
1.970515e+14	9.978056e-01	-1.851655e+00
1.970255e+14	9.983969e-01	-1.960616e+00
1.969996e+14	9.988780e-01	-2.069593e+00
1.969737e+14	9.992543e-01	-2.178568e+00
1.969478e+14	9.995353e-01	-2.287525e+00
1.969219e+14	9.997333e-01	-2.396451e+00
1.968960e+14	9.998631e-01	-2.505336e+00
1.968701e+14	9.999400e-01	-2.614179e+00
1.968442e+14	9.999796e-01	-2.722979e+00
1.968183e+14	9.999956e-01	-2.831742e+00
1.967924e+14	9.999997e-01	-2.940477e+00
1.967666e+14	1.000000e+00	-3.049198e+00
1.967407e+14	1.000000e+00	3.125265e+00
1.967148e+14	9.999987e-01	3.016525e+00
1.966890e+14	9.999895e-01	2.907750e+00
1.966632e+14	9.999607e-01	2.798924e+00
1.966373e+14	9.998953e-01	2.690034e+00
1.966115e+14	9.997715e-01	2.581069e+00
1.965857e+14	9.995640e-01	2.472026e+00
1.965599e+14	9.992447e-01	2.362905e+00
1.965341e+14	9.987841e-01	2.253713e+00
1.965083e+14	9.981530e-01	2.144467e+00
1.964825e+14	9.973243e-01	2.035189e+00
1.964567e+14	9.962745e-01	1.925908e+00
1.964309e+14	9.949857e-01	1.816661e+00
1.964051e+14	9.934468e-01	1.707489e+00
1.963794e+14	9.916551e-01	1.598438e+00
1.963536e+14	9.896171e-01	1.489556e+00
1.963279e+14	9.873488e-01	1.380890e+00
1.963021e+14	9.848762e-01	1.272489e+00
1.962764e+14	9.822344e-01	1.164394e+00
1.962507e+14	9.794671e-01	1.056644e+00
1.962249e+14	9.766251e-01	9.492689e-01
1.961992e+14	9.737648e-01	8.422896e-01
1.961735e+14	9.709463e-01	7.357176e-01
1.961478e+14	9.682316e-01	6.295530e-01
1.961221e+14	9.656828e-01	5.237848e-01
1.960964e+14	9.633596e-01	4.183908e-01
1.960707e+14	9.613184e-01	3.133375e-01
1.960450e+14	9.596097e-01	2.085814e-01
1.960194e+14	9.582774e-01	1.040695e-01
1.959937e+14	9.573572e-01	-2.589709e-04
1.959681e+14	9.568757e-01	-1.044714e-01
1.959424e+14	9.568492e-01	-2.086399e-01
1.959168e+14	9.572838e-01	-3.128394e-01
1.958911e+14	9.581743e-01	-4.171458e-01
1.958655e+14	9.595044e-01	-5.216336e-01
1.958399e+14	9.612467e-01	-6.263742e-01
1.958143e+14	9.633628e-01	-7.314332e-01
1.957886e+14	9.658045e-01	-8.368690e-01
1.957630e+14	9.685146e-01	-9.427302e-01
1.957374e+14	9.714280e-01	-1.049054e+00
1.957119e+14	9.744744e-01	-1.155866e+00
1.956863e+14	9.775797e-01	-1.263177e+00
1.956607e+14	9.806692e-01	-1.370985e+00
1.956351e+14	9.836705e-01	-1.479272e+00
1.956096e+14	9.865160e-01	-1.588008e+00
1.955840e+14	9.891468e-01	-1.697153e+00
1.955585e+14	9.915146e-01	-1.806656e+00
1.955329e+14	9.935844e-01	-1.916459e+00
1.955074e+14	9.953360e-01	-2.026503e+00
1.954818e+14	9.967645e-01	-2.136728e+00
1.954563e+14	9.978805e-01	-2.247078e+00
1.954308e+14	9.987082e-01	-2.357508e+00
1.954053e+14	9.992835e-01	-2.467983e+00
1.953798e+14	9.996509e-01	-2.578482e+00
1.953543e+14	9.998595e-01	-2.689001e+00
1.953288e+14	9.999587e-01	-2.799555e+00
1.953033e+14	9.999935e-01	-2.910177e+00
1.952779e+14	9.999999e-01	-3.020916e+00
1.952524e+14	1.000000e+00	-3.131840e+00
1.952269e+14	9.999978e-01	3.040158e+00
1.952015e+14	9.999750e-01	2.928618e+00
1.951760e+14	9.998877e-01	2.816632e+00
1.951506e+14	9.996640e-01	2.704107e+00
1.951251e+14	9.992026e-01	2.590960e+00
1.950997e+14	9.983732e-01	2.477119e+00
1.950743e+14	9.970185e-01	2.362540e+00
1.950489e+14	9.949591e-01	2.247206e+00
1.950234e+14	9.920006e-01	2.131141e+00
1.949980e+14	9.879437e-01	2.014413e+00
1.949726e+14	9.825969e-01	1.897140e+00
1.949473e+14	9.757906e-01	1.779490e+00
1.949219e+14	9.673920e-01	1.661682e+00
1.948965e+14	9.573192e-01	1.543977e+00
1.948711e+14	9.455517e-01	1.426672e+00
1.948458e+14	9.321368e-01	1.310087e+00
1.948204e+14	9.171900e-01	1.194546e+00
1.947951e+14	9.008896e-01	1.080368e+00
1.947697e+14	8.834660e-01	9.678474e-01
1.947444e+14	8.651875e-01	8.572426e-01
1.947190e+14	8.463436e-01	7.487676e-01
1.946937e+14	8.272295e-01	6.425853e-01
1.946684e+14	8.081318e-01	5.388058e-01
1.946431e+14	7.893174e-01	4.374874e-01
1.946178e+14	7.710264e-01	3.386400e-01
1.945925e+14	7.534672e-01	2.422303e-01
1.945672e+14	7.368163e-01	1.481882e-01
1.945419e+14	7.212184e-01	5.641254e-02
1.945166e+14	7.067901e-01	-3.322269e-02
1.944914e+14	6.936231e-01	-1.208631e-01
1.944661e+14	6.817884e-01	-2.066695e-01
1.944408e+14	6.713410e-01	-2.908141e-01
1.944156e+14	6.623237e-01	-3.734781e-01
1.943903e+14	6.547710e-01	-4.548494e-01
1.943651e+14	6.487125e-01	-5.351219e-01
1.943399e+14	6.441755e-01	-6.144948e-01
1.943146e+14	6.411882e-01	-6.931726e-01
1.942894e+14	6.397812e-01	-7.713663e-01
1.942642e+14	6.399892e-01	-8.492941e-01
1.942390e+14	6.418527e-01	-9.271833e-01
1.942138e+14	6.454185e-01	-1.005272e+00
1.941886e+14	6.507401e-01	-1.083812e+00
1.941634e+14	6.578775e-01	-1.163070e+00
1.941382e+14	6.668960e-01	-1.243333e+00
1.941131e+14	6.778641e-01	-1.324909e+00
1.940879e+14	6.908495e-01	-1.408131e+00
1.940627e+14	7.059130e-01	-1.493360e+00
1.940376e+14	7.230998e-01	-1.580985e+00
1.940124e+14	7.424262e-01	-1.671424e+00
1.939873e+14	7.638616e-01	-1.765122e+00
1.939622e+14	7.873039e-01	-1.862542e+00
1.939370e+14	8.125488e-01	-1.964152e+00
1.939119e+14	8.392515e-01	-2.070402e+00
1.938868e+14	8.668865e-01	-2.181687e+00
1.938617e+14	8.947097e-01	-2.298303e+00
1.938366e+14	9.217371e-01	-2.420377e+00
1.938115e+14	9.467575e-01	-2.547803e+00
1.937864e+14	9.683976e-01	-2.680170e+00
1.937613e+14	9.852531e-01	-2.816716e+00
1.937362e+14	9.960780e-01	-2.956329e+00
1.937112e+14	9.999939e-01	-3.097600e+00
1.936861e+14	9.966612e-01	3.044235e+00
1.936611e+14	9.863492e-01	2.904396e+00
1.936360e+14	9.698803e-01	2.767505e+00
1.936110e+14	9.484682e-01	2.634718e+00
1.935859e+14	9.235098e-01	2.506841e+00
1.935609e+14	8.963899e-01	2.384328e+00
1.935359e+14	8.683435e-01	2.267322e+00
1.935109e+14	8.403818e-01	2.155721e+00
1.934858e+14	8.132751e-01	2.049249e+00
1.934608e+14	7.875714e-01	1.947522e+00
1.934358e+14	7.636324e-01	1.850098e+00
1.934109e+14	7.416744e-01	1.756510e+00
1.933859e+14	7.218074e-01	1.666297e+00
1.933609e+14	7.040663e-01	1.579015e+00
1.933359e+14	6.884365e-01	1.494247e+00
1.933110e+14	6.748729e-01	1.411601e+00
1.932860e+14	6.633132e-01	1.330720e+00
1.932610e+14	6.536873e-01	1.251271e+00
1.932361e+14	6.459239e-01	1.172948e+00
1.932112e+14	6.399545e-01	1.095468e+00
1.931862e+14	6.357158e-01	1.018568e+00
1.931613e+14	6.331510e-01	9.420012e-01
1.931364e+14	6.322103e-01	8.655349e-01
1.931115e+14	6.328507e-01	7.889485e-01
1.930865e+14	6.350352e-01	7.120307e-01
1.930616e+14	6.387322e-01	6.345785e-01
1.930368e+14	6.439137e-01	5.563950e-01
1.930119e+14	6.505536e-01	4.772892e-01
1.929870e+14	6.586259e-01	3.970752e-01
1.929621e+14	6.681019e-01	3.155719e-01
1.929372e+14	6.789476e-01	2.326043e-01
1.929124e+14	6.911204e-01	1.480042e-01
1.928875e+14	7.045655e-01	6.161200e-02
1.928627e+14	7.192121e-01	-2.672012e-02
1.928378e+14	7.349694e-01	-1.171251e-01
1.928130e+14	7.517227e-01	-2.097167e-01
1.927882e+14	7.693301e-01	-3.045845e-01
1.927633e+14	7.876205e-01	-4.017881e-01
1.927385e+14	8.063919e-01	-5.013522e-01
1.927137e+14	8.254139e-01	-6.032605e-01
1.926889e+14	8.444307e-01	-7.074512e-01
1.926641e+14	8.631692e-01	-8.138143e-01
1.926393e+14	8.813485e-01	-9.221907e-01
1.926145e+14	8.986934e-01	-1.032374e+00
1.925897e+14	9.149489e-01	-1.144117e+00
1.925650e+14	9.298949e-01	-1.257138e+00
1.925402e+14	9.433594e-01	-1.371136e+00
1.925154e+14	9.552289e-01	-1.485800e+00
1.924907e+14	9.654528e-01	-1.600825e+00
1.924659e+14	9.740441e-01	-1.715928e+00
1.924412e+14	9.810737e-01	-1.830855e+00
1.924165e+14	9.866608e-01	-1.945392e+00
1.923917e+14	9.909613e-01	-2.059372e+00
1.923670e+14	9.941536e-01	-2.172674e+00
1.923423e+14	9.964257e-01	-2.285225e+00
1.923176e+14	9.979636e-01	-2.396991e+00
1.922929e+14	9.989415e-01	-2.507979e+00
1.922682e+14	9.995147e-01	-2.618224e+00
1.922435e+14	9.998150e-01	-2.727785e+00
1.922188e+14	9.999478e-01	-2.836737e+00
1.921941e+14	9.999919e-01	-2.945164e+00
1.921694e+14	9.999998e-01	-3.053155e+00
1.921448e+14	1.000000e+00	3.122391e+00
1.921201e+14	9.999991e-01	3.015023e+00
1.920955e+14	9.999857e-01	2.907859e+00
1.920708e+14	9.999340e-01	2.800843e+00
1.920462e+14	9.998076e-01	2.693935e+00
1.920215e+14	9.995636e-01	2.587110e+00
1.919969e+14	9.991569e-01	2.480359e+00
1.919723e+14	9.985441e-01	2.373691e+00
1.919477e+14	9.976867e-01	2.267127e+00
1.919231e+14	9.965546e-01	2.160701e+00
1.918985e+14	9.951284e-01	2.054457e+00
1.918739e+14	9.934010e-01	1.948443e+00
1.918493e+14	9.913787e-01	1.842713e+00
1.918247e+14	9.890811e-01	1.737322e+00
1.918001e+14	9.865404e-01	1.632318e+00
1.917756e+14	9.838000e-01	1.527748e+00
1.917510e+14	9.809127e-01	1.423648e+00
1.917264e+14	9.779384e-01	1.320044e+00
1.917019e+14	9.749414e-01	1.216952e+00
1.916773e+14	9.719879e-01	1.114375e+00
1.916528e+14	9.691439e-01	1.012307e+00
1.916283e+14	9.664726e-01	9.107249e-01
1.916037e+14	9.640328e-01	8.095997e-01
1.915792e+14	9.618768e-01	7.088903e-01
1.915547e+14	9.600499e-01	6.085474e-01
1.915302e+14	9.585889e-01	5.085152e-01
1.915057e+14	9.575216e-01	4.087325e-01
1.914812e+14	9.568666e-01	3.091347e-01
1.914567e+14	9.566330e-01	2.096554e-01
1.914322e+14	9.568207e-01	1.102283e-01
1.914077e+14	9.574202e-01	1.078847e-02
1.913833e+14	9.584137e-01	-8.872560e-02
1.913588e+14	9.597753e-01	-1.883710e-01
1.913344e+14	9.614715e-01	-2.881989e-01
1.913099e+14	9.634627e-01	-3.882535e-01
1.912855e+14	9.657037e-01	-4.885711e-01
1.912610e+14	9.681454e-01	-5.891791e-01
1.912366e+14	9.707356e-01	-6.900962e-01
1.912122e+14	9.734206e-01	-7.913314e-01
1.911877e+14	9.761469e-01	-8.928845e-01
1.911633e+14	9.788623e-01	-9.947463e-01
1.911389e+14	9.815179e-01	-1.096899e+00
1.911145e+14	9.840691e-01	-1.199319e+00
1.910901e+14	9.864770e-01	-1.301974e+00
1.910657e+14	9.887093e-01	-1.404829e+00
1.910413e+14	9.907413e-01	-1.507844e+00
1.910170e+14	9.925559e-01	-1.610978e+00
1.909926e+14	9.941441e-01	-1.714189e+00
1.909682e+14	9.955047e-01	-1.817438e+00
1.909439e+14	9.966432e-01	-1.920687e+00
1.909195e+14	9.975717e-01	-2.023903e+00
1.908952e+14	9.983073e-01	-2.127055e+00
1.908708e+14	9.988709e-01	-2.230122e+00
1.908465e+14	9.992862e-01	-2.333085e+00
1.908222e+14	9.995782e-01	-2.435932e+00
1.907979e+14	9.997717e-01	-2.538657e+00
1.907735e+14	9.998904e-01	-2.641260e+00
1.907492e+14	9.999559e-01	-2.743745e+00
1.907249e+14	9.999867e-01	-2.846119e+00
1.907006e+14	9.999978e-01	-2.948394e+00
1.906763e+14	1.000000e+00	-3.050582e+00
1.906521e+14	9.999999e-01	3.130487e+00
1.906278e+14	1.000000e+00	3.028428e+00
1.906035e+14	9.999988e-01	2.926414e+00
1.905792e+14	9.999912e-01	2.824432e+00
1.905550e+14	9.999692e-01	2.722473e+00
1.905307e+14	9.999222e-01	2.620531e+00
1.905065e+14	9.998383e-01	2.518601e+00
1.904822e+14	9.997048e-01	2.416686e+00
1.904580e+14	9.995091e-01	2.314787e+00
1.904338e+14	9.992395e-01	2.212914e+00
1.904096e+14	9.988862e-01	2.111076e+00
1.903853e+14	9.984416e-01	2.009287e+00
1.903611e+14	9.979012e-01	1.907562e+00
1.903369e+14	9.972641e-01	1.805919e+00
1.903127e+14	9.965326e-01	1.704376e+00
1.902885e+14	9.957133e-01	1.602948e+00
1.902644e+14	9.948159e-01	1.501655e+00
1.902402e+14	9.938540e-01	1.400509e+00
1.902160e+14	9.928439e-01	1.299525e+00
1.901918e+14	9.918044e-01	1.198712e+00
1.901677e+14	9.907561e-01	1.098076e+00
1.901435e+14	9.897209e-01	9.976202e-01
1.901194e+14	9.887209e-01	8.973436e-01
1.900952e+14	9.877781e-01	7.972413e-01
1.900711e+14	9.869135e-01	6.973044e-01
1.900470e+14	9.861464e-01	5.975207e-01
1.900228e+14	9.854938e-01	4.978748e-01
1.899987e+14	9.849703e-01	3.983485e-01
1.899746e+14	9.845871e-01	2.989214e-01
1.899505e+14	9.843523e-01	1.995716e-01
1.899264e+14	9.842704e-01	1.002760e-01
1.899023e+14	9.843420e-01	1.011376e-03
1.898782e+14	9.845644e-01	-9.824522e-02
1.898542e+14	9.849314e-01	-1.975158e-01
1.898301e+14	9.854335e-01	-2.968209e-01
1.898060e+14	9.860583e-01	-3.961790e-01
1.897819e+14	9.867908e-01	-4.956059e-01
1.897579e+14	9.876140e-01	-5.951146e-01
1.897338e+14	9.885093e-01	-6.947151e-01
1.897098e+14	9.894572e-01	-7.944137e-01
1.896858e+14	9.904378e-01	-8.942136e-01
1.896617e+14	9.914312e-01	-9.941144e-01
1.896377e+14	9.924184e-01	-1.094113e+00
1.896137e+14	9.933816e-01	-1.194202e+00
1.895897e+14	9.943050e-01	-1.294373e+00
1.895657e+14	9.951747e-01	-1.394614e+00
1.895417e+14	9.959794e-01	-1.494913e+00
1.895177e+14	9.967105e-01	-1.595255e+00
1.894937e+14	9.973622e-01	-1.695626e+00
1.894697e+14	9.979316e-01	-1.796011e+00
1.894457e+14	9.984184e-01	-1.896394e+00
1.894217e+14	9.988248e-01	-1.996764e+00
1.893978e+14	9.991554e-01	-2.097107e+00
1.893738e+14	9.994163e-01	-2.197413e+00
1.893499e+14	9.996152e-01	-2.297674e+00
1.893259e+14	9.997608e-01	-2.397883e+00
1.893020e+14	9.998620e-01	-2.498036e+00
1.892780e+14	9.999279e-01	-2.598131e+00
1.892541e+14	9.999674e-01	-2.698167e+00
1.892302e+14	9.999882e-01	-2.798146e+00
1.892063e+14	9.999972e-01	-2.898072e+00
1.891824e+14	9.999998e-01	-2.997947e+00
1.891585e+14	9.999999e-01	-3.097779e+00
1.891346e+14	9.999998e-01	3.085614e+00
1.891107e+14	1.000000e+00	2.985854e+00
1.890868e+14	9.999995e-01	2.886122e+00
1.890629e+14	9.999959e-01	2.786413e+00
1.890390e+14	9.999855e-01	2.686723e+00
1.890152e+14	9.999635e-01	2.587050e+00
1.889913e+14	9.999246e-01	2.487392e+00
1.889674e+14	9.998628e-01	2.387749e+00
1.889436e+14	9.997725e-01	2.288124e+00
1.889197e+14	9.996480e-01	2.188519e+00
1.888959e+14	9.994847e-01	2.088940e+00
1.888721e+14	9.992787e-01	1.989392e+00
1.888482e+14	9.990273e-01	1.889882e+00
1.888244e+14	9.987294e-01	1.790419e+00
1.888006e+14	9.983853e-01	1.691010e+00
1.887768e+14	9.979973e-01	1.591665e+00
1.887530e+14	9.975692e-01	1.492390e+00
1.887292e+14	9.971062e-01	1.393194e+00
1.887054e+14	9.966155e-01	1.294084e+00
1.886816e+14	9.961051e-01	1.195064e+00
1.886578e+14	9.955845e-01	1.096141e+00
1.886341e+14	9.950637e-01	9.973145e-01
1.886103e+14	9.945533e-01	8.985872e-01
1.885865e+14	9.940641e-01	7.999575e-01
1.885628e+14	9.936065e-01	7.014225e-01
1.885390e+14	9.931906e-01	6.029778e-01
1.885153e+14	9.928256e-01	5.046170e-01
1.884916e+14	9.925195e-01	4.063322e-01
1.884678e+14	9.922793e-01	3.081145e-01
1.884441e+14	9.921101e-01	2.099538e-01
1.884204e+14	9.920156e-01	1.118391e-01
1.883967e+14	9.919975e-01	1.375934e-02
1.883730e+14	9.920558e-01	-8.429696e-02
1.883493e+14	9.921889e-01	-1.823409e-01
1.883256e+14	9.923933e-01	-2.803833e-01
1.883019e+14	9.926638e-01	-3.784338e-01
1.882782e+14	9.929940e-01	-4.765014e-01
1.882545e+14	9.933762e-01	-5.745936e-01
1.882309e+14	9.938018e-01	-6.727164e-01
1.882072e+14	9.942613e-01	-7.708744e-01
1.881835e+14	9.947449e-01	-8.690705e-01
1.881599e+14	9.952427e-01	-9.673059e-01
1.881362e+14	9.957449e-01	-1.065580e+00
1.881126e+14	9.962421e-01	-1.163891e+00
1.880890e+14	9.967257e-01	-1.262235e+00
1.880653e+14	9.971879e-01	-1.360608e+00
1.880417e+14	9.976220e-01	-1.459004e+00
1.880181e+14	9.980228e-01	-1.557416e+00
1.879945e+14	9.983861e-01	-1.655838e+00
1.879709e+14	9.987093e-01	-1.754261e+00
1.879473e+14	9.989910e-01	-1.852679e+00
1.879237e+14	9.992313e-01	-1.951084e+00
1.879001e+14	9.994315e-01	-2.049471e+00
1.878765e+14	9.995938e-01	-2.147832e+00
1.878529e+14	9.997215e-01	-2.246163e+00
1.878294e+14	9.998183e-01	-2.344459e+00
1.878058e+14	9.998887e-01	-2.442718e+00
1.877822e+14	9.999372e-01	-2.540937e+00
1.877587e+14	9.999684e-01	-2.639115e+00
1.877351e+14	9.999865e-01	-2.737252e+00
1.877116e+14	9.999957e-01	-2.835350e+00
1.876881e+14	9.999993e-01	-2.933409e+00
1.876645e+14	1.000000e+00	-3.031432e+00
1.876410e+14	9.999998e-01	-3.129422e+00
1.876175e+14	9.999996e-01	3.055804e+00
1.875940e+14	9.999999e-01	2.957872e+00
1.875705e+14	9.999999e-01	2.859964e+00
1.875470e+14	9.999983e-01	2.762079e+00
1.875235e+14	9.999930e-01	2.664213e+00
1.875000e+14	9.999814e-01	2.566366e+00
("port 2","TE",1,"port 2",1,"modulation")
(1,1)
0.00286
(500,3)
2.000000e+14	1.918133e-02	-5.759080e-01
1.999733e+14	1.482778e-02	-6.872338e-01
1.999466e+14	1.091373e-02	-7.985240e-01
1.999199e+14	7.493872e-03	-9.097765e-01
1.998932e+14	4.617168e-03	-1.020991e+00
1.998665e+14	2.326226e-03	-1.132167e+00
1.998398e+14	6.567728e-04	-1.243307e+00
1.998131e+14	3.628056e-04	1.787179e+00
1.997865e+14	7.118254e-04	1.676101e+00
1.997598e+14	3.775929e-04	1.565049e+00
1.997332e+14	6.443942e-04	-1.687575e+00
1.997065e+14	2.350328e-03	-1.798590e+00
1.996799e+14	4.728059e-03	-1.909592e+00
1.996532e+14	7.757150e-03	-2.020583e+00
1.996266e+14	1.140902e-02	-2.131566e+00
1.996000e+14	1.564721e-02	-2.242539e+00
1.995734e+14	2.042770e-02	-2.353501e+00
1.995468e+14	2.569938e-02	-2.464450e+00
1.995202e+14	3.140462e-02	-2.575379e+00
1.994936e+14	3.747989e-02	-2.686282e+00
1.994670e+14	4.385660e-02	-2.797152e+00
1.994404e+14	5.046187e-02	-2.907978e+00
1.994139e+14	5.721954e-02	-3.018751e+00
1.993873e+14	6.405111e-02	-3.129460e+00
1.993608e+14	7.087682e-02	3.043091e+00
1.993342e+14	7.761666e-02	2.932540e+00
1.993077e+14	8.419147e-02	2.822082e+00
1.992812e+14	9.052390e-02	2.711725e+00
1.992546e+14	9.653945e-02	2.601473e+00
1.992281e+14	1.021673e-01	2.491330e+00
1.992016e+14	1.073413e-01	2.381297e+00
1.991751e+14	1.120005e-01	2.271373e+00
1.991486e+14	1.160898e-01	2.161552e+00
1.991221e+14	1.195608e-01	2.051829e+00
1.990956e+14	1.223720e-01	1.942193e+00
1.990691e+14	1.244891e-01	1.832633e+00
1.990427e+14	1.258859e-01	1.723136e+00
1.990162e+14	1.265436e-01	1.613688e+00
1.989898e+14	1.264519e-01	1.504272e+00
1.989633e+14	1.256087e-01	1.394874e+00
1.989369e+14	1.240202e-01	1.285477e+00
1.989104e+14	1.217011e-01	1.176066e+00
1.988840e+14	1.186744e-01	1.066628e+00
1.988576e+14	1.149715e-01	9.571518e-01
1.988312e+14	1.106321e-01	8.476268e-01
1.988048e+14	1.057037e-01	7.380460e-01
1.987784e+14	1.002415e-01	6.284048e-01
1.987520e+14	9.430811e-02	5.187016e-01
1.987256e+14	8.797250e-02	4.089374e-01
1.986992e+14	8.130985e-02	2.991159e-01
1.986729e+14	7.440048e-02	1.892432e-01
1.986465e+14	6.732907e-02	7.932736e-02
1.986201e+14	6.018356e-02	-3.062172e-02
1.985938e+14	5.305411e-02	-1.405932e-01
1.985674e+14	4.603194e-02	-2.505757e-01
1.985411e+14	3.920810e-02	-3.605578e-01
1.985148e+14	3.267230e-02	-4.705286e-01
1.984885e+14	2.651168e-02	-5.804786e-01
1.984622e+14	2.080969e-02	-6.903995e-01
1.984358e+14	1.564500e-02	-8.002851e-01
1.984095e+14	1.109046e-02	-9.101313e-01
1.983832e+14	7.212251e-03	-1.019936e+00
1.983570e+14	4.069029e-03	-1.129701e+00
1.983307e+14	1.711227e-03	-1.239427e+00
1.983044e+14	1.804480e-04	-1.349120e+00
1.982781e+14	4.910483e-04	1.682808e+00
1.982519e+14	2.807698e-04	1.573163e+00
1.982256e+14	8.236725e-04	-1.678061e+00
1.981994e+14	2.824314e-03	-1.787687e+00
1.981732e+14	5.712672e-03	-1.897314e+00
1.981469e+14	9.469672e-03	-2.006946e+00
1.981207e+14	1.406568e-02	-2.116589e+00
1.980945e+14	1.946062e-02	-2.226242e+00
1.980683e+14	2.560429e-02	-2.335905e+00
1.980421e+14	3.243672e-02	-2.445572e+00
1.980159e+14	3.988874e-02	-2.555237e+00
1.979897e+14	4.788273e-02	-2.664888e+00
1.979635e+14	5.633347e-02	-2.774512e+00
1.979373e+14	6.514921e-02	-2.884094e+00
1.979112e+14	7.423283e-02	-2.993616e+00
1.978850e+14	8.348314e-02	-3.103059e+00
1.978588e+14	9.279630e-02	3.070781e+00
1.978327e+14	1.020672e-01	2.961553e+00
1.978066e+14	1.111911e-01	2.852459e+00
1.977804e+14	1.200648e-01	2.743515e+00
1.977543e+14	1.285880e-01	2.634735e+00
1.977282e+14	1.366648e-01	2.526126e+00
1.977021e+14	1.442046e-01	2.417694e+00
1.976760e+14	1.511232e-01	2.309441e+00
1.976499e+14	1.573434e-01	2.201362e+00
1.976238e+14	1.627958e-01	2.093449e+00
1.975977e+14	1.674194e-01	1.985688e+00
1.975716e+14	1.711618e-01	1.878062e+00
1.975455e+14	1.739798e-01	1.770549e+00
1.975195e+14	1.758393e-01	1.663126e+00
1.974934e+14	1.767157e-01	1.555765e+00
1.974674e+14	1.765943e-01	1.448438e+00
1.974413e+14	1.754699e-01	1.341115e+00
1.974153e+14	1.733475e-01	1.233767e+00
1.973892e+14	1.702422e-01	1.126366e+00
1.973632e+14	1.661797e-01	1.018887e+00
1.973372e+14	1.611959e-01	9.113058e-01
1.973112e+14	1.553377e-01	8.036045e-01
1.972852e+14	1.486626e-01	6.957677e-01
1.972592e+14	1.412385e-01	5.877857e-01
1.972332e+14	1.331440e-01	4.796537e-01
1.972072e+14	1.244677e-01	3.713720e-01
1.971812e+14	1.153074e-01	2.629462e-01
1.971553e+14	1.057698e-01	1.543865e-01
1.971293e+14	9.596881e-02	4.570725e-02
1.971034e+14	8.602483e-02	-6.307373e-02
1.970774e+14	7.606294e-02	-1.719363e-01
1.970515e+14	6.621138e-02	-2.808588e-01
1.970255e+14	5.659976e-02	-3.898193e-01
1.969996e+14	4.735729e-02	-4.987968e-01
1.969737e+14	3.861090e-02	-6.077720e-01
1.969478e+14	3.048354e-02	-7.167288e-01
1.969219e+14	2.309252e-02	-8.256543e-01
1.968960e+14	1.654795e-02	-9.345402e-01
1.968701e+14	1.095140e-02	-1.043383e+00
1.968442e+14	6.394713e-03	-1.152183e+00
1.968183e+14	2.958944e-03	-1.260946e+00
1.967924e+14	7.134730e-04	-1.369681e+00
1.967666e+14	2.847788e-04	1.663191e+00
1.967407e+14	7.965386e-06	-1.587124e+00
1.967148e+14	1.621716e-03	-1.695864e+00
1.966890e+14	4.572150e-03	-1.804639e+00
1.966632e+14	8.860080e-03	-1.913465e+00
1.966373e+14	1.447099e-02	-2.022355e+00
1.966115e+14	2.137463e-02	-2.131320e+00
1.965857e+14	2.952475e-02	-2.240363e+00
1.965599e+14	3.885896e-02	-2.349484e+00
1.965341e+14	4.929883e-02	-2.458676e+00
1.965083e+14	6.075031e-02	-2.567922e+00
1.964825e+14	7.310443e-02	-2.677200e+00
1.964567e+14	8.623841e-02	-2.786481e+00
1.964309e+14	1.000172e-01	-2.895728e+00
1.964051e+14	1.142952e-01	-3.004900e+00
1.963794e+14	1.289189e-01	-3.113951e+00
1.963536e+14	1.437290e-01	3.060352e+00
1.963279e+14	1.585634e-01	2.951687e+00
1.963021e+14	1.732597e-01	2.843285e+00
1.962764e+14	1.876581e-01	2.735190e+00
1.962507e+14	2.016040e-01	2.627440e+00
1.962249e+14	2.149497e-01	2.520065e+00
1.961992e+14	2.275570e-01	2.413086e+00
1.961735e+14	2.392977e-01	2.306514e+00
1.961478e+14	2.500551e-01	2.200349e+00
1.961221e+14	2.597245e-01	2.094581e+00
1.960964e+14	2.682130e-01	1.989187e+00
1.960707e+14	2.754396e-01	1.884134e+00
1.960450e+14	2.813347e-01	1.779378e+00
1.960194e+14	2.858397e-01	1.674866e+00
1.959937e+14	2.889067e-01	1.570537e+00
1.959681e+14	2.904978e-01	1.466325e+00
1.959424e+14	2.905849e-01	1.362156e+00
1.959168e+14	2.891499e-01	1.257957e+00
1.958911e+14	2.861852e-01	1.153651e+00
1.958655e+14	2.816935e-01	1.049163e+00
1.958399e+14	2.756898e-01	9.444222e-01
1.958143e+14	2.682017e-01	8.393631e-01
1.957886e+14	2.592714e-01	7.339273e-01
1.957630e+14	2.489569e-01	6.280661e-01
1.957374e+14	2.373343e-01	5.217419e-01
1.957119e+14	2.244987e-01	4.149299e-01
1.956863e+14	2.105657e-01	3.076188e-01
1.956607e+14	1.956728e-01	1.998115e-01
1.956351e+14	1.799789e-01	9.152453e-02
1.956096e+14	1.636646e-01	-1.721214e-02
1.955840e+14	1.469305e-01	-1.263572e-01
1.955585e+14	1.299954e-01	-2.358598e-01
1.955329e+14	1.130931e-01	-3.456631e-01
1.955074e+14	9.646922e-02	-4.557067e-01
1.954818e+14	8.037702e-02	-5.659314e-01
1.954563e+14	6.507301e-02	-6.762820e-01
1.954308e+14	5.081288e-02	-7.867121e-01
1.954053e+14	3.784752e-02	-8.971867e-01
1.953798e+14	2.641960e-02	-1.007685e+00
1.953543e+14	1.676072e-02	-1.118205e+00
1.953288e+14	9.089220e-03	-1.228759e+00
1.953033e+14	3.608541e-03	-1.339380e+00
1.952779e+14	5.059386e-04	-1.450120e+00
1.952524e+14	4.862145e-05	1.580549e+00
1.952269e+14	2.096256e-03	-1.672231e+00
1.952015e+14	7.071650e-03	-1.783771e+00
1.951760e+14	1.498580e-02	-1.895757e+00
1.951506e+14	2.592054e-02	-2.008282e+00
1.951251e+14	3.992658e-02	-2.121429e+00
1.950997e+14	5.701756e-02	-2.235270e+00
1.950743e+14	7.716316e-02	-2.349849e+00
1.950489e+14	1.002817e-01	-2.465183e+00
1.950234e+14	1.262332e-01	-2.581248e+00
1.949980e+14	1.548133e-01	-2.697976e+00
1.949726e+14	1.857506e-01	-2.815249e+00
1.949473e+14	2.187071e-01	-2.932899e+00
1.949219e+14	2.532840e-01	-3.050707e+00
1.948965e+14	2.890328e-01	3.114773e+00
1.948711e+14	3.254719e-01	2.997469e+00
1.948458e+14	3.621063e-01	2.880883e+00
1.948204e+14	3.984501e-01	2.765343e+00
1.947951e+14	4.340483e-01	2.651165e+00
1.947697e+14	4.684952e-01	2.538644e+00
1.947444e+14	5.014485e-01	2.428039e+00
1.947190e+14	5.326373e-01	2.319564e+00
1.946937e+14	5.618642e-01	2.213382e+00
1.946684e+14	5.890017e-01	2.109602e+00
1.946431e+14	6.139854e-01	2.008284e+00
1.946178e+14	6.368032e-01	1.909436e+00
1.945925e+14	6.574854e-01	1.813027e+00
1.945672e+14	6.760930e-01	1.718985e+00
1.945419e+14	6.927077e-01	1.627209e+00
1.945166e+14	7.074233e-01	1.537574e+00
1.944914e+14	7.203381e-01	1.449933e+00
1.944661e+14	7.315495e-01	1.364127e+00
1.944408e+14	7.411486e-01	1.279982e+00
1.944156e+14	7.492178e-01	1.197318e+00
1.943903e+14	7.558273e-01	1.115947e+00
1.943651e+14	7.610336e-01	1.035674e+00
1.943399e+14	7.648777e-01	9.563016e-01
1.943146e+14	7.673836e-01	8.776237e-01
1.942894e+14	7.685571e-01	7.994300e-01
1.942642e+14	7.683839e-01	7.215022e-01
1.942390e+14	7.668279e-01	6.436131e-01
1.942138e+14	7.638292e-01	5.655244e-01
1.941886e+14	7.593006e-01	4.869847e-01
1.941634e+14	7.531250e-01	4.077265e-01
1.941382e+14	7.451508e-01	3.274634e-01
1.941131e+14	7.351872e-01	2.458872e-01
1.940879e+14	7.229986e-01	1.626648e-01
1.940627e+14	7.082985e-01	7.743594e-02
1.940376e+14	6.907435e-01	-1.018893e-02
1.940124e+14	6.699278e-01	-1.006281e-01
1.939873e+14	6.453801e-01	-1.943261e-01
1.939622e+14	6.165651e-01	-2.917460e-01
1.939370e+14	5.828932e-01	-3.933559e-01
1.939119e+14	5.437434e-01	-4.996054e-01
1.938868e+14	4.985055e-01	-6.108909e-01
1.938617e+14	4.466482e-01	-7.275062e-01
1.938366e+14	3.878153e-01	-8.495804e-01
1.938115e+14	3.219475e-01	-9.770064e-01
1.937864e+14	2.494115e-01	-1.109373e+00
1.937613e+14	1.711030e-01	-1.245920e+00
1.937362e+14	8.847975e-02	-1.385532e+00
1.937112e+14	3.484635e-03	-1.526804e+00
1.936861e+14	8.164811e-02	1.473439e+00
1.936611e+14	1.646670e-01	1.333600e+00
1.936360e+14	2.435822e-01	1.196709e+00
1.936110e+14	3.168722e-01	1.063921e+00
1.935859e+14	3.835749e-01	9.360443e-01
1.935609e+14	4.432664e-01	8.135316e-01
1.935359e+14	4.959633e-01	6.965257e-01
1.935109e+14	5.419949e-01	5.849246e-01
1.934858e+14	5.818793e-01	4.784529e-01
1.934608e+14	6.162234e-01	3.767262e-01
1.934358e+14	6.456513e-01	2.793012e-01
1.934109e+14	6.707600e-01	1.857134e-01
1.933859e+14	6.920940e-01	9.550070e-02
1.933609e+14	7.101343e-01	8.219089e-03
1.933359e+14	7.252966e-01	-7.654981e-02
1.933110e+14	7.379340e-01	-1.591952e-01
1.932860e+14	7.483419e-01	-2.400766e-01
1.932610e+14	7.567648e-01	-3.195258e-01
1.932361e+14	7.634018e-01	-3.978486e-01
1.932112e+14	7.684128e-01	-4.753282e-01
1.931862e+14	7.719232e-01	-5.522282e-01
1.931613e+14	7.740283e-01	-6.287951e-01
1.931364e+14	7.747968e-01	-7.052614e-01
1.931115e+14	7.742739e-01	-7.818478e-01
1.930865e+14	7.724832e-01	-8.587656e-01
1.930616e+14	7.694291e-01	-9.362179e-01
1.930368e+14	7.650981e-01	-1.014401e+00
1.930119e+14	7.594603e-01	-1.093507e+00
1.929870e+14	7.524705e-01	-1.173721e+00
1.929621e+14	7.440698e-01	-1.255224e+00
1.929372e+14	7.341867e-01	-1.338192e+00
1.929124e+14	7.227396e-01	-1.422792e+00
1.928875e+14	7.096389e-01	-1.509184e+00
1.928627e+14	6.947905e-01	-1.597516e+00
1.928378e+14	6.781003e-01	-1.687921e+00
1.928130e+14	6.594794e-01	-1.780513e+00
1.927882e+14	6.388514e-01	-1.875381e+00
1.927633e+14	6.161607e-01	-1.972584e+00
1.927385e+14	5.913815e-01	-2.072149e+00
1.927137e+14	5.645281e-01	-2.174057e+00
1.926889e+14	5.356647e-01	-2.278247e+00
1.926641e+14	5.049148e-01	-2.384611e+00
1.926393e+14	4.724667e-01	-2.492987e+00
1.926145e+14	4.385774e-01	-2.603171e+00
1.925897e+14	4.035697e-01	-2.714913e+00
1.925650e+14	3.678254e-01	-2.827935e+00
1.925402e+14	3.317725e-01	-2.941932e+00
1.925154e+14	2.958678e-01	-3.056596e+00
1.924907e+14	2.605779e-01	3.111564e+00
1.924659e+14	2.263582e-01	2.996461e+00
1.924412e+14	1.936349e-01	2.881534e+00
1.924165e+14	1.627894e-01	2.766997e+00
1.923917e+14	1.341479e-01	2.653017e+00
1.923670e+14	1.079752e-01	2.539715e+00
1.923423e+14	8.447372e-02	2.427164e+00
1.923176e+14	6.378582e-02	2.315398e+00
1.922929e+14	4.599851e-02	2.204410e+00
1.922682e+14	3.115000e-02	2.094165e+00
1.922435e+14	1.923644e-02	1.984604e+00
1.922188e+14	1.021850e-02	1.875652e+00
1.921941e+14	4.027122e-03	1.767225e+00
1.921694e+14	5.683001e-04	1.659234e+00
1.921448e+14	2.732233e-04	-1.589998e+00
1.921201e+14	1.368750e-03	1.444227e+00
1.920955e+14	5.343794e-03	1.337063e+00
1.920708e+14	1.148622e-02	1.230047e+00
1.920462e+14	1.961613e-02	1.123139e+00
1.920215e+14	2.954049e-02	1.016313e+00
1.919969e+14	4.105429e-02	9.095629e-01
1.919723e+14	5.394217e-02	8.028950e-01
1.919477e+14	6.798044e-02	6.963311e-01
1.919231e+14	8.293965e-02	5.899051e-01
1.918985e+14	9.858760e-02	4.836602e-01
1.918739e+14	1.146927e-01	3.776464e-01
1.918493e+14	1.310275e-01	2.719170e-01
1.918247e+14	1.473722e-01	1.665254e-01
1.918001e+14	1.635179e-01	6.152216e-02
1.917756e+14	1.792697e-01	-4.304805e-02
1.917510e+14	1.944485e-01	-1.471485e-01
1.917264e+14	2.088934e-01	-2.507525e-01
1.917019e+14	2.224619e-01	-3.538445e-01
1.916773e+14	2.350308e-01	-4.564208e-01
1.916528e+14	2.464955e-01	-5.584898e-01
1.916283e+14	2.567696e-01	-6.600714e-01
1.916037e+14	2.657835e-01	-7.611966e-01
1.915792e+14	2.734832e-01	-8.619061e-01
1.915547e+14	2.798289e-01	-9.622489e-01
1.915302e+14	2.847936e-01	-1.062281e+00
1.915057e+14	2.883616e-01	-1.162064e+00
1.914812e+14	2.905277e-01	-1.261662e+00
1.914567e+14	2.912958e-01	-1.361141e+00
1.914322e+14	2.906789e-01	-1.460568e+00
1.914077e+14	2.886980e-01	-1.560008e+00
1.913833e+14	2.853824e-01	-1.659522e+00
1.913588e+14	2.807694e-01	-1.759167e+00
1.913344e+14	2.749048e-01	-1.858995e+00
1.913099e+14	2.678427e-01	-1.959050e+00
1.912855e+14	2.596465e-01	-2.059367e+00
1.912610e+14	2.503885e-01	-2.159975e+00
1.912366e+14	2.401507e-01	-2.260893e+00
1.912122e+14	2.290247e-01	-2.362128e+00
1.911877e+14	2.171112e-01	-2.463681e+00
1.911633e+14	2.045204e-01	-2.565543e+00
1.911389e+14	1.913702e-01	-2.667696e+00
1.911145e+14	1.777863e-01	-2.770115e+00
1.910901e+14	1.638997e-01	-2.872771e+00
1.910657e+14	1.498462e-01	-2.975625e+00
1.910413e+14	1.357636e-01	-3.078640e+00
1.910170e+14	1.217900e-01	3.101411e+00
1.909926e+14	1.080621e-01	2.998200e+00
1.909682e+14	9.471231e-02	2.894951e+00
1.909439e+14	8.186753e-02	2.791702e+00
1.909195e+14	6.964690e-02	2.688486e+00
1.908952e+14	5.816038e-02	2.585334e+00
1.908708e+14	4.750743e-02	2.482267e+00
1.908465e+14	3.777602e-02	2.379304e+00
1.908222e+14	2.904192e-02	2.276457e+00
1.907979e+14	2.136825e-02	2.173732e+00
1.907735e+14	1.480528e-02	2.071129e+00
1.907492e+14	9.390418e-03	1.968644e+00
1.907249e+14	5.148377e-03	1.866270e+00
1.907006e+14	2.091433e-03	1.763995e+00
1.906763e+14	2.197678e-04	1.661807e+00
1.906521e+14	4.781235e-04	-1.581902e+00
1.906278e+14	2.500319e-05	-1.683961e+00
1.906035e+14	1.545575e-03	1.355617e+00
1.905792e+14	4.189756e-03	1.253636e+00
1.905550e+14	7.853912e-03	1.151677e+00
1.905307e+14	1.247522e-02	1.049734e+00
1.905065e+14	1.798230e-02	9.478051e-01
1.904822e+14	2.429595e-02	8.458892e-01
1.904580e+14	3.132996e-02	7.439908e-01
1.904338e+14	3.899202e-02	6.421174e-01
1.904096e+14	4.718476e-02	5.402795e-01
1.903853e+14	5.580689e-02	4.384906e-01
1.903611e+14	6.475434e-02	3.367661e-01
1.903369e+14	7.392161e-02	2.351231e-01
1.903127e+14	8.320297e-02	1.335793e-01
1.902885e+14	9.249383e-02	3.215209e-02
1.902644e+14	1.016919e-01	-6.914169e-02
1.902402e+14	1.106984e-01	-1.702871e-01
1.902160e+14	1.194192e-01	-2.712713e-01
1.901918e+14	1.277656e-01	-3.720846e-01
1.901677e+14	1.356552e-01	-4.727205e-01
1.901435e+14	1.430127e-01	-5.731762e-01
1.901194e+14	1.497699e-01	-6.734527e-01
1.900952e+14	1.558666e-01	-7.735551e-01
1.900711e+14	1.612506e-01	-8.734919e-01
1.900470e+14	1.658776e-01	-9.732756e-01
1.900228e+14	1.697114e-01	-1.072921e+00
1.899987e+14	1.727239e-01	-1.172448e+00
1.899746e+14	1.748948e-01	-1.271875e+00
1.899505e+14	1.762114e-01	-1.371225e+00
1.899264e+14	1.766688e-01	-1.470520e+00
1.899023e+14	1.762693e-01	-1.569785e+00
1.898782e+14	1.750226e-01	-1.669042e+00
1.898542e+14	1.729453e-01	-1.768312e+00
1.898301e+14	1.700610e-01	-1.867617e+00
1.898060e+14	1.664002e-01	-1.966975e+00
1.897819e+14	1.619999e-01	-2.066402e+00
1.897579e+14	1.569033e-01	-2.165911e+00
1.897338e+14	1.511601e-01	-2.265511e+00
1.897098e+14	1.448255e-01	-2.365210e+00
1.896858e+14	1.379603e-01	-2.465010e+00
1.896617e+14	1.306302e-01	-2.564911e+00
1.896377e+14	1.229056e-01	-2.664909e+00
1.896137e+14	1.148604e-01	-2.764998e+00
1.895897e+14	1.065716e-01	-2.865169e+00
1.895657e+14	9.811882e-02	-2.965410e+00
1.895417e+14	8.958274e-02	-3.065709e+00
1.895177e+14	8.104474e-02	3.117134e+00
1.894937e+14	7.258572e-02	3.016763e+00
1.894697e+14	6.428525e-02	2.916378e+00
1.894457e+14	5.622057e-02	2.815995e+00
1.894217e+14	4.846579e-02	2.715625e+00
1.893978e+14	4.109101e-02	2.615282e+00
1.893738e+14	3.416160e-02	2.514976e+00
1.893499e+14	2.773754e-02	2.414715e+00
1.893259e+14	2.187287e-02	2.314506e+00
1.893020e+14	1.661519e-02	2.214353e+00
1.892780e+14	1.200538e-02	2.114258e+00
1.892541e+14	8.077235e-03	2.014222e+00
1.892302e+14	4.857344e-03	1.914243e+00
1.892063e+14	2.364974e-03	1.814317e+00
1.891824e+14	6.120326e-04	1.714441e+00
1.891585e+14	3.968985e-04	-1.526983e+00
1.891346e+14	6.644728e-04	-1.626775e+00
1.891107e+14	2.004426e-04	-1.726535e+00
1.890868e+14	9.785289e-04	1.315326e+00
1.890629e+14	2.849101e-03	1.215617e+00
1.890390e+14	5.381537e-03	1.115927e+00
1.890152e+14	8.540032e-03	1.016254e+00
1.889913e+14	1.228309e-02	9.165956e-01
1.889674e+14	1.656396e-02	8.169530e-01
1.889436e+14	2.133111e-02	7.173277e-01
1.889197e+14	2.652879e-02	6.177230e-01
1.888959e+14	3.209756e-02	5.181436e-01
1.888721e+14	3.797501e-02	4.185956e-01
1.888482e+14	4.409637e-02	3.190861e-01
1.888244e+14	5.039522e-02	2.196228e-01
1.888006e+14	5.680425e-02	1.202140e-01
1.887768e+14	6.325596e-02	2.086818e-02
1.887530e+14	6.968341e-02	-7.840648e-02
1.887292e+14	7.602091e-02	-1.776024e-01
1.887054e+14	8.220471e-02	-2.767127e-01
1.886816e+14	8.817358e-02	-3.757319e-01
1.886578e+14	9.386949e-02	-4.746558e-01
1.886341e+14	9.923801e-02	-5.734818e-01
1.886103e+14	1.042288e-01	-6.722092e-01
1.885865e+14	1.087961e-01	-7.708389e-01
1.885628e+14	1.128988e-01	-8.693738e-01
1.885390e+14	1.165010e-01	-9.678185e-01
1.885153e+14	1.195718e-01	-1.066179e+00
1.884916e+14	1.220859e-01	-1.164464e+00
1.884678e+14	1.240232e-01	-1.262682e+00
1.884441e+14	1.253694e-01	-1.360843e+00
1.884204e+14	1.261154e-01	-1.458957e+00
1.883967e+14	1.262578e-01	-1.557037e+00
1.883730e+14	1.257983e-01	-1.655093e+00
1.883493e+14	1.247443e-01	-1.753137e+00
1.883256e+14	1.231082e-01	-1.851180e+00
1.883019e+14	1.209075e-01	-1.949230e+00
1.882782e+14	1.181648e-01	-2.047298e+00
1.882545e+14	1.149072e-01	-2.145390e+00
1.882309e+14	1.111667e-01	-2.243513e+00
1.882072e+14	1.069792e-01	-2.341671e+00
1.881835e+14	1.023847e-01	-2.439867e+00
1.881599e+14	9.742703e-02	-2.538102e+00
1.881362e+14	9.215305e-02	-2.636376e+00
1.881126e+14	8.661255e-02	-2.734687e+00
1.880890e+14	8.085767e-02	-2.833032e+00
1.880653e+14	7.494240e-02	-2.931404e+00
1.880417e+14	6.892208e-02	-3.029800e+00
1.880181e+14	6.285279e-02	-3.128212e+00
1.879945e+14	5.679080e-02	3.056551e+00
1.879709e+14	5.079198e-02	2.958128e+00
1.879473e+14	4.491120e-02	2.859710e+00
1.879237e+14	3.920181e-02	2.761304e+00
1.879001e+14	3.371503e-02	2.662918e+00
1.878765e+14	2.849950e-02	2.564557e+00
1.878529e+14	2.360077e-02	2.466226e+00
1.878294e+14	1.906088e-02	2.367930e+00
1.878058e+14	1.491797e-02	2.269671e+00
1.877822e+14	1.120599e-02	2.171452e+00
1.877587e+14	7.954395e-03	2.073274e+00
1.877351e+14	5.187945e-03	1.975137e+00
1.877116e+14	2.926520e-03	1.877039e+00
1.876881e+14	1.185018e-03	1.778980e+00
1.876645e+14	2.671865e-05	-1.460636e+00
1.876410e+14	7.039311e-04	-1.558626e+00
1.876175e+14	8.469208e-04	-1.656585e+00
1.875940e+14	4.609922e-04	-1.754517e+00
1.875705e+14	4.436467e-04	1.289168e+00
1.875470e+14	1.852021e-03	1.191282e+00
1.875235e+14	3.744564e-03	1.093417e+00
1.875000e+14	6.097331e-03	9.955696e-01
