("port 1","TE",1,"port 1",1,"modulation")
(1,1)
0.00000
(500,3)
2.000000e+14	7.337073e-03	-2.006586e+00
1.999733e+14	1.091399e-02	-2.117634e+00
1.999466e+14	1.508294e-02	-2.228673e+00
1.999199e+14	1.980077e-02	-2.339702e+00
1.998932e+14	2.501713e-02	-2.450717e+00
1.998665e+14	3.067508e-02	-2.561714e+00
1.998398e+14	3.671168e-02	-2.672685e+00
1.998131e+14	4.305879e-02	-2.783624e+00
1.997865e+14	4.964390e-02	-2.894520e+00
1.997598e+14	5.639104e-02	-3.005365e+00
1.997332e+14	6.322184e-02	-3.116146e+00
1.997065e+14	7.005646e-02	3.056331e+00
1.996799e+14	7.681475e-02	2.945705e+00
1.996532e+14	8.341725e-02	2.835172e+00
1.996266e+14	8.978620e-02	2.724738e+00
1.996000e+14	9.584659e-02	2.614409e+00
1.995734e+14	1.015270e-01	2.504190e+00
1.995468e+14	1.067606e-01	2.394081e+00
1.995202e+14	1.114855e-01	2.284080e+00
1.994936e+14	1.156461e-01	2.174184e+00
1.994670e+14	1.191929e-01	2.064386e+00
1.994404e+14	1.220836e-01	1.954678e+00
1.994139e+14	1.242830e-01	1.845047e+00
1.993873e+14	1.257637e-01	1.735480e+00
1.993608e+14	1.265063e-01	1.625964e+00
1.993342e+14	1.264994e-01	1.516482e+00
1.993077e+14	1.257399e-01	1.407019e+00
1.992812e+14	1.242331e-01	1.297560e+00
1.992546e+14	1.219928e-01	1.188088e+00
1.992281e+14	1.190412e-01	1.078591e+00
1.992016e+14	1.154088e-01	9.690568e-01
1.991751e+14	1.111343e-01	8.594745e-01
1.991486e+14	1.062646e-01	7.498371e-01
1.991221e+14	1.008542e-01	6.401397e-01
1.990956e+14	9.496493e-02	5.303802e-01
1.990691e+14	8.866527e-02	4.205595e-01
1.990427e+14	8.202990e-02	3.106809e-01
1.990162e+14	7.513878e-02	2.007503e-01
1.989898e+14	6.807630e-02	9.077564e-02
1.989633e+14	6.093028e-02	-1.923336e-02
1.989369e+14	5.379084e-02	-1.292659e-01
1.989104e+14	4.674931e-02	-2.393107e-01
1.988840e+14	3.989696e-02	-3.493562e-01
1.988576e+14	3.332386e-02	-4.593914e-01
1.988312e+14	2.711760e-02	-5.694067e-01
1.988048e+14	2.136222e-02	-6.793935e-01
1.987784e+14	1.613703e-02	-7.893455e-01
1.987520e+14	1.151567e-02	-8.992584e-01
1.987256e+14	7.565108e-03	-1.009130e+00
1.986992e+14	4.344900e-03	-1.118961e+00
1.986729e+14	1.906406e-03	-1.228753e+00
1.986465e+14	2.921934e-04	-1.338511e+00
1.986201e+14	4.644869e-04	1.693351e+00
1.985938e+14	3.401371e-04	1.583643e+00
1.985674e+14	6.786436e-04	-1.667645e+00
1.985411e+14	2.594899e-03	-1.777333e+00
1.985148e+14	5.401144e-03	-1.887021e+00
1.984885e+14	9.079278e-03	-1.996715e+00
1.984622e+14	1.360061e-02	-2.106419e+00
1.984358e+14	1.892598e-02	-2.216134e+00
1.984095e+14	2.500601e-02	-2.325858e+00
1.983832e+14	3.178153e-02	-2.435587e+00
1.983570e+14	3.918407e-02	-2.545314e+00
1.983307e+14	4.713663e-02	-2.655029e+00
1.983044e+14	5.555448e-02	-2.764718e+00
1.982781e+14	6.434627e-02	-2.874366e+00
1.982519e+14	7.341513e-02	-2.983956e+00
1.982256e+14	8.266003e-02	-3.093469e+00
1.981994e+14	9.197713e-02	3.080301e+00
1.981732e+14	1.012612e-01	2.971000e+00
1.981469e+14	1.104072e-01	2.861832e+00
1.981207e+14	1.193116e-01	2.752814e+00
1.980945e+14	1.278736e-01	2.643957e+00
1.980683e+14	1.359967e-01	2.535273e+00
1.980421e+14	1.435898e-01	2.426765e+00
1.980159e+14	1.505678e-01	2.318436e+00
1.979897e+14	1.568527e-01	2.210282e+00
1.979635e+14	1.623746e-01	2.102295e+00
1.979373e+14	1.670714e-01	1.994461e+00
1.979112e+14	1.708900e-01	1.886765e+00
1.978850e+14	1.737864e-01	1.779184e+00
1.978588e+14	1.757256e-01	1.671694e+00
1.978327e+14	1.766823e-01	1.564269e+00
1.978066e+14	1.766409e-01	1.456880e+00
1.977804e+14	1.755953e-01	1.349498e+00
1.977543e+14	1.735499e-01	1.242093e+00
1.977282e+14	1.705190e-01	1.134638e+00
1.977021e+14	1.665274e-01	1.027105e+00
1.976760e+14	1.616103e-01	9.194732e-01
1.976499e+14	1.558139e-01	8.117216e-01
1.976238e+14	1.491948e-01	7.038355e-01
1.975977e+14	1.418205e-01	5.958046e-01
1.975716e+14	1.337688e-01	4.876237e-01
1.975455e+14	1.251276e-01	3.792928e-01
1.975195e+14	1.159943e-01	2.708171e-01
1.974934e+14	1.064752e-01	1.622065e-01
1.974674e+14	9.668391e-02	5.347505e-02
1.974413e+14	8.674056e-02	-5.535960e-02
1.974153e+14	7.677018e-02	-1.642774e-01
1.973892e+14	6.690104e-02	-2.732567e-01
1.973632e+14	5.726295e-02	-3.822756e-01
1.973372e+14	4.798538e-02	-4.913129e-01
1.973112e+14	3.919573e-02	-6.003491e-01
1.972852e+14	3.101748e-02	-7.093678e-01
1.972592e+14	2.356855e-02	-8.183560e-01
1.972332e+14	1.695978e-02	-9.273049e-01
1.972072e+14	1.129353e-02	-1.036210e+00
1.971812e+14	6.662487e-03	-1.145073e+00
1.971553e+14	3.148579e-03	-1.253898e+00
1.971293e+14	8.220984e-04	-1.362695e+00
1.971034e+14	2.591007e-04	1.670116e+00
1.970774e+14	5.029697e-05	1.561335e+00
1.970515e+14	1.479474e-03	-1.689056e+00
1.970255e+14	4.346843e-03	-1.797888e+00
1.969996e+14	8.553582e-03	-1.906770e+00
1.969737e+14	1.408612e-02	-2.015716e+00
1.969478e+14	2.091516e-02	-2.124735e+00
1.969219e+14	2.899534e-02	-2.233834e+00
1.968960e+14	3.826516e-02	-2.343010e+00
1.968701e+14	4.864704e-02	-2.452258e+00
1.968442e+14	6.004769e-02	-2.561561e+00
1.968183e+14	7.235881e-02	-2.670898e+00
1.967924e+14	8.545819e-02	-2.780239e+00
1.967666e+14	9.921120e-02	-2.889549e+00
1.967407e+14	1.134727e-01	-2.998786e+00
1.967148e+14	1.280891e-01	-3.107905e+00
1.966890e+14	1.429012e-01	3.066328e+00
1.966632e+14	1.577467e-01	2.957589e+00
1.966373e+14	1.724629e-01	2.849113e+00
1.966115e+14	1.868895e-01	2.740942e+00
1.965857e+14	2.008713e-01	2.633114e+00
1.965599e+14	2.142600e-01	2.525659e+00
1.965341e+14	2.269166e-01	2.418601e+00
1.965083e+14	2.387120e-01	2.311949e+00
1.964825e+14	2.495290e-01	2.205706e+00
1.964567e+14	2.592618e-01	2.099861e+00
1.964309e+14	2.678168e-01	1.994391e+00
1.964051e+14	2.751124e-01	1.889265e+00
1.963794e+14	2.810782e-01	1.784438e+00
1.963536e+14	2.856551e-01	1.679859e+00
1.963279e+14	2.887945e-01	1.575467e+00
1.963021e+14	2.904579e-01	1.471194e+00
1.962764e+14	2.906169e-01	1.366969e+00
1.962507e+14	2.892528e-01	1.262716e+00
1.962249e+14	2.863573e-01	1.158360e+00
1.961992e+14	2.819329e-01	1.053825e+00
1.961735e+14	2.759939e-01	9.490413e-01
1.961478e+14	2.685673e-01	8.439411e-01
1.961221e+14	2.596946e-01	7.384662e-01
1.960964e+14	2.494335e-01	6.325674e-01
1.960707e+14	2.378591e-01	5.262065e-01
1.960450e+14	2.250659e-01	4.193580e-01
1.960194e+14	2.111689e-01	3.120102e-01
1.959937e+14	1.963046e-01	2.041651e-01
1.959681e+14	1.806316e-01	9.583904e-02
1.959424e+14	1.643297e-01	-1.293867e-02
1.959168e+14	1.475991e-01	-1.221270e-01
1.958911e+14	1.306583e-01	-2.316755e-01
1.958655e+14	1.137410e-01	-3.415272e-01
1.958399e+14	9.709286e-02	-4.516218e-01
1.958143e+14	8.096721e-02	-5.618998e-01
1.957886e+14	6.562098e-02	-6.723059e-01
1.957630e+14	5.131038e-02	-7.827930e-01
1.957374e+14	3.828694e-02	-8.933257e-01
1.957119e+14	2.679409e-02	-1.003883e+00
1.956863e+14	1.706422e-02	-1.114460e+00
1.956607e+14	9.316545e-03	-1.225072e+00
1.956351e+14	3.755351e-03	-1.335750e+00
1.956096e+14	5.687698e-04	-1.446544e+00
1.955840e+14	7.236078e-05	1.584073e+00
1.955585e+14	1.984235e-03	-1.668756e+00
1.955329e+14	6.870540e-03	-1.780343e+00
1.955074e+14	1.469574e-02	-1.892374e+00
1.954818e+14	2.554271e-02	-2.004941e+00
1.954563e+14	3.946327e-02	-2.118129e+00
1.954308e+14	5.647229e-02	-2.232009e+00
1.954053e+14	7.654083e-02	-2.346628e+00
1.953798e+14	9.958871e-02	-2.462001e+00
1.953543e+14	1.254774e-01	-2.578108e+00
1.953288e+14	1.540041e-01	-2.694882e+00
1.953033e+14	1.848989e-01	-2.812205e+00
1.952779e+14	2.178249e-01	-2.929910e+00
1.952524e+14	2.523842e-01	-3.047781e+00
1.952269e+14	2.881287e-01	3.117631e+00
1.952015e+14	3.245766e-01	3.000250e+00
1.951760e+14	3.612321e-01	2.883581e+00
1.951506e+14	3.976083e-01	2.767950e+00
1.951251e+14	4.332481e-01	2.653676e+00
1.950997e+14	4.677440e-01	2.541055e+00
1.950743e+14	5.007516e-01	2.430346e+00
1.950489e+14	5.319980e-01	2.321766e+00
1.950234e+14	5.612838e-01	2.215477e+00
1.949980e+14	5.884801e-01	2.111593e+00
1.949726e+14	6.135208e-01	2.010171e+00
1.949473e+14	6.363933e-01	1.911223e+00
1.949219e+14	6.571269e-01	1.814717e+00
1.948965e+14	6.757822e-01	1.720583e+00
1.948711e+14	6.924410e-01	1.628720e+00
1.948458e+14	7.071969e-01	1.539001e+00
1.948204e+14	7.201485e-01	1.451283e+00
1.947951e+14	7.313932e-01	1.365403e+00
1.947697e+14	7.410227e-01	1.281190e+00
1.947444e+14	7.491194e-01	1.198462e+00
1.947190e+14	7.557540e-01	1.117031e+00
1.946937e+14	7.609833e-01	1.036703e+00
1.946684e+14	7.648485e-01	9.572787e-01
1.946431e+14	7.673741e-01	8.785530e-01
1.946178e+14	7.685659e-01	8.003148e-01
1.945925e+14	7.684101e-01	7.223457e-01
1.945672e+14	7.668708e-01	6.444183e-01
1.945419e+14	7.638881e-01	5.662941e-01
1.945166e+14	7.593753e-01	4.877215e-01
1.944914e+14	7.532153e-01	4.084327e-01
1.944661e+14	7.452569e-01	3.281412e-01
1.944408e+14	7.353092e-01	2.465385e-01
1.944156e+14	7.231368e-01	1.632913e-01
1.943903e+14	7.084533e-01	7.803887e-02
1.943651e+14	6.909153e-01	-9.608456e-03
1.943399e+14	6.701169e-01	-1.000695e-01
1.943146e+14	6.455865e-01	-1.937891e-01
1.942894e+14	6.167887e-01	-2.912312e-01
1.942642e+14	5.831330e-01	-3.928644e-01
1.942390e+14	5.439977e-01	-4.991395e-01
1.942138e+14	4.987715e-01	-6.104537e-01
1.941886e+14	4.469213e-01	-7.271022e-01
1.941634e+14	3.880895e-01	-8.492150e-01
1.941382e+14	3.222151e-01	-9.766862e-01
1.941131e+14	2.496633e-01	-1.109106e+00
1.940879e+14	1.713293e-01	-1.245712e+00
1.940627e+14	8.867157e-02	-1.385390e+00
1.940376e+14	3.635033e-03	-1.526733e+00
1.940124e+14	8.154298e-02	1.473436e+00
1.939873e+14	1.646074e-01	1.333523e+00
1.939622e+14	2.435649e-01	1.196561e+00
1.939370e+14	3.168916e-01	1.063706e+00
1.939119e+14	3.836239e-01	9.357668e-01
1.938868e+14	4.433376e-01	8.131978e-01
1.938617e+14	4.960498e-01	6.961413e-01
1.938366e+14	5.420908e-01	5.844947e-01
1.938115e+14	5.819797e-01	4.779819e-01
1.937864e+14	6.163243e-01	3.762176e-01
1.937613e+14	6.457500e-01	2.787579e-01
1.937362e+14	6.708543e-01	1.851373e-01
1.937112e+14	6.921823e-01	9.489327e-02
1.936861e+14	7.102154e-01	7.581061e-03
1.936611e+14	7.253697e-01	-7.721815e-02
1.936360e+14	7.379984e-01	-1.598940e-01
1.936110e+14	7.483972e-01	-2.408064e-01
1.935859e+14	7.568103e-01	-3.202874e-01
1.935609e+14	7.634371e-01	-3.986431e-01
1.935359e+14	7.684373e-01	-4.761571e-01
1.935109e+14	7.719362e-01	-5.530931e-01
1.934858e+14	7.740292e-01	-6.296979e-01
1.934608e+14	7.747846e-01	-7.062043e-01
1.934358e+14	7.742476e-01	-7.828332e-01
1.934109e+14	7.724416e-01	-8.597960e-01
1.933859e+14	7.693707e-01	-9.372961e-01
1.933609e+14	7.650214e-01	-1.015531e+00
1.933359e+14	7.593633e-01	-1.094691e+00
1.933110e+14	7.523512e-01	-1.174962e+00
1.932860e+14	7.439257e-01	-1.256527e+00
1.932610e+14	7.340152e-01	-1.339560e+00
1.932361e+14	7.225378e-01	-1.424230e+00
1.932112e+14	7.094037e-01	-1.510695e+00
1.931862e+14	6.945185e-01	-1.599105e+00
1.931613e+14	6.777881e-01	-1.689592e+00
1.931364e+14	6.591237e-01	-1.782269e+00
1.931115e+14	6.384491e-01	-1.877226e+00
1.930865e+14	6.157090e-01	-1.974522e+00
1.930616e+14	5.908781e-01	-2.074181e+00
1.930368e+14	5.639717e-01	-2.176185e+00
1.930119e+14	5.350553e-01	-2.280472e+00
1.929870e+14	5.042536e-01	-2.386931e+00
1.929621e+14	4.717567e-01	-2.495402e+00
1.929372e+14	4.378234e-01	-2.605676e+00
1.929124e+14	4.027783e-01	-2.717505e+00
1.928875e+14	3.670051e-01	-2.830608e+00
1.928627e+14	3.309329e-01	-2.944681e+00
1.928378e+14	2.950201e-01	-3.059413e+00
1.928130e+14	2.597335e-01	3.108685e+00
1.927882e+14	2.255289e-01	2.993527e+00
1.927633e+14	1.928323e-01	2.878550e+00
1.927385e+14	1.620242e-01	2.763969e+00
1.927137e+14	1.334298e-01	2.649948e+00
1.926889e+14	1.073127e-01	2.536609e+00
1.926641e+14	8.387406e-02	2.424024e+00
1.926393e+14	6.325476e-02	2.312224e+00
1.926145e+14	4.554056e-02	2.201203e+00
1.925897e+14	3.076847e-02	2.090924e+00
1.925650e+14	1.893354e-02	1.981327e+00
1.925402e+14	9.995428e-03	1.872338e+00
1.925154e+14	3.884195e-03	1.763871e+00
1.924907e+14	5.050113e-04	1.655839e+00
1.924659e+14	2.581509e-04	-1.593437e+00
1.924412e+14	1.460171e-03	1.440743e+00
1.924165e+14	5.508832e-03	1.333531e+00
1.923917e+14	1.172143e-02	1.226467e+00
1.923670e+14	1.991737e-02	1.119509e+00
1.923423e+14	2.990289e-02	1.012633e+00
1.923176e+14	4.147234e-02	9.058330e-01
1.922929e+14	5.440970e-02	7.991157e-01
1.922682e+14	6.849071e-02	6.925036e-01
1.922435e+14	8.348546e-02	5.860309e-01
1.922188e+14	9.916134e-02	4.797412e-01
1.921941e+14	1.152865e-01	3.736847e-01
1.921694e+14	1.316334e-01	2.679149e-01
1.921448e+14	1.479823e-01	1.624853e-01
1.921201e+14	1.641244e-01	5.744610e-02
1.920955e+14	1.798651e-01	-4.715799e-02
1.920708e+14	1.950258e-01	-1.512906e-01
1.920462e+14	2.094458e-01	-2.549255e-01
1.920215e+14	2.229834e-01	-3.580474e-01
1.919969e+14	2.355159e-01	-4.606532e-01
1.919723e+14	2.469393e-01	-5.627518e-01
1.919477e+14	2.571677e-01	-6.643635e-01
1.919231e+14	2.661322e-01	-7.655199e-01
1.918985e+14	2.737793e-01	-8.662620e-01
1.918739e+14	2.800696e-01	-9.666393e-01
1.918493e+14	2.849767e-01	-1.066708e+00
1.918247e+14	2.884854e-01	-1.166530e+00
1.918001e+14	2.905907e-01	-1.266170e+00
1.917756e+14	2.912971e-01	-1.365694e+00
1.917510e+14	2.906178e-01	-1.465168e+00
1.917264e+14	2.885745e-01	-1.564659e+00
1.917019e+14	2.851967e-01	-1.664226e+00
1.916773e+14	2.805221e-01	-1.763927e+00
1.916528e+14	2.745971e-01	-1.863813e+00
1.916283e+14	2.674763e-01	-1.963928e+00
1.916037e+14	2.592234e-01	-2.064307e+00
1.915792e+14	2.499115e-01	-2.164979e+00
1.915547e+14	2.396232e-01	-2.265960e+00
1.915302e+14	2.284504e-01	-2.367260e+00
1.915057e+14	2.164948e-01	-2.468878e+00
1.914812e+14	2.038668e-01	-2.570804e+00
1.914567e+14	1.906852e-01	-2.673021e+00
1.914322e+14	1.770759e-01	-2.775503e+00
1.914077e+14	1.631707e-01	-2.878219e+00
1.913833e+14	1.491055e-01	-2.981132e+00
1.913588e+14	1.350185e-01	-3.084204e+00
1.913344e+14	1.210479e-01	3.095793e+00
1.913099e+14	1.073304e-01	2.992529e+00
1.912855e+14	9.399852e-02	2.889229e+00
1.912610e+14	8.117879e-02	2.785931e+00
1.912366e+14	6.899010e-02	2.682669e+00
1.912122e+14	5.754204e-02	2.579471e+00
1.911877e+14	4.693358e-02	2.476361e+00
1.911633e+14	3.725215e-02	2.373355e+00
1.911389e+14	2.857293e-02	2.270466e+00
1.911145e+14	2.095838e-02	2.167698e+00
1.910901e+14	1.445811e-02	2.065053e+00
1.910657e+14	9.108830e-03	1.962526e+00
1.910413e+14	4.934557e-03	1.860109e+00
1.910170e+14	1.946855e-03	1.757791e+00
1.909926e+14	1.451981e-04	1.655559e+00
1.909682e+14	4.826258e-04	-1.588195e+00
1.909439e+14	3.992114e-05	1.451294e+00
1.909195e+14	1.678593e-03	1.349233e+00
1.908952e+14	4.388856e-03	1.247204e+00
1.908708e+14	8.116416e-03	1.145198e+00
1.908465e+14	1.279781e-02	1.043208e+00
1.908222e+14	1.836103e-02	9.412314e-01
1.907979e+14	2.472631e-02	8.392681e-01
1.907735e+14	3.180687e-02	7.373228e-01
1.907492e+14	3.950994e-02	6.354030e-01
1.907249e+14	4.773771e-02	5.335197e-01
1.907006e+14	5.638851e-02	4.316863e-01
1.906763e+14	6.535802e-02	3.299186e-01
1.906521e+14	7.454051e-02	2.282336e-01
1.906278e+14	8.383016e-02	1.266491e-01
1.906035e+14	9.312232e-02	2.518254e-02
1.905792e+14	1.023148e-01	-7.614937e-02
1.905550e+14	1.113089e-01	-1.773317e-01
1.905307e+14	1.200108e-01	-2.783520e-01
1.905065e+14	1.283319e-01	-3.792006e-01
1.904822e+14	1.361904e-01	-4.798713e-01
1.904580e+14	1.435111e-01	-5.803615e-01
1.904338e+14	1.502266e-01	-6.806726e-01
1.904096e+14	1.562769e-01	-7.808098e-01
1.903853e+14	1.616105e-01	-8.807821e-01
1.903611e+14	1.661834e-01	-9.806021e-01
1.903369e+14	1.699601e-01	-1.080285e+00
1.903127e+14	1.729130e-01	-1.179850e+00
1.902885e+14	1.750222e-01	-1.279317e+00
1.902644e+14	1.762758e-01	-1.378709e+00
1.902402e+14	1.766692e-01	-1.478048e+00
1.902160e+14	1.762055e-01	-1.577357e+00
1.901918e+14	1.748947e-01	-1.676661e+00
1.901677e+14	1.727541e-01	-1.775979e+00
1.901435e+14	1.698079e-01	-1.875334e+00
1.901194e+14	1.660871e-01	-1.974743e+00
1.900952e+14	1.616291e-01	-2.074223e+00
1.900711e+14	1.564779e-01	-2.173784e+00
1.900470e+14	1.506836e-01	-2.273439e+00
1.900228e+14	1.443019e-01	-2.373192e+00
1.899987e+14	1.373942e-01	-2.473046e+00
1.899746e+14	1.300266e-01	-2.573001e+00
1.899505e+14	1.222699e-01	-2.673053e+00
1.899264e+14	1.141984e-01	-2.773196e+00
1.899023e+14	1.058895e-01	-2.873419e+00
1.898782e+14	9.742290e-02	-2.973712e+00
1.898542e+14	8.887963e-02	-3.074062e+00
1.898301e+14	8.034114e-02	3.108732e+00
1.898060e+14	7.188836e-02	3.008313e+00
1.897819e+14	6.360081e-02	2.907882e+00
1.897579e+14	5.555562e-02	2.807452e+00
1.897338e+14	4.782668e-02	2.707038e+00
1.897098e+14	4.048383e-02	2.606652e+00
1.896858e+14	3.359208e-02	2.506303e+00
1.896617e+14	2.721102e-02	2.406000e+00
1.896377e+14	2.139421e-02	2.305750e+00
1.896137e+14	1.618878e-02	2.205556e+00
1.895897e+14	1.163503e-02	2.105420e+00
1.895657e+14	7.766191e-03	2.005343e+00
1.895417e+14	4.608248e-03	1.905323e+00
1.895177e+14	2.179844e-03	1.805356e+00
1.894937e+14	4.922513e-04	1.705439e+00
1.894697e+14	4.505913e-04	-1.536027e+00
1.894457e+14	6.519840e-04	-1.635863e+00
1.894217e+14	1.223236e-04	-1.735665e+00
1.893978e+14	1.121089e-03	1.306152e+00
1.893738e+14	3.054286e-03	1.206400e+00
1.893499e+14	5.646921e-03	1.106666e+00
1.893259e+14	8.862600e-03	1.006949e+00
1.893020e+14	1.265927e-02	9.072467e-01
1.892780e+14	1.698964e-02	8.075602e-01
1.892541e+14	2.180170e-02	7.078913e-01
1.892302e+14	2.703924e-02	6.082435e-01
1.892063e+14	3.264245e-02	5.086215e-01
1.891824e+14	3.854857e-02	4.090316e-01
1.891585e+14	4.469255e-02	3.094810e-01
1.891346e+14	5.100777e-02	2.099774e-01
1.891107e+14	5.742677e-02	1.105293e-01
1.890868e+14	6.388200e-02	1.114499e-02
1.890629e+14	7.030650e-02	-8.816728e-02
1.890390e+14	7.663466e-02	-1.873999e-01
1.890152e+14	8.280284e-02	-2.865464e-01
1.889913e+14	8.875006e-02	-3.856010e-01
1.889674e+14	9.441850e-02	-4.845600e-01
1.889436e+14	9.975408e-02	-5.834208e-01
1.889197e+14	1.047068e-01	-6.821828e-01
1.888959e+14	1.092313e-01	-7.808473e-01
1.888721e+14	1.132870e-01	-8.794173e-01
1.888482e+14	1.168383e-01	-9.778975e-01
1.888244e+14	1.198549e-01	-1.076294e+00
1.888006e+14	1.223120e-01	-1.174616e+00
1.887768e+14	1.241902e-01	-1.272872e+00
1.887530e+14	1.254754e-01	-1.371071e+00
1.887292e+14	1.261593e-01	-1.469226e+00
1.887054e+14	1.262390e-01	-1.567346e+00
1.886816e+14	1.257168e-01	-1.665445e+00
1.886578e+14	1.246006e-01	-1.763532e+00
1.886341e+14	1.229033e-01	-1.861618e+00
1.886103e+14	1.206432e-01	-1.959714e+00
1.885865e+14	1.178432e-01	-2.057828e+00
1.885628e+14	1.145311e-01	-2.155967e+00
1.885390e+14	1.107392e-01	-2.254137e+00
1.885153e+14	1.065040e-01	-2.352343e+00
1.884916e+14	1.018661e-01	-2.450587e+00
1.884678e+14	9.686955e-02	-2.548870e+00
1.884441e+14	9.156172e-02	-2.647192e+00
1.884204e+14	8.599271e-02	-2.745551e+00
1.883967e+14	8.021497e-02	-2.843942e+00
1.883730e+14	7.428274e-02	-2.942361e+00
1.883493e+14	6.825153e-02	-3.040803e+00
1.883256e+14	6.217756e-02	-3.139260e+00
1.883019e+14	5.611714e-02	3.045460e+00
1.882782e+14	5.012615e-02	2.946993e+00
1.882545e+14	4.425938e-02	2.848532e+00
1.882309e+14	3.857004e-02	2.750085e+00
1.882072e+14	3.310917e-02	2.651658e+00
1.881835e+14	2.792512e-02	2.553257e+00
1.881599e+14	2.306312e-02	2.454886e+00
1.881362e+14	1.856486e-02	2.356551e+00
1.881126e+14	1.446805e-02	2.258253e+00
1.880890e+14	1.080619e-02	2.159996e+00
1.880653e+14	7.608241e-03	2.061779e+00
1.880417e+14	4.898424e-03	1.963603e+00
1.880181e+14	2.696078e-03	1.865467e+00
1.879945e+14	1.015530e-03	1.767369e+00
1.879709e+14	1.339613e-04	-1.472285e+00
1.879473e+14	7.482289e-04	-1.570314e+00
1.879237e+14	8.281707e-04	-1.668313e+00
1.879001e+14	3.796867e-04	-1.766285e+00
1.878765e+14	5.864251e-04	1.277360e+00
1.878529e+14	2.054611e-03	1.179434e+00
1.878294e+14	4.004740e-03	1.081528e+00
1.878058e+14	6.412324e-03	9.836399e-01
1.877822e+14	9.248769e-03	8.857699e-01
1.877587e+14	1.248167e-02	7.879180e-01
1.877351e+14	1.607513e-02	6.900849e-01
1.877116e+14	1.999013e-02	5.922727e-01
1.876881e+14	2.418494e-02	4.944839e-01
1.876645e+14	2.861548e-02	3.967218e-01
1.876410e+14	3.323584e-02	2.989904e-01
1.876175e+14	3.799874e-02	2.012941e-01
1.875940e+14	4.285594e-02	1.036374e-01
1.875705e+14	4.775882e-02	6.025250e-03
1.875470e+14	5.265882e-02	-9.153770e-02
1.875235e+14	5.750795e-02	-1.890470e-01
1.875000e+14	6.225922e-02	-2.864985e-01
("port 1","TE",1,"port 2",1,"modulation")
(1,1)
0.00000
(500,3)
2.000000e+14	7.337073e-03	-2.006586e+00
1.999733e+14	1.091399e-02	-2.117634e+00
1.999466e+14	1.508294e-02	-2.228673e+00
1.999199e+14	1.980077e-02	-2.339702e+00
1.998932e+14	2.501713e-02	-2.450717e+00
1.998665e+14	3.067508e-02	-2.561714e+00
1.998398e+14	3.671168e-02	-2.672685e+00
1.998131e+14	4.305879e-02	-2.783624e+00
1.997865e+14	4.964390e-02	-2.894520e+00
1.997598e+14	5.639104e-02	-3.005365e+00
1.997332e+14	6.322184e-02	-3.116146e+00
1.997065e+14	7.005646e-02	3.056331e+00
1.996799e+14	7.681475e-02	2.945705e+00
1.996532e+14	8.341725e-02	2.835172e+00
1.996266e+14	8.978620e-02	2.724738e+00
1.996000e+14	9.584659e-02	2.614409e+00
1.995734e+14	1.015270e-01	2.504190e+00
1.995468e+14	1.067606e-01	2.394081e+00
1.995202e+14	1.114855e-01	2.284080e+00
1.994936e+14	1.156461e-01	2.174184e+00
1.994670e+14	1.191929e-01	2.064386e+00
1.994404e+14	1.220836e-01	1.954678e+00
1.994139e+14	1.242830e-01	1.845047e+00
1.993873e+14	1.257637e-01	1.735480e+00
1.993608e+14	1.265063e-01	1.625964e+00
1.993342e+14	1.264994e-01	1.516482e+00
1.993077e+14	1.257399e-01	1.407019e+00
1.992812e+14	1.242331e-01	1.297560e+00
1.992546e+14	1.219928e-01	1.188088e+00
1.992281e+14	1.190412e-01	1.078591e+00
1.992016e+14	1.154088e-01	9.690568e-01
1.991751e+14	1.111343e-01	8.594745e-01
1.991486e+14	1.062646e-01	7.498371e-01
1.991221e+14	1.008542e-01	6.401397e-01
1.990956e+14	9.496493e-02	5.303802e-01
1.990691e+14	8.866527e-02	4.205595e-01
1.990427e+14	8.202990e-02	3.106809e-01
1.990162e+14	7.513878e-02	2.007503e-01
1.989898e+14	6.807630e-02	9.077564e-02
1.989633e+14	6.093028e-02	-1.923336e-02
1.989369e+14	5.379084e-02	-1.292659e-01
1.989104e+14	4.674931e-02	-2.393107e-01
1.988840e+14	3.989696e-02	-3.493562e-01
1.988576e+14	3.332386e-02	-4.593914e-01
1.988312e+14	2.711760e-02	-5.694067e-01
1.988048e+14	2.136222e-02	-6.793935e-01
1.987784e+14	1.613703e-02	-7.893455e-01
1.987520e+14	1.151567e-02	-8.992584e-01
1.987256e+14	7.565108e-03	-1.009130e+00
1.986992e+14	4.344900e-03	-1.118961e+00
1.986729e+14	1.906406e-03	-1.228753e+00
1.986465e+14	2.921934e-04	-1.338511e+00
1.986201e+14	4.644869e-04	1.693351e+00
1.985938e+14	3.401371e-04	1.583643e+00
1.985674e+14	6.786436e-04	-1.667645e+00
1.985411e+14	2.594899e-03	-1.777333e+00
1.985148e+14	5.401144e-03	-1.887021e+00
1.984885e+14	9.079278e-03	-1.996715e+00
1.984622e+14	1.360061e-02	-2.106419e+00
1.984358e+14	1.892598e-02	-2.216134e+00
1.984095e+14	2.500601e-02	-2.325858e+00
1.983832e+14	3.178153e-02	-2.435587e+00
1.983570e+14	3.918407e-02	-2.545314e+00
1.983307e+14	4.713663e-02	-2.655029e+00
1.983044e+14	5.555448e-02	-2.764718e+00
1.982781e+14	6.434627e-02	-2.874366e+00
1.982519e+14	7.341513e-02	-2.983956e+00
1.982256e+14	8.266003e-02	-3.093469e+00
1.981994e+14	9.197713e-02	3.080301e+00
1.981732e+14	1.012612e-01	2.971000e+00
1.981469e+14	1.104072e-01	2.861832e+00
1.981207e+14	1.193116e-01	2.752814e+00
1.980945e+14	1.278736e-01	2.643957e+00
1.980683e+14	1.359967e-01	2.535273e+00
1.980421e+14	1.435898e-01	2.426765e+00
1.980159e+14	1.505678e-01	2.318436e+00
1.979897e+14	1.568527e-01	2.210282e+00
1.979635e+14	1.623746e-01	2.102295e+00
1.979373e+14	1.670714e-01	1.994461e+00
1.979112e+14	1.708900e-01	1.886765e+00
1.978850e+14	1.737864e-01	1.779184e+00
1.978588e+14	1.757256e-01	1.671694e+00
1.978327e+14	1.766823e-01	1.564269e+00
1.978066e+14	1.766409e-01	1.456880e+00
1.977804e+14	1.755953e-01	1.349498e+00
1.977543e+14	1.735499e-01	1.242093e+00
1.977282e+14	1.705190e-01	1.134638e+00
1.977021e+14	1.665274e-01	1.027105e+00
1.976760e+14	1.616103e-01	9.194732e-01
1.976499e+14	1.558139e-01	8.117216e-01
1.976238e+14	1.491948e-01	7.038355e-01
1.975977e+14	1.418205e-01	5.958046e-01
1.975716e+14	1.337688e-01	4.876237e-01
1.975455e+14	1.251276e-01	3.792928e-01
1.975195e+14	1.159943e-01	2.708171e-01
1.974934e+14	1.064752e-01	1.622065e-01
1.974674e+14	9.668391e-02	5.347505e-02
1.974413e+14	8.674056e-02	-5.535960e-02
1.974153e+14	7.677018e-02	-1.642774e-01
1.973892e+14	6.690104e-02	-2.732567e-01
1.973632e+14	5.726295e-02	-3.822756e-01
1.973372e+14	4.798538e-02	-4.913129e-01
1.973112e+14	3.919573e-02	-6.003491e-01
1.972852e+14	3.101748e-02	-7.093678e-01
1.972592e+14	2.356855e-02	-8.183560e-01
1.972332e+14	1.695978e-02	-9.273049e-01
1.972072e+14	1.129353e-02	-1.036210e+00
1.971812e+14	6.662487e-03	-1.145073e+00
1.971553e+14	3.148579e-03	-1.253898e+00
1.971293e+14	8.220984e-04	-1.362695e+00
1.971034e+14	2.591007e-04	1.670116e+00
1.970774e+14	5.029697e-05	1.561335e+00
1.970515e+14	1.479474e-03	-1.689056e+00
1.970255e+14	4.346843e-03	-1.797888e+00
1.969996e+14	8.553582e-03	-1.906770e+00
1.969737e+14	1.408612e-02	-2.015716e+00
1.969478e+14	2.091516e-02	-2.124735e+00
1.969219e+14	2.899534e-02	-2.233834e+00
1.968960e+14	3.826516e-02	-2.343010e+00
1.968701e+14	4.864704e-02	-2.452258e+00
1.968442e+14	6.004769e-02	-2.561561e+00
1.968183e+14	7.235881e-02	-2.670898e+00
1.967924e+14	8.545819e-02	-2.780239e+00
1.967666e+14	9.921120e-02	-2.889549e+00
1.967407e+14	1.134727e-01	-2.998786e+00
1.967148e+14	1.280891e-01	-3.107905e+00
1.966890e+14	1.429012e-01	3.066328e+00
1.966632e+14	1.577467e-01	2.957589e+00
1.966373e+14	1.724629e-01	2.849113e+00
1.966115e+14	1.868895e-01	2.740942e+00
1.965857e+14	2.008713e-01	2.633114e+00
1.965599e+14	2.142600e-01	2.525659e+00
1.965341e+14	2.269166e-01	2.418601e+00
1.965083e+14	2.387120e-01	2.311949e+00
1.964825e+14	2.495290e-01	2.205706e+00
1.964567e+14	2.592618e-01	2.099861e+00
1.964309e+14	2.678168e-01	1.994391e+00
1.964051e+14	2.751124e-01	1.889265e+00
1.963794e+14	2.810782e-01	1.784438e+00
1.963536e+14	2.856551e-01	1.679859e+00
1.963279e+14	2.887945e-01	1.575467e+00
1.963021e+14	2.904579e-01	1.471194e+00
1.962764e+14	2.906169e-01	1.366969e+00
1.962507e+14	2.892528e-01	1.262716e+00
1.962249e+14	2.863573e-01	1.158360e+00
1.961992e+14	2.819329e-01	1.053825e+00
1.961735e+14	2.759939e-01	9.490413e-01
1.961478e+14	2.685673e-01	8.439411e-01
1.961221e+14	2.596946e-01	7.384662e-01
1.960964e+14	2.494335e-01	6.325674e-01
1.960707e+14	2.378591e-01	5.262065e-01
1.960450e+14	2.250659e-01	4.193580e-01
1.960194e+14	2.111689e-01	3.120102e-01
1.959937e+14	1.963046e-01	2.041651e-01
1.959681e+14	1.806316e-01	9.583904e-02
1.959424e+14	1.643297e-01	-1.293867e-02
1.959168e+14	1.475991e-01	-1.221270e-01
1.958911e+14	1.306583e-01	-2.316755e-01
1.958655e+14	1.137410e-01	-3.415272e-01
1.958399e+14	9.709286e-02	-4.516218e-01
1.958143e+14	8.096721e-02	-5.618998e-01
1.957886e+14	6.562098e-02	-6.723059e-01
1.957630e+14	5.131038e-02	-7.827930e-01
1.957374e+14	3.828694e-02	-8.933257e-01
1.957119e+14	2.679409e-02	-1.003883e+00
1.956863e+14	1.706422e-02	-1.114460e+00
1.956607e+14	9.316545e-03	-1.225072e+00
1.956351e+14	3.755351e-03	-1.335750e+00
1.956096e+14	5.687698e-04	-1.446544e+00
1.955840e+14	7.236078e-05	1.584073e+00
1.955585e+14	1.984235e-03	-1.668756e+00
1.955329e+14	6.870540e-03	-1.780343e+00
1.955074e+14	1.469574e-02	-1.892374e+00
1.954818e+14	2.554271e-02	-2.004941e+00
1.954563e+14	3.946327e-02	-2.118129e+00
1.954308e+14	5.647229e-02	-2.232009e+00
1.954053e+14	7.654083e-02	-2.346628e+00
1.953798e+14	9.958871e-02	-2.462001e+00
1.953543e+14	1.254774e-01	-2.578108e+00
1.953288e+14	1.540041e-01	-2.694882e+00
1.953033e+14	1.848989e-01	-2.812205e+00
1.952779e+14	2.178249e-01	-2.929910e+00
1.952524e+14	2.523842e-01	-3.047781e+00
1.952269e+14	2.881287e-01	3.117631e+00
1.952015e+14	3.245766e-01	3.000250e+00
1.951760e+14	3.612321e-01	2.883581e+00
1.951506e+14	3.976083e-01	2.767950e+00
1.951251e+14	4.332481e-01	2.653676e+00
1.950997e+14	4.677440e-01	2.541055e+00
1.950743e+14	5.007516e-01	2.430346e+00
1.950489e+14	5.319980e-01	2.321766e+00
1.950234e+14	5.612838e-01	2.215477e+00
1.949980e+14	5.884801e-01	2.111593e+00
1.949726e+14	6.135208e-01	2.010171e+00
1.949473e+14	6.363933e-01	1.911223e+00
1.949219e+14	6.571269e-01	1.814717e+00
1.948965e+14	6.757822e-01	1.720583e+00
1.948711e+14	6.924410e-01	1.628720e+00
1.948458e+14	7.071969e-01	1.539001e+00
1.948204e+14	7.201485e-01	1.451283e+00
1.947951e+14	7.313932e-01	1.365403e+00
1.947697e+14	7.410227e-01	1.281190e+00
1.947444e+14	7.491194e-01	1.198462e+00
1.947190e+14	7.557540e-01	1.117031e+00
1.946937e+14	7.609833e-01	1.036703e+00
1.946684e+14	7.648485e-01	9.572787e-01
1.946431e+14	7.673741e-01	8.785530e-01
1.946178e+14	7.685659e-01	8.003148e-01
1.945925e+14	7.684101e-01	7.223457e-01
1.945672e+14	7.668708e-01	6.444183e-01
1.945419e+14	7.638881e-01	5.662941e-01
1.945166e+14	7.593753e-01	4.877215e-01
1.944914e+14	7.532153e-01	4.084327e-01
1.944661e+14	7.452569e-01	3.281412e-01
1.944408e+14	7.353092e-01	2.465385e-01
1.944156e+14	7.231368e-01	1.632913e-01
1.943903e+14	7.084533e-01	7.803887e-02
1.943651e+14	6.909153e-01	-9.608456e-03
1.943399e+14	6.701169e-01	-1.000695e-01
1.943146e+14	6.455865e-01	-1.937891e-01
1.942894e+14	6.167887e-01	-2.912312e-01
1.942642e+14	5.831330e-01	-3.928644e-01
1.942390e+14	5.439977e-01	-4.991395e-01
1.942138e+14	4.987715e-01	-6.104537e-01
1.941886e+14	4.469213e-01	-7.271022e-01
1.941634e+14	3.880895e-01	-8.492150e-01
1.941382e+14	3.222151e-01	-9.766862e-01
1.941131e+14	2.496633e-01	-1.109106e+00
1.940879e+14	1.713293e-01	-1.245712e+00
1.940627e+14	8.867157e-02	-1.385390e+00
1.940376e+14	3.635033e-03	-1.526733e+00
1.940124e+14	8.154298e-02	1.473436e+00
1.939873e+14	1.646074e-01	1.333523e+00
1.939622e+14	2.435649e-01	1.196561e+00
1.939370e+14	3.168916e-01	1.063706e+00
1.939119e+14	3.836239e-01	9.357668e-01
1.938868e+14	4.433376e-01	8.131978e-01
1.938617e+14	4.960498e-01	6.961413e-01
1.938366e+14	5.420908e-01	5.844947e-01
1.938115e+14	5.819797e-01	4.779819e-01
1.937864e+14	6.163243e-01	3.762176e-01
1.937613e+14	6.457500e-01	2.787579e-01
1.937362e+14	6.708543e-01	1.851373e-01
1.937112e+14	6.921823e-01	9.489327e-02
1.936861e+14	7.102154e-01	7.581061e-03
1.936611e+14	7.253697e-01	-7.721815e-02
1.936360e+14	7.379984e-01	-1.598940e-01
1.936110e+14	7.483972e-01	-2.408064e-01
1.935859e+14	7.568103e-01	-3.202874e-01
1.935609e+14	7.634371e-01	-3.986431e-01
1.935359e+14	7.684373e-01	-4.761571e-01
1.935109e+14	7.719362e-01	-5.530931e-01
1.934858e+14	7.740292e-01	-6.296979e-01
1.934608e+14	7.747846e-01	-7.062043e-01
1.934358e+14	7.742476e-01	-7.828332e-01
1.934109e+14	7.724416e-01	-8.597960e-01
1.933859e+14	7.693707e-01	-9.372961e-01
1.933609e+14	7.650214e-01	-1.015531e+00
1.933359e+14	7.593633e-01	-1.094691e+00
1.933110e+14	7.523512e-01	-1.174962e+00
1.932860e+14	7.439257e-01	-1.256527e+00
1.932610e+14	7.340152e-01	-1.339560e+00
1.932361e+14	7.225378e-01	-1.424230e+00
1.932112e+14	7.094037e-01	-1.510695e+00
1.931862e+14	6.945185e-01	-1.599105e+00
1.931613e+14	6.777881e-01	-1.689592e+00
1.931364e+14	6.591237e-01	-1.782269e+00
1.931115e+14	6.384491e-01	-1.877226e+00
1.930865e+14	6.157090e-01	-1.974522e+00
1.930616e+14	5.908781e-01	-2.074181e+00
1.930368e+14	5.639717e-01	-2.176185e+00
1.930119e+14	5.350553e-01	-2.280472e+00
1.929870e+14	5.042536e-01	-2.386931e+00
1.929621e+14	4.717567e-01	-2.495402e+00
1.929372e+14	4.378234e-01	-2.605676e+00
1.929124e+14	4.027783e-01	-2.717505e+00
1.928875e+14	3.670051e-01	-2.830608e+00
1.928627e+14	3.309329e-01	-2.944681e+00
1.928378e+14	2.950201e-01	-3.059413e+00
1.928130e+14	2.597335e-01	3.108685e+00
1.927882e+14	2.255289e-01	2.993527e+00
1.927633e+14	1.928323e-01	2.878550e+00
1.927385e+14	1.620242e-01	2.763969e+00
1.927137e+14	1.334298e-01	2.649948e+00
1.926889e+14	1.073127e-01	2.536609e+00
1.926641e+14	8.387406e-02	2.424024e+00
1.926393e+14	6.325476e-02	2.312224e+00
1.926145e+14	4.554056e-02	2.201203e+00
1.925897e+14	3.076847e-02	2.090924e+00
1.925650e+14	1.893354e-02	1.981327e+00
1.925402e+14	9.995428e-03	1.872338e+00
1.925154e+14	3.884195e-03	1.763871e+00
1.924907e+14	5.050113e-04	1.655839e+00
1.924659e+14	2.581509e-04	-1.593437e+00
1.924412e+14	1.460171e-03	1.440743e+00
1.924165e+14	5.508832e-03	1.333531e+00
1.923917e+14	1.172143e-02	1.226467e+00
1.923670e+14	1.991737e-02	1.119509e+00
1.923423e+14	2.990289e-02	1.012633e+00
1.923176e+14	4.147234e-02	9.058330e-01
1.922929e+14	5.440970e-02	7.991157e-01
1.922682e+14	6.849071e-02	6.925036e-01
1.922435e+14	8.348546e-02	5.860309e-01
1.922188e+14	9.916134e-02	4.797412e-01
1.921941e+14	1.152865e-01	3.736847e-01
1.921694e+14	1.316334e-01	2.679149e-01
1.921448e+14	1.479823e-01	1.624853e-01
1.921201e+14	1.641244e-01	5.744610e-02
1.920955e+14	1.798651e-01	-4.715799e-02
1.920708e+14	1.950258e-01	-1.512906e-01
1.920462e+14	2.094458e-01	-2.549255e-01
1.920215e+14	2.229834e-01	-3.580474e-01
1.919969e+14	2.355159e-01	-4.606532e-01
1.919723e+14	2.469393e-01	-5.627518e-01
1.919477e+14	2.571677e-01	-6.643635e-01
1.919231e+14	2.661322e-01	-7.655199e-01
1.918985e+14	2.737793e-01	-8.662620e-01
1.918739e+14	2.800696e-01	-9.666393e-01
1.918493e+14	2.849767e-01	-1.066708e+00
1.918247e+14	2.884854e-01	-1.166530e+00
1.918001e+14	2.905907e-01	-1.266170e+00
1.917756e+14	2.912971e-01	-1.365694e+00
1.917510e+14	2.906178e-01	-1.465168e+00
1.917264e+14	2.885745e-01	-1.564659e+00
1.917019e+14	2.851967e-01	-1.664226e+00
1.916773e+14	2.805221e-01	-1.763927e+00
1.916528e+14	2.745971e-01	-1.863813e+00
1.916283e+14	2.674763e-01	-1.963928e+00
1.916037e+14	2.592234e-01	-2.064307e+00
1.915792e+14	2.499115e-01	-2.164979e+00
1.915547e+14	2.396232e-01	-2.265960e+00
1.915302e+14	2.284504e-01	-2.367260e+00
1.915057e+14	2.164948e-01	-2.468878e+00
1.914812e+14	2.038668e-01	-2.570804e+00
1.914567e+14	1.906852e-01	-2.673021e+00
1.914322e+14	1.770759e-01	-2.775503e+00
1.914077e+14	1.631707e-01	-2.878219e+00
1.913833e+14	1.491055e-01	-2.981132e+00
1.913588e+14	1.350185e-01	-3.084204e+00
1.913344e+14	1.210479e-01	3.095793e+00
1.913099e+14	1.073304e-01	2.992529e+00
1.912855e+14	9.399852e-02	2.889229e+00
1.912610e+14	8.117879e-02	2.785931e+00
1.912366e+14	6.899010e-02	2.682669e+00
1.912122e+14	5.754204e-02	2.579471e+00
1.911877e+14	4.693358e-02	2.476361e+00
1.911633e+14	3.725215e-02	2.373355e+00
1.911389e+14	2.857293e-02	2.270466e+00
1.911145e+14	2.095838e-02	2.167698e+00
1.910901e+14	1.445811e-02	2.065053e+00
1.910657e+14	9.108830e-03	1.962526e+00
1.910413e+14	4.934557e-03	1.860109e+00
1.910170e+14	1.946855e-03	1.757791e+00
1.909926e+14	1.451981e-04	1.655559e+00
1.909682e+14	4.826258e-04	-1.588195e+00
1.909439e+14	3.992114e-05	1.451294e+00
1.909195e+14	1.678593e-03	1.349233e+00
1.908952e+14	4.388856e-03	1.247204e+00
1.908708e+14	8.116416e-03	1.145198e+00
1.908465e+14	1.279781e-02	1.043208e+00
1.908222e+14	1.836103e-02	9.412314e-01
1.907979e+14	2.472631e-02	8.392681e-01
1.907735e+14	3.180687e-02	7.373228e-01
1.907492e+14	3.950994e-02	6.354030e-01
1.907249e+14	4.773771e-02	5.335197e-01
1.907006e+14	5.638851e-02	4.316863e-01
1.906763e+14	6.535802e-02	3.299186e-01
1.906521e+14	7.454051e-02	2.282336e-01
1.906278e+14	8.383016e-02	1.266491e-01
1.906035e+14	9.312232e-02	2.518254e-02
1.905792e+14	1.023148e-01	-7.614937e-02
1.905550e+14	1.113089e-01	-1.773317e-01
1.905307e+14	1.200108e-01	-2.783520e-01
1.905065e+14	1.283319e-01	-3.792006e-01
1.904822e+14	1.361904e-01	-4.798713e-01
1.904580e+14	1.435111e-01	-5.803615e-01
1.904338e+14	1.502266e-01	-6.806726e-01
1.904096e+14	1.562769e-01	-7.808098e-01
1.903853e+14	1.616105e-01	-8.807821e-01
1.903611e+14	1.661834e-01	-9.806021e-01
1.903369e+14	1.699601e-01	-1.080285e+00
1.903127e+14	1.729130e-01	-1.179850e+00
1.902885e+14	1.750222e-01	-1.279317e+00
1.902644e+14	1.762758e-01	-1.378709e+00
1.902402e+14	1.766692e-01	-1.478048e+00
1.902160e+14	1.762055e-01	-1.577357e+00
1.901918e+14	1.748947e-01	-1.676661e+00
1.901677e+14	1.727541e-01	-1.775979e+00
1.901435e+14	1.698079e-01	-1.875334e+00
1.901194e+14	1.660871e-01	-1.974743e+00
1.900952e+14	1.616291e-01	-2.074223e+00
1.900711e+14	1.564779e-01	-2.173784e+00
1.900470e+14	1.506836e-01	-2.273439e+00
1.900228e+14	1.443019e-01	-2.373192e+00
1.899987e+14	1.373942e-01	-2.473046e+00
1.899746e+14	1.300266e-01	-2.573001e+00
1.899505e+14	1.222699e-01	-2.673053e+00
1.899264e+14	1.141984e-01	-2.773196e+00
1.899023e+14	1.058895e-01	-2.873419e+00
1.898782e+14	9.742290e-02	-2.973712e+00
1.898542e+14	8.887963e-02	-3.074062e+00
1.898301e+14	8.034114e-02	3.108732e+00
1.898060e+14	7.188836e-02	3.008313e+00
1.897819e+14	6.360081e-02	2.907882e+00
1.897579e+14	5.555562e-02	2.807452e+00
1.897338e+14	4.782668e-02	2.707038e+00
1.897098e+14	4.048383e-02	2.606652e+00
1.896858e+14	3.359208e-02	2.506303e+00
1.896617e+14	2.721102e-02	2.406000e+00
1.896377e+14	2.139421e-02	2.305750e+00
1.896137e+14	1.618878e-02	2.205556e+00
1.895897e+14	1.163503e-02	2.105420e+00
1.895657e+14	7.766191e-03	2.005343e+00
1.895417e+14	4.608248e-03	1.905323e+00
1.895177e+14	2.179844e-03	1.805356e+00
1.894937e+14	4.922513e-04	1.705439e+00
1.894697e+14	4.505913e-04	-1.536027e+00
1.894457e+14	6.519840e-04	-1.635863e+00
1.894217e+14	1.223236e-04	-1.735665e+00
1.893978e+14	1.121089e-03	1.306152e+00
1.893738e+14	3.054286e-03	1.206400e+00
1.893499e+14	5.646921e-03	1.106666e+00
1.893259e+14	8.862600e-03	1.006949e+00
1.893020e+14	1.265927e-02	9.072467e-01
1.892780e+14	1.698964e-02	8.075602e-01
1.892541e+14	2.180170e-02	7.078913e-01
1.892302e+14	2.703924e-02	6.082435e-01
1.892063e+14	3.264245e-02	5.086215e-01
1.891824e+14	3.854857e-02	4.090316e-01
1.891585e+14	4.469255e-02	3.094810e-01
1.891346e+14	5.100777e-02	2.099774e-01
1.891107e+14	5.742677e-02	1.105293e-01
1.890868e+14	6.388200e-02	1.114499e-02
1.890629e+14	7.030650e-02	-8.816728e-02
1.890390e+14	7.663466e-02	-1.873999e-01
1.890152e+14	8.280284e-02	-2.865464e-01
1.889913e+14	8.875006e-02	-3.856010e-01
1.889674e+14	9.441850e-02	-4.845600e-01
1.889436e+14	9.975408e-02	-5.834208e-01
1.889197e+14	1.047068e-01	-6.821828e-01
1.888959e+14	1.092313e-01	-7.808473e-01
1.888721e+14	1.132870e-01	-8.794173e-01
1.888482e+14	1.168383e-01	-9.778975e-01
1.888244e+14	1.198549e-01	-1.076294e+00
1.888006e+14	1.223120e-01	-1.174616e+00
1.887768e+14	1.241902e-01	-1.272872e+00
1.887530e+14	1.254754e-01	-1.371071e+00
1.887292e+14	1.261593e-01	-1.469226e+00
1.887054e+14	1.262390e-01	-1.567346e+00
1.886816e+14	1.257168e-01	-1.665445e+00
1.886578e+14	1.246006e-01	-1.763532e+00
1.886341e+14	1.229033e-01	-1.861618e+00
1.886103e+14	1.206432e-01	-1.959714e+00
1.885865e+14	1.178432e-01	-2.057828e+00
1.885628e+14	1.145311e-01	-2.155967e+00
1.885390e+14	1.107392e-01	-2.254137e+00
1.885153e+14	1.065040e-01	-2.352343e+00
1.884916e+14	1.018661e-01	-2.450587e+00
1.884678e+14	9.686955e-02	-2.548870e+00
1.884441e+14	9.156172e-02	-2.647192e+00
1.884204e+14	8.599271e-02	-2.745551e+00
1.883967e+14	8.021497e-02	-2.843942e+00
1.883730e+14	7.428274e-02	-2.942361e+00
1.883493e+14	6.825153e-02	-3.040803e+00
1.883256e+14	6.217756e-02	-3.139260e+00
1.883019e+14	5.611714e-02	3.045460e+00
1.882782e+14	5.012615e-02	2.946993e+00
1.882545e+14	4.425938e-02	2.848532e+00
1.882309e+14	3.857004e-02	2.750085e+00
1.882072e+14	3.310917e-02	2.651658e+00
1.881835e+14	2.792512e-02	2.553257e+00
1.881599e+14	2.306312e-02	2.454886e+00
1.881362e+14	1.856486e-02	2.356551e+00
1.881126e+14	1.446805e-02	2.258253e+00
1.880890e+14	1.080619e-02	2.159996e+00
1.880653e+14	7.608241e-03	2.061779e+00
1.880417e+14	4.898424e-03	1.963603e+00
1.880181e+14	2.696078e-03	1.865467e+00
1.879945e+14	1.015530e-03	1.767369e+00
1.879709e+14	1.339613e-04	-1.472285e+00
1.879473e+14	7.482289e-04	-1.570314e+00
1.879237e+14	8.281707e-04	-1.668313e+00
1.879001e+14	3.796867e-04	-1.766285e+00
1.878765e+14	5.864251e-04	1.277360e+00
1.878529e+14	2.054611e-03	1.179434e+00
1.878294e+14	4.004740e-03	1.081528e+00
1.878058e+14	6.412324e-03	9.836399e-01
1.877822e+14	9.248769e-03	8.857699e-01
1.877587e+14	1.248167e-02	7.879180e-01
1.877351e+14	1.607513e-02	6.900849e-01
1.877116e+14	1.999013e-02	5.922727e-01
1.876881e+14	2.418494e-02	4.944839e-01
1.876645e+14	2.861548e-02	3.967218e-01
1.876410e+14	3.323584e-02	2.989904e-01
1.876175e+14	3.799874e-02	2.012941e-01
1.875940e+14	4.285594e-02	1.036374e-01
1.875705e+14	4.775882e-02	6.025250e-03
1.875470e+14	5.265882e-02	-9.153770e-02
1.875235e+14	5.750795e-02	-1.890470e-01
1.875000e+14	6.225922e-02	-2.864985e-01
("port 2","TE",1,"port 1",1,"modulation")
(1,1)
0.00000
(500,3)
2.000000e+14	9.999731e-01	2.705803e+00
1.999733e+14	9.999404e-01	2.594755e+00
1.999466e+14	9.998862e-01	2.483715e+00
1.999199e+14	9.998039e-01	2.372687e+00
1.998932e+14	9.996870e-01	2.261672e+00
1.998665e+14	9.995294e-01	2.150675e+00
1.998398e+14	9.993259e-01	2.039704e+00
1.998131e+14	9.990725e-01	1.928765e+00
1.997865e+14	9.987670e-01	1.817869e+00
1.997598e+14	9.984088e-01	1.707024e+00
1.997332e+14	9.979995e-01	1.596243e+00
1.997065e+14	9.975430e-01	1.485534e+00
1.996799e+14	9.970454e-01	1.374909e+00
1.996532e+14	9.965147e-01	1.264375e+00
1.996266e+14	9.959611e-01	1.153941e+00
1.996000e+14	9.953961e-01	1.043613e+00
1.995734e+14	9.948328e-01	9.333935e-01
1.995468e+14	9.942848e-01	8.232842e-01
1.995202e+14	9.937661e-01	7.132837e-01
1.994936e+14	9.932905e-01	6.033878e-01
1.994670e+14	9.928711e-01	4.935901e-01
1.994404e+14	9.925198e-01	3.838813e-01
1.994139e+14	9.922468e-01	2.742502e-01
1.993873e+14	9.920602e-01	1.646837e-01
1.993608e+14	9.919658e-01	5.516742e-02
1.993342e+14	9.919667e-01	-5.431421e-02
1.993077e+14	9.920632e-01	-1.637770e-01
1.992812e+14	9.922531e-01	-2.732365e-01
1.992546e+14	9.925310e-01	-3.827079e-01
1.992281e+14	9.928893e-01	-4.922049e-01
1.992016e+14	9.933181e-01	-6.017396e-01
1.991751e+14	9.938054e-01	-7.113218e-01
1.991486e+14	9.943379e-01	-8.209592e-01
1.991221e+14	9.949012e-01	-9.306566e-01
1.990956e+14	9.954806e-01	-1.040416e+00
1.990691e+14	9.960615e-01	-1.150237e+00
1.990427e+14	9.966299e-01	-1.260115e+00
1.990162e+14	9.971731e-01	-1.370046e+00
1.989898e+14	9.976801e-01	-1.480021e+00
1.989633e+14	9.981420e-01	-1.590030e+00
1.989369e+14	9.985522e-01	-1.700062e+00
1.989104e+14	9.989067e-01	-1.810107e+00
1.988840e+14	9.992038e-01	-1.920152e+00
1.988576e+14	9.994446e-01	-2.030188e+00
1.988312e+14	9.996323e-01	-2.140203e+00
1.988048e+14	9.997718e-01	-2.250190e+00
1.987784e+14	9.998698e-01	-2.360142e+00
1.987520e+14	9.999337e-01	-2.470055e+00
1.987256e+14	9.999714e-01	-2.579926e+00
1.986992e+14	9.999906e-01	-2.689757e+00
1.986729e+14	9.999982e-01	-2.799550e+00
1.986465e+14	1.000000e+00	-2.909308e+00
1.986201e+14	9.999999e-01	-3.019038e+00
1.985938e+14	9.999999e-01	-3.128746e+00
1.985674e+14	9.999998e-01	3.044744e+00
1.985411e+14	9.999966e-01	2.935056e+00
1.985148e+14	9.999854e-01	2.825368e+00
1.984885e+14	9.999588e-01	2.715674e+00
1.984622e+14	9.999075e-01	2.605970e+00
1.984358e+14	9.998209e-01	2.496255e+00
1.984095e+14	9.996873e-01	2.386531e+00
1.983832e+14	9.994948e-01	2.276802e+00
1.983570e+14	9.992320e-01	2.167075e+00
1.983307e+14	9.988885e-01	2.057360e+00
1.983044e+14	9.984557e-01	1.947671e+00
1.982781e+14	9.979276e-01	1.838023e+00
1.982519e+14	9.973015e-01	1.728433e+00
1.982256e+14	9.965778e-01	1.618920e+00
1.981994e+14	9.957611e-01	1.509504e+00
1.981732e+14	9.948599e-01	1.400204e+00
1.981469e+14	9.938864e-01	1.291036e+00
1.981207e+14	9.928569e-01	1.182018e+00
1.980945e+14	9.917905e-01	1.073161e+00
1.980683e+14	9.907093e-01	9.644764e-01
1.980421e+14	9.896373e-01	8.559689e-01
1.980159e+14	9.885997e-01	7.476398e-01
1.979897e+14	9.876220e-01	6.394858e-01
1.979635e+14	9.867292e-01	5.314985e-01
1.979373e+14	9.859448e-01	4.236651e-01
1.979112e+14	9.852901e-01	3.159684e-01
1.978850e+14	9.847834e-01	2.083875e-01
1.978588e+14	9.844392e-01	1.008980e-01
1.978327e+14	9.842679e-01	-6.526990e-03
1.978066e+14	9.842754e-01	-1.139160e-01
1.977804e+14	9.844624e-01	-2.212983e-01
1.977543e+14	9.848251e-01	-3.287032e-01
1.977282e+14	9.853544e-01	-4.361587e-01
1.977021e+14	9.860368e-01	-5.436910e-01
1.976760e+14	9.868546e-01	-6.513232e-01
1.976499e+14	9.877864e-01	-7.590747e-01
1.976238e+14	9.888078e-01	-8.669608e-01
1.975977e+14	9.898924e-01	-9.749917e-01
1.975716e+14	9.910126e-01	-1.083173e+00
1.975455e+14	9.921407e-01	-1.191503e+00
1.975195e+14	9.932499e-01	-1.299979e+00
1.974934e+14	9.943154e-01	-1.408590e+00
1.974674e+14	9.953151e-01	-1.517321e+00
1.974413e+14	9.962309e-01	-1.626156e+00
1.974153e+14	9.970488e-01	-1.735074e+00
1.973892e+14	9.977596e-01	-1.844053e+00
1.973632e+14	9.983591e-01	-1.953072e+00
1.973372e+14	9.988480e-01	-2.062109e+00
1.973112e+14	9.992316e-01	-2.171145e+00
1.972852e+14	9.995188e-01	-2.280164e+00
1.972592e+14	9.997222e-01	-2.389152e+00
1.972332e+14	9.998562e-01	-2.498101e+00
1.972072e+14	9.999362e-01	-2.607007e+00
1.971812e+14	9.999778e-01	-2.715869e+00
1.971553e+14	9.999950e-01	-2.824695e+00
1.971293e+14	9.999997e-01	-2.933491e+00
1.971034e+14	1.000000e+00	-3.042273e+00
1.970774e+14	1.000000e+00	3.132131e+00
1.970515e+14	9.999989e-01	3.023333e+00
1.970255e+14	9.999906e-01	2.914501e+00
1.969996e+14	9.999634e-01	2.805619e+00
1.969737e+14	9.999008e-01	2.696673e+00
1.969478e+14	9.997813e-01	2.587654e+00
1.969219e+14	9.995795e-01	2.478555e+00
1.968960e+14	9.992676e-01	2.369379e+00
1.968701e+14	9.988160e-01	2.260131e+00
1.968442e+14	9.981955e-01	2.150828e+00
1.968183e+14	9.973787e-01	2.041491e+00
1.967924e+14	9.963418e-01	1.932150e+00
1.967666e+14	9.950664e-01	1.822840e+00
1.967407e+14	9.935411e-01	1.713603e+00
1.967148e+14	9.917627e-01	1.604484e+00
1.966890e+14	9.897370e-01	1.495531e+00
1.966632e+14	9.874796e-01	1.386793e+00
1.966373e+14	9.850160e-01	1.278317e+00
1.966115e+14	9.823809e-01	1.170146e+00
1.965857e+14	9.796176e-01	1.062317e+00
1.965599e+14	9.767767e-01	9.548631e-01
1.965341e+14	9.739142e-01	8.478043e-01
1.965083e+14	9.710904e-01	7.411529e-01
1.964825e+14	9.683673e-01	6.349097e-01
1.964567e+14	9.658071e-01	5.290642e-01
1.964309e+14	9.634699e-01	4.235947e-01
1.964051e+14	9.614121e-01	3.184684e-01
1.963794e+14	9.596849e-01	2.136419e-01
1.963536e+14	9.583325e-01	1.090627e-01
1.963279e+14	9.573911e-01	4.670375e-03
1.963021e+14	9.568878e-01	-9.960243e-02
1.962764e+14	9.568395e-01	-2.038277e-01
1.962507e+14	9.572528e-01	-3.080804e-01
1.962249e+14	9.581229e-01	-4.124365e-01
1.961992e+14	9.594341e-01	-5.169708e-01
1.961735e+14	9.611594e-01	-6.217550e-01
1.961478e+14	9.632609e-01	-7.268552e-01
1.961221e+14	9.656908e-01	-8.323301e-01
1.960964e+14	9.683919e-01	-9.382290e-01
1.960707e+14	9.712997e-01	-1.044590e+00
1.960450e+14	9.743435e-01	-1.151438e+00
1.960194e+14	9.774496e-01	-1.258786e+00
1.959937e+14	9.805430e-01	-1.366631e+00
1.959681e+14	9.835508e-01	-1.474957e+00
1.959424e+14	9.864055e-01	-1.583735e+00
1.959168e+14	9.890473e-01	-1.692923e+00
1.958911e+14	9.914275e-01	-1.802472e+00
1.958655e+14	9.935104e-01	-1.912324e+00
1.958399e+14	9.952753e-01	-2.022418e+00
1.958143e+14	9.967168e-01	-2.132696e+00
1.957886e+14	9.978446e-01	-2.243102e+00
1.957630e+14	9.986828e-01	-2.353589e+00
1.957374e+14	9.992668e-01	-2.464122e+00
1.957119e+14	9.996410e-01	-2.574679e+00
1.956863e+14	9.998544e-01	-2.685257e+00
1.956607e+14	9.999566e-01	-2.795868e+00
1.956351e+14	9.999929e-01	-2.906546e+00
1.956096e+14	9.999998e-01	-3.017340e+00
1.955840e+14	1.000000e+00	-3.128316e+00
1.955585e+14	9.999980e-01	3.043633e+00
1.955329e+14	9.999764e-01	2.932046e+00
1.955074e+14	9.998920e-01	2.820015e+00
1.954818e+14	9.996737e-01	2.707448e+00
1.954563e+14	9.992210e-01	2.594260e+00
1.954308e+14	9.984042e-01	2.480380e+00
1.954053e+14	9.970664e-01	2.365761e+00
1.953798e+14	9.950287e-01	2.250388e+00
1.953543e+14	9.920965e-01	2.134281e+00
1.953288e+14	9.880702e-01	2.017507e+00
1.953033e+14	9.827575e-01	1.900184e+00
1.952779e+14	9.759879e-01	1.782479e+00
1.952524e+14	9.676271e-01	1.664608e+00
1.952269e+14	9.575917e-01	1.546835e+00
1.952015e+14	9.458594e-01	1.429454e+00
1.951760e+14	9.324759e-01	1.312785e+00
1.951506e+14	9.175553e-01	1.197154e+00
1.951251e+14	9.012747e-01	1.082880e+00
1.950997e+14	8.838640e-01	9.702586e-01
1.950743e+14	8.655910e-01	8.595499e-01
1.950489e+14	8.467456e-01	7.509693e-01
1.950234e+14	8.276234e-01	6.446810e-01
1.949980e+14	8.085117e-01	5.407963e-01
1.949726e+14	7.896785e-01	4.393748e-01
1.949473e+14	7.713648e-01	3.404271e-01
1.949219e+14	7.537800e-01	2.439209e-01
1.948965e+14	7.371013e-01	1.497866e-01
1.948711e+14	7.214745e-01	5.792319e-02
1.948458e+14	7.070166e-01	-3.179496e-02
1.948204e+14	6.938199e-01	-1.195135e-01
1.947951e+14	6.819560e-01	-2.053931e-01
1.947697e+14	6.714800e-01	-2.896063e-01
1.947444e+14	6.624350e-01	-3.723342e-01
1.947190e+14	6.548556e-01	-4.537652e-01
1.946937e+14	6.487715e-01	-5.340932e-01
1.946684e+14	6.442102e-01	-6.135176e-01
1.946431e+14	6.411997e-01	-6.922433e-01
1.946178e+14	6.397706e-01	-7.704815e-01
1.945925e+14	6.399578e-01	-8.484506e-01
1.945672e+14	6.418016e-01	-9.263780e-01
1.945419e+14	6.453488e-01	-1.004502e+00
1.945166e+14	6.506529e-01	-1.083075e+00
1.944914e+14	6.577740e-01	-1.162364e+00
1.944661e+14	6.667775e-01	-1.242655e+00
1.944408e+14	6.777318e-01	-1.324258e+00
1.944156e+14	6.907048e-01	-1.407505e+00
1.943903e+14	7.057577e-01	-1.492757e+00
1.943651e+14	7.229357e-01	-1.580405e+00
1.943399e+14	7.422556e-01	-1.670866e+00
1.943146e+14	7.636871e-01	-1.764585e+00
1.942894e+14	7.871288e-01	-1.862027e+00
1.942642e+14	8.123767e-01	-1.963661e+00
1.942390e+14	8.390867e-01	-2.069936e+00
1.942138e+14	8.667335e-01	-2.181250e+00
1.941886e+14	8.945733e-01	-2.297899e+00
1.941634e+14	9.216217e-01	-2.420011e+00
1.941382e+14	9.466665e-01	-2.547483e+00
1.941131e+14	9.683327e-01	-2.679902e+00
1.940879e+14	9.852138e-01	-2.816508e+00
1.940627e+14	9.960609e-01	-2.956187e+00
1.940376e+14	9.999934e-01	-3.097529e+00
1.940124e+14	9.966698e-01	3.044232e+00
1.939873e+14	9.863592e-01	2.904319e+00
1.939622e+14	9.698846e-01	2.767357e+00
1.939370e+14	9.484618e-01	2.634502e+00
1.939119e+14	9.234894e-01	2.506563e+00
1.938868e+14	8.963547e-01	2.383994e+00
1.938617e+14	8.682941e-01	2.266938e+00
1.938366e+14	8.403199e-01	2.155291e+00
1.938115e+14	8.132033e-01	2.048778e+00
1.937864e+14	7.874924e-01	1.947014e+00
1.937613e+14	7.635489e-01	1.849554e+00
1.937362e+14	7.415892e-01	1.755934e+00
1.937112e+14	7.217227e-01	1.665690e+00
1.936861e+14	7.039844e-01	1.578377e+00
1.936611e+14	6.883595e-01	1.493578e+00
1.936360e+14	6.748024e-01	1.410902e+00
1.936110e+14	6.632508e-01	1.329990e+00
1.935859e+14	6.536346e-01	1.250509e+00
1.935609e+14	6.458822e-01	1.172153e+00
1.935359e+14	6.399251e-01	1.094639e+00
1.935109e+14	6.357000e-01	1.017703e+00
1.934858e+14	6.331500e-01	9.410984e-01
1.934608e+14	6.322253e-01	8.645920e-01
1.934358e+14	6.328828e-01	7.879631e-01
1.934109e+14	6.350859e-01	7.110004e-01
1.933859e+14	6.388025e-01	6.335002e-01
1.933609e+14	6.440049e-01	5.552658e-01
1.933359e+14	6.506668e-01	4.761058e-01
1.933110e+14	6.587623e-01	3.958339e-01
1.932860e+14	6.682624e-01	3.142692e-01
1.932610e+14	6.791331e-01	2.312362e-01
1.932361e+14	6.913314e-01	1.465666e-01
1.932112e+14	7.048024e-01	6.010086e-02
1.931862e+14	7.194748e-01	-2.830897e-02
1.931613e+14	7.352573e-01	-1.187957e-01
1.931364e+14	7.520345e-01	-2.114730e-01
1.931115e+14	7.696640e-01	-3.064298e-01
1.930865e+14	7.879737e-01	-4.037257e-01
1.930616e+14	8.067609e-01	-5.033843e-01
1.930368e+14	8.257941e-01	-6.053885e-01
1.930119e+14	8.448170e-01	-7.096758e-01
1.929870e+14	8.635556e-01	-8.161348e-01
1.929621e+14	8.817288e-01	-9.246052e-01
1.929372e+14	8.990610e-01	-1.034880e+00
1.929124e+14	9.152976e-01	-1.146709e+00
1.928875e+14	9.302189e-01	-1.259812e+00
1.928627e+14	9.436543e-01	-1.373884e+00
1.928378e+14	9.554911e-01	-1.488617e+00
1.928130e+14	9.656803e-01	-1.603704e+00
1.927882e+14	9.742365e-01	-1.718862e+00
1.927633e+14	9.812317e-01	-1.833839e+00
1.927385e+14	9.867868e-01	-1.948420e+00
1.927137e+14	9.910583e-01	-2.062441e+00
1.926889e+14	9.942253e-01	-2.175780e+00
1.926641e+14	9.964764e-01	-2.288365e+00
1.926393e+14	9.979974e-01	-2.400165e+00
1.926145e+14	9.989625e-01	-2.511186e+00
1.925897e+14	9.995265e-01	-2.621465e+00
1.925650e+14	9.998207e-01	-2.731062e+00
1.925402e+14	9.999500e-01	-2.840051e+00
1.925154e+14	9.999925e-01	-2.948518e+00
1.924907e+14	9.999999e-01	-3.056550e+00
1.924659e+14	1.000000e+00	3.118952e+00
1.924412e+14	9.999989e-01	3.011539e+00
1.924165e+14	9.999848e-01	2.904328e+00
1.923917e+14	9.999313e-01	2.797263e+00
1.923670e+14	9.998016e-01	2.690305e+00
1.923423e+14	9.995528e-01	2.583430e+00
1.923176e+14	9.991397e-01	2.476629e+00
1.922929e+14	9.985187e-01	2.369912e+00
1.922682e+14	9.976518e-01	2.263300e+00
1.922435e+14	9.965090e-01	2.156827e+00
1.922188e+14	9.950714e-01	2.050537e+00
1.921941e+14	9.933323e-01	1.944481e+00
1.921694e+14	9.912985e-01	1.838711e+00
1.921448e+14	9.889900e-01	1.733282e+00
1.921201e+14	9.864396e-01	1.628242e+00
1.920955e+14	9.836913e-01	1.523638e+00
1.920708e+14	9.807981e-01	1.419506e+00
1.920462e+14	9.778203e-01	1.315871e+00
1.920215e+14	9.748222e-01	1.212749e+00
1.919969e+14	9.718705e-01	1.110143e+00
1.919723e+14	9.690310e-01	1.008045e+00
1.919477e+14	9.663668e-01	9.064328e-01
1.919231e+14	9.639365e-01	8.052764e-01
1.918985e+14	9.617926e-01	7.045343e-01
1.918739e+14	9.599797e-01	6.041570e-01
1.918493e+14	9.585344e-01	5.040881e-01
1.918247e+14	9.574843e-01	4.042662e-01
1.918001e+14	9.568475e-01	3.046265e-01
1.917756e+14	9.566326e-01	2.051026e-01
1.917510e+14	9.568392e-01	1.056279e-01
1.917264e+14	9.574574e-01	6.137720e-03
1.917019e+14	9.584690e-01	-9.342951e-02
1.916773e+14	9.598476e-01	-1.931307e-01
1.916528e+14	9.615594e-01	-2.930167e-01
1.916283e+14	9.635644e-01	-3.931316e-01
1.916037e+14	9.658174e-01	-4.935111e-01
1.915792e+14	9.682687e-01	-5.941825e-01
1.915547e+14	9.708660e-01	-6.951638e-01
1.915302e+14	9.735556e-01	-7.964637e-01
1.915057e+14	9.762838e-01	-8.980816e-01
1.914812e+14	9.789986e-01	-1.000008e+00
1.914567e+14	9.816512e-01	-1.102224e+00
1.914322e+14	9.841972e-01	-1.204706e+00
1.914077e+14	9.865978e-01	-1.307422e+00
1.913833e+14	9.888213e-01	-1.410336e+00
1.913588e+14	9.908431e-01	-1.513408e+00
1.913344e+14	9.926467e-01	-1.616596e+00
1.913099e+14	9.942234e-01	-1.719860e+00
1.912855e+14	9.955723e-01	-1.823160e+00
1.912610e+14	9.966996e-01	-1.926458e+00
1.912366e+14	9.976173e-01	-2.029720e+00
1.912122e+14	9.983431e-01	-2.132918e+00
1.911877e+14	9.988980e-01	-2.236028e+00
1.911633e+14	9.993059e-01	-2.339034e+00
1.911389e+14	9.995917e-01	-2.441923e+00
1.911145e+14	9.997803e-01	-2.544691e+00
1.910901e+14	9.998955e-01	-2.647336e+00
1.910657e+14	9.999585e-01	-2.749863e+00
1.910413e+14	9.999878e-01	-2.852280e+00
1.910170e+14	9.999981e-01	-2.954598e+00
1.909926e+14	1.000000e+00	-3.056830e+00
1.909682e+14	9.999999e-01	3.124194e+00
1.909439e+14	1.000000e+00	3.022090e+00
1.909195e+14	9.999986e-01	2.920029e+00
1.908952e+14	9.999904e-01	2.818001e+00
1.908708e+14	9.999671e-01	2.715995e+00
1.908465e+14	9.999181e-01	2.614005e+00
1.908222e+14	9.998314e-01	2.512028e+00
1.907979e+14	9.996943e-01	2.410064e+00
1.907735e+14	9.994940e-01	2.308119e+00
1.907492e+14	9.992192e-01	2.206199e+00
1.907249e+14	9.988599e-01	2.104316e+00
1.907006e+14	9.984089e-01	2.002483e+00
1.906763e+14	9.978619e-01	1.900715e+00
1.906521e+14	9.972180e-01	1.799030e+00
1.906278e+14	9.964801e-01	1.697445e+00
1.906035e+14	9.956547e-01	1.595979e+00
1.905792e+14	9.947521e-01	1.494647e+00
1.905550e+14	9.937859e-01	1.393465e+00
1.905307e+14	9.927726e-01	1.292444e+00
1.905065e+14	9.917313e-01	1.191596e+00
1.904822e+14	9.906827e-01	1.090925e+00
1.904580e+14	9.896487e-01	9.904348e-01
1.904338e+14	9.886516e-01	8.901237e-01
1.904096e+14	9.877133e-01	7.899865e-01
1.903853e+14	9.868546e-01	6.900142e-01
1.903611e+14	9.860949e-01	5.901942e-01
1.903369e+14	9.854509e-01	4.905110e-01
1.903127e+14	9.849371e-01	3.909461e-01
1.902885e+14	9.845645e-01	2.914789e-01
1.902644e+14	9.843408e-01	1.920874e-01
1.902402e+14	9.842703e-01	9.274850e-02
1.902160e+14	9.843534e-01	-6.561084e-03
1.901918e+14	9.845871e-01	-1.058643e-01
1.901677e+14	9.849650e-01	-2.051832e-01
1.901435e+14	9.854772e-01	-3.045380e-01
1.901194e+14	9.861111e-01	-4.039471e-01
1.900952e+14	9.868516e-01	-5.034262e-01
1.900711e+14	9.876815e-01	-6.029881e-01
1.900470e+14	9.885820e-01	-7.026424e-01
1.900228e+14	9.895337e-01	-8.023952e-01
1.899987e+14	9.905165e-01	-9.022495e-01
1.899746e+14	9.915105e-01	-1.002205e+00
1.899505e+14	9.924969e-01	-1.102257e+00
1.899264e+14	9.934580e-01	-1.202399e+00
1.899023e+14	9.943779e-01	-1.302623e+00
1.898782e+14	9.952431e-01	-1.402916e+00
1.898542e+14	9.960424e-01	-1.503265e+00
1.898301e+14	9.967674e-01	-1.603657e+00
1.898060e+14	9.974127e-01	-1.704076e+00
1.897819e+14	9.979754e-01	-1.804507e+00
1.897579e+14	9.984556e-01	-1.904937e+00
1.897338e+14	9.988556e-01	-2.005351e+00
1.897098e+14	9.991802e-01	-2.105737e+00
1.896858e+14	9.994356e-01	-2.206086e+00
1.896617e+14	9.996297e-01	-2.306389e+00
1.896377e+14	9.997711e-01	-2.406639e+00
1.896137e+14	9.998690e-01	-2.506833e+00
1.895897e+14	9.999323e-01	-2.606969e+00
1.895657e+14	9.999698e-01	-2.707046e+00
1.895417e+14	9.999894e-01	-2.807066e+00
1.895177e+14	9.999976e-01	-2.907033e+00
1.894937e+14	9.999999e-01	-3.006950e+00
1.894697e+14	9.999999e-01	-3.106824e+00
1.894457e+14	9.999998e-01	3.076526e+00
1.894217e+14	1.000000e+00	2.976724e+00
1.893978e+14	9.999994e-01	2.876949e+00
1.893738e+14	9.999953e-01	2.777196e+00
1.893499e+14	9.999841e-01	2.677462e+00
1.893259e+14	9.999607e-01	2.577745e+00
1.893020e+14	9.999199e-01	2.478043e+00
1.892780e+14	9.998557e-01	2.378357e+00
1.892541e+14	9.997623e-01	2.278688e+00
1.892302e+14	9.996344e-01	2.179040e+00
1.892063e+14	9.994671e-01	2.079418e+00
1.891824e+14	9.992567e-01	1.979828e+00
1.891585e+14	9.990008e-01	1.880277e+00
1.891346e+14	9.986983e-01	1.780774e+00
1.891107e+14	9.983497e-01	1.681326e+00
1.890868e+14	9.979575e-01	1.581941e+00
1.890629e+14	9.975254e-01	1.482629e+00
1.890390e+14	9.970592e-01	1.383396e+00
1.890152e+14	9.965659e-01	1.284250e+00
1.889913e+14	9.960539e-01	1.185195e+00
1.889674e+14	9.955326e-01	1.086236e+00
1.889436e+14	9.950121e-01	9.873755e-01
1.889197e+14	9.945031e-01	8.886135e-01
1.888959e+14	9.940164e-01	7.899490e-01
1.888721e+14	9.935623e-01	6.913791e-01
1.888482e+14	9.931510e-01	5.928989e-01
1.888244e+14	9.927914e-01	4.945019e-01
1.888006e+14	9.924917e-01	3.961803e-01
1.887768e+14	9.922584e-01	2.979248e-01
1.887530e+14	9.920967e-01	1.997253e-01
1.887292e+14	9.920100e-01	1.015708e-01
1.887054e+14	9.919999e-01	3.450029e-03
1.886816e+14	9.920662e-01	-9.464837e-02
1.886578e+14	9.922070e-01	-1.927356e-01
1.886341e+14	9.924186e-01	-2.908221e-01
1.886103e+14	9.926959e-01	-3.889179e-01
1.885865e+14	9.930322e-01	-4.870316e-01
1.885628e+14	9.934197e-01	-5.851705e-01
1.885390e+14	9.938495e-01	-6.833407e-01
1.885153e+14	9.943123e-01	-7.815465e-01
1.884916e+14	9.947981e-01	-8.797905e-01
1.884678e+14	9.952971e-01	-9.780738e-01
1.884441e+14	9.957994e-01	-1.076396e+00
1.884204e+14	9.962958e-01	-1.174754e+00
1.883967e+14	9.967776e-01	-1.273146e+00
1.883730e+14	9.972372e-01	-1.371565e+00
1.883493e+14	9.976681e-01	-1.470007e+00
1.883256e+14	9.980651e-01	-1.568464e+00
1.883019e+14	9.984242e-01	-1.666929e+00
1.882782e+14	9.987429e-01	-1.765396e+00
1.882545e+14	9.990201e-01	-1.863857e+00
1.882309e+14	9.992559e-01	-1.962304e+00
1.882072e+14	9.994517e-01	-2.060731e+00
1.881835e+14	9.996100e-01	-2.159132e+00
1.881599e+14	9.997340e-01	-2.257503e+00
1.881362e+14	9.998277e-01	-2.355838e+00
1.881126e+14	9.998953e-01	-2.454136e+00
1.880890e+14	9.999416e-01	-2.552393e+00
1.880653e+14	9.999711e-01	-2.650610e+00
1.880417e+14	9.999880e-01	-2.748786e+00
1.880181e+14	9.999964e-01	-2.846922e+00
1.879945e+14	9.999995e-01	-2.945020e+00
1.879709e+14	1.000000e+00	-3.043082e+00
1.879473e+14	9.999997e-01	-3.141111e+00
1.879237e+14	9.999997e-01	3.044075e+00
1.879001e+14	9.999999e-01	2.946104e+00
1.878765e+14	9.999998e-01	2.848156e+00
1.878529e+14	9.999979e-01	2.750230e+00
1.878294e+14	9.999920e-01	2.652324e+00
1.878058e+14	9.999794e-01	2.554436e+00
1.877822e+14	9.999572e-01	2.456566e+00
1.877587e+14	9.999221e-01	2.358714e+00
1.877351e+14	9.998708e-01	2.260881e+00
1.877116e+14	9.998002e-01	2.163069e+00
1.876881e+14	9.997075e-01	2.065280e+00
1.876645e+14	9.995905e-01	1.967518e+00
1.876410e+14	9.994475e-01	1.869787e+00
1.876175e+14	9.992778e-01	1.772090e+00
1.875940e+14	9.990813e-01	1.674434e+00
1.875705e+14	9.988589e-01	1.576822e+00
1.875470e+14	9.986126e-01	1.479259e+00
1.875235e+14	9.983450e-01	1.381749e+00
1.875000e+14	9.980600e-01	1.284298e+00
("port 2","TE",1,"port 2",1,"modulation")
(1,1)
0.00000
(500,3)
2.000000e+14	7.337073e-03	-2.006586e+00
1.999733e+14	1.091399e-02	-2.117634e+00
1.999466e+14	1.508294e-02	-2.228673e+00
1.999199e+14	1.980077e-02	-2.339702e+00
1.998932e+14	2.501713e-02	-2.450717e+00
1.998665e+14	3.067508e-02	-2.561714e+00
1.998398e+14	3.671168e-02	-2.672685e+00
1.998131e+14	4.305879e-02	-2.783624e+00
1.997865e+14	4.964390e-02	-2.894520e+00
1.997598e+14	5.639104e-02	-3.005365e+00
1.997332e+14	6.322184e-02	-3.116146e+00
1.997065e+14	7.005646e-02	3.056331e+00
1.996799e+14	7.681475e-02	2.945705e+00
1.996532e+14	8.341725e-02	2.835172e+00
1.996266e+14	8.978620e-02	2.724738e+00
1.996000e+14	9.584659e-02	2.614409e+00
1.995734e+14	1.015270e-01	2.504190e+00
1.995468e+14	1.067606e-01	2.394081e+00
1.995202e+14	1.114855e-01	2.284080e+00
1.994936e+14	1.156461e-01	2.174184e+00
1.994670e+14	1.191929e-01	2.064386e+00
1.994404e+14	1.220836e-01	1.954678e+00
1.994139e+14	1.242830e-01	1.845047e+00
1.993873e+14	1.257637e-01	1.735480e+00
1.993608e+14	1.265063e-01	1.625964e+00
1.993342e+14	1.264994e-01	1.516482e+00
1.993077e+14	1.257399e-01	1.407019e+00
1.992812e+14	1.242331e-01	1.297560e+00
1.992546e+14	1.219928e-01	1.188088e+00
1.992281e+14	1.190412e-01	1.078591e+00
1.992016e+14	1.154088e-01	9.690568e-01
1.991751e+14	1.111343e-01	8.594745e-01
1.991486e+14	1.062646e-01	7.498371e-01
1.991221e+14	1.008542e-01	6.401397e-01
1.990956e+14	9.496493e-02	5.303802e-01
1.990691e+14	8.866527e-02	4.205595e-01
1.990427e+14	8.202990e-02	3.106809e-01
1.990162e+14	7.513878e-02	2.007503e-01
1.989898e+14	6.807630e-02	9.077564e-02
1.989633e+14	6.093028e-02	-1.923336e-02
1.989369e+14	5.379084e-02	-1.292659e-01
1.989104e+14	4.674931e-02	-2.393107e-01
1.988840e+14	3.989696e-02	-3.493562e-01
1.988576e+14	3.332386e-02	-4.593914e-01
1.988312e+14	2.711760e-02	-5.694067e-01
1.988048e+14	2.136222e-02	-6.793935e-01
1.987784e+14	1.613703e-02	-7.893455e-01
1.987520e+14	1.151567e-02	-8.992584e-01
1.987256e+14	7.565108e-03	-1.009130e+00
1.986992e+14	4.344900e-03	-1.118961e+00
1.986729e+14	1.906406e-03	-1.228753e+00
1.986465e+14	2.921934e-04	-1.338511e+00
1.986201e+14	4.644869e-04	1.693351e+00
1.985938e+14	3.401371e-04	1.583643e+00
1.985674e+14	6.786436e-04	-1.667645e+00
1.985411e+14	2.594899e-03	-1.777333e+00
1.985148e+14	5.401144e-03	-1.887021e+00
1.984885e+14	9.079278e-03	-1.996715e+00
1.984622e+14	1.360061e-02	-2.106419e+00
1.984358e+14	1.892598e-02	-2.216134e+00
1.984095e+14	2.500601e-02	-2.325858e+00
1.983832e+14	3.178153e-02	-2.435587e+00
1.983570e+14	3.918407e-02	-2.545314e+00
1.983307e+14	4.713663e-02	-2.655029e+00
1.983044e+14	5.555448e-02	-2.764718e+00
1.982781e+14	6.434627e-02	-2.874366e+00
1.982519e+14	7.341513e-02	-2.983956e+00
1.982256e+14	8.266003e-02	-3.093469e+00
1.981994e+14	9.197713e-02	3.080301e+00
1.981732e+14	1.012612e-01	2.971000e+00
1.981469e+14	1.104072e-01	2.861832e+00
1.981207e+14	1.193116e-01	2.752814e+00
1.980945e+14	1.278736e-01	2.643957e+00
1.980683e+14	1.359967e-01	2.535273e+00
1.980421e+14	1.435898e-01	2.426765e+00
1.980159e+14	1.505678e-01	2.318436e+00
1.979897e+14	1.568527e-01	2.210282e+00
1.979635e+14	1.623746e-01	2.102295e+00
1.979373e+14	1.670714e-01	1.994461e+00
1.979112e+14	1.708900e-01	1.886765e+00
1.978850e+14	1.737864e-01	1.779184e+00
1.978588e+14	1.757256e-01	1.671694e+00
1.978327e+14	1.766823e-01	1.564269e+00
1.978066e+14	1.766409e-01	1.456880e+00
1.977804e+14	1.755953e-01	1.349498e+00
1.977543e+14	1.735499e-01	1.242093e+00
1.977282e+14	1.705190e-01	1.134638e+00
1.977021e+14	1.665274e-01	1.027105e+00
1.976760e+14	1.616103e-01	9.194732e-01
1.976499e+14	1.558139e-01	8.117216e-01
1.976238e+14	1.491948e-01	7.038355e-01
1.975977e+14	1.418205e-01	5.958046e-01
1.975716e+14	1.337688e-01	4.876237e-01
1.975455e+14	1.251276e-01	3.792928e-01
1.975195e+14	1.159943e-01	2.708171e-01
1.974934e+14	1.064752e-01	1.622065e-01
1.974674e+14	9.668391e-02	5.347505e-02
1.974413e+14	8.674056e-02	-5.535960e-02
1.974153e+14	7.677018e-02	-1.642774e-01
1.973892e+14	6.690104e-02	-2.732567e-01
1.973632e+14	5.726295e-02	-3.822756e-01
1.973372e+14	4.798538e-02	-4.913129e-01
1.973112e+14	3.919573e-02	-6.003491e-01
1.972852e+14	3.101748e-02	-7.093678e-01
1.972592e+14	2.356855e-02	-8.183560e-01
1.972332e+14	1.695978e-02	-9.273049e-01
1.972072e+14	1.129353e-02	-1.036210e+00
1.971812e+14	6.662487e-03	-1.145073e+00
1.971553e+14	3.148579e-03	-1.253898e+00
1.971293e+14	8.220984e-04	-1.362695e+00
1.971034e+14	2.591007e-04	1.670116e+00
1.970774e+14	5.029697e-05	1.561335e+00
1.970515e+14	1.479474e-03	-1.689056e+00
1.970255e+14	4.346843e-03	-1.797888e+00
1.969996e+14	8.553582e-03	-1.906770e+00
1.969737e+14	1.408612e-02	-2.015716e+00
1.969478e+14	2.091516e-02	-2.124735e+00
1.969219e+14	2.899534e-02	-2.233834e+00
1.968960e+14	3.826516e-02	-2.343010e+00
1.968701e+14	4.864704e-02	-2.452258e+00
1.968442e+14	6.004769e-02	-2.561561e+00
1.968183e+14	7.235881e-02	-2.670898e+00
1.967924e+14	8.545819e-02	-2.780239e+00
1.967666e+14	9.921120e-02	-2.889549e+00
1.967407e+14	1.134727e-01	-2.998786e+00
1.967148e+14	1.280891e-01	-3.107905e+00
1.966890e+14	1.429012e-01	3.066328e+00
1.966632e+14	1.577467e-01	2.957589e+00
1.966373e+14	1.724629e-01	2.849113e+00
1.966115e+14	1.868895e-01	2.740942e+00
1.965857e+14	2.008713e-01	2.633114e+00
1.965599e+14	2.142600e-01	2.525659e+00
1.965341e+14	2.269166e-01	2.418601e+00
1.965083e+14	2.387120e-01	2.311949e+00
1.964825e+14	2.495290e-01	2.205706e+00
1.964567e+14	2.592618e-01	2.099861e+00
1.964309e+14	2.678168e-01	1.994391e+00
1.964051e+14	2.751124e-01	1.889265e+00
1.963794e+14	2.810782e-01	1.784438e+00
1.963536e+14	2.856551e-01	1.679859e+00
1.963279e+14	2.887945e-01	1.575467e+00
1.963021e+14	2.904579e-01	1.471194e+00
1.962764e+14	2.906169e-01	1.366969e+00
1.962507e+14	2.892528e-01	1.262716e+00
1.962249e+14	2.863573e-01	1.158360e+00
1.961992e+14	2.819329e-01	1.053825e+00
1.961735e+14	2.759939e-01	9.490413e-01
1.961478e+14	2.685673e-01	8.439411e-01
1.961221e+14	2.596946e-01	7.384662e-01
1.960964e+14	2.494335e-01	6.325674e-01
1.960707e+14	2.378591e-01	5.262065e-01
1.960450e+14	2.250659e-01	4.193580e-01
1.960194e+14	2.111689e-01	3.120102e-01
1.959937e+14	1.963046e-01	2.041651e-01
1.959681e+14	1.806316e-01	9.583904e-02
1.959424e+14	1.643297e-01	-1.293867e-02
1.959168e+14	1.475991e-01	-1.221270e-01
1.958911e+14	1.306583e-01	-2.316755e-01
1.958655e+14	1.137410e-01	-3.415272e-01
1.958399e+14	9.709286e-02	-4.516218e-01
1.958143e+14	8.096721e-02	-5.618998e-01
1.957886e+14	6.562098e-02	-6.723059e-01
1.957630e+14	5.131038e-02	-7.827930e-01
1.957374e+14	3.828694e-02	-8.933257e-01
1.957119e+14	2.679409e-02	-1.003883e+00
1.956863e+14	1.706422e-02	-1.114460e+00
1.956607e+14	9.316545e-03	-1.225072e+00
1.956351e+14	3.755351e-03	-1.335750e+00
1.956096e+14	5.687698e-04	-1.446544e+00
1.955840e+14	7.236078e-05	1.584073e+00
1.955585e+14	1.984235e-03	-1.668756e+00
1.955329e+14	6.870540e-03	-1.780343e+00
1.955074e+14	1.469574e-02	-1.892374e+00
1.954818e+14	2.554271e-02	-2.004941e+00
1.954563e+14	3.946327e-02	-2.118129e+00
1.954308e+14	5.647229e-02	-2.232009e+00
1.954053e+14	7.654083e-02	-2.346628e+00
1.953798e+14	9.958871e-02	-2.462001e+00
1.953543e+14	1.254774e-01	-2.578108e+00
1.953288e+14	1.540041e-01	-2.694882e+00
1.953033e+14	1.848989e-01	-2.812205e+00
1.952779e+14	2.178249e-01	-2.929910e+00
1.952524e+14	2.523842e-01	-3.047781e+00
1.952269e+14	2.881287e-01	3.117631e+00
1.952015e+14	3.245766e-01	3.000250e+00
1.951760e+14	3.612321e-01	2.883581e+00
1.951506e+14	3.976083e-01	2.767950e+00
1.951251e+14	4.332481e-01	2.653676e+00
1.950997e+14	4.677440e-01	2.541055e+00
1.950743e+14	5.007516e-01	2.430346e+00
1.950489e+14	5.319980e-01	2.321766e+00
1.950234e+14	5.612838e-01	2.215477e+00
1.949980e+14	5.884801e-01	2.111593e+00
1.949726e+14	6.135208e-01	2.010171e+00
1.949473e+14	6.363933e-01	1.911223e+00
1.949219e+14	6.571269e-01	1.814717e+00
1.948965e+14	6.757822e-01	1.720583e+00
1.948711e+14	6.924410e-01	1.628720e+00
1.948458e+14	7.071969e-01	1.539001e+00
1.948204e+14	7.201485e-01	1.451283e+00
1.947951e+14	7.313932e-01	1.365403e+00
1.947697e+14	7.410227e-01	1.281190e+00
1.947444e+14	7.491194e-01	1.198462e+00
1.947190e+14	7.557540e-01	1.117031e+00
1.946937e+14	7.609833e-01	1.036703e+00
1.946684e+14	7.648485e-01	9.572787e-01
1.946431e+14	7.673741e-01	8.785530e-01
1.946178e+14	7.685659e-01	8.003148e-01
1.945925e+14	7.684101e-01	7.223457e-01
1.945672e+14	7.668708e-01	6.444183e-01
1.945419e+14	7.638881e-01	5.662941e-01
1.945166e+14	7.593753e-01	4.877215e-01
1.944914e+14	7.532153e-01	4.084327e-01
1.944661e+14	7.452569e-01	3.281412e-01
1.944408e+14	7.353092e-01	2.465385e-01
1.944156e+14	7.231368e-01	1.632913e-01
1.943903e+14	7.084533e-01	7.803887e-02
1.943651e+14	6.909153e-01	-9.608456e-03
1.943399e+14	6.701169e-01	-1.000695e-01
1.943146e+14	6.455865e-01	-1.937891e-01
1.942894e+14	6.167887e-01	-2.912312e-01
1.942642e+14	5.831330e-01	-3.928644e-01
1.942390e+14	5.439977e-01	-4.991395e-01
1.942138e+14	4.987715e-01	-6.104537e-01
1.941886e+14	4.469213e-01	-7.271022e-01
1.941634e+14	3.880895e-01	-8.492150e-01
1.941382e+14	3.222151e-01	-9.766862e-01
1.941131e+14	2.496633e-01	-1.109106e+00
1.940879e+14	1.713293e-01	-1.245712e+00
1.940627e+14	8.867157e-02	-1.385390e+00
1.940376e+14	3.635033e-03	-1.526733e+00
1.940124e+14	8.154298e-02	1.473436e+00
1.939873e+14	1.646074e-01	1.333523e+00
1.939622e+14	2.435649e-01	1.196561e+00
1.939370e+14	3.168916e-01	1.063706e+00
1.939119e+14	3.836239e-01	9.357668e-01
1.938868e+14	4.433376e-01	8.131978e-01
1.938617e+14	4.960498e-01	6.961413e-01
1.938366e+14	5.420908e-01	5.844947e-01
1.938115e+14	5.819797e-01	4.779819e-01
1.937864e+14	6.163243e-01	3.762176e-01
1.937613e+14	6.457500e-01	2.787579e-01
1.937362e+14	6.708543e-01	1.851373e-01
1.937112e+14	6.921823e-01	9.489327e-02
1.936861e+14	7.102154e-01	7.581061e-03
1.936611e+14	7.253697e-01	-7.721815e-02
1.936360e+14	7.379984e-01	-1.598940e-01
1.936110e+14	7.483972e-01	-2.408064e-01
1.935859e+14	7.568103e-01	-3.202874e-01
1.935609e+14	7.634371e-01	-3.986431e-01
1.935359e+14	7.684373e-01	-4.761571e-01
1.935109e+14	7.719362e-01	-5.530931e-01
1.934858e+14	7.740292e-01	-6.296979e-01
1.934608e+14	7.747846e-01	-7.062043e-01
1.934358e+14	7.742476e-01	-7.828332e-01
1.934109e+14	7.724416e-01	-8.597960e-01
1.933859e+14	7.693707e-01	-9.372961e-01
1.933609e+14	7.650214e-01	-1.015531e+00
1.933359e+14	7.593633e-01	-1.094691e+00
1.933110e+14	7.523512e-01	-1.174962e+00
1.932860e+14	7.439257e-01	-1.256527e+00
1.932610e+14	7.340152e-01	-1.339560e+00
1.932361e+14	7.225378e-01	-1.424230e+00
1.932112e+14	7.094037e-01	-1.510695e+00
1.931862e+14	6.945185e-01	-1.599105e+00
1.931613e+14	6.777881e-01	-1.689592e+00
1.931364e+14	6.591237e-01	-1.782269e+00
1.931115e+14	6.384491e-01	-1.877226e+00
1.930865e+14	6.157090e-01	-1.974522e+00
1.930616e+14	5.908781e-01	-2.074181e+00
1.930368e+14	5.639717e-01	-2.176185e+00
1.930119e+14	5.350553e-01	-2.280472e+00
1.929870e+14	5.042536e-01	-2.386931e+00
1.929621e+14	4.717567e-01	-2.495402e+00
1.929372e+14	4.378234e-01	-2.605676e+00
1.929124e+14	4.027783e-01	-2.717505e+00
1.928875e+14	3.670051e-01	-2.830608e+00
1.928627e+14	3.309329e-01	-2.944681e+00
1.928378e+14	2.950201e-01	-3.059413e+00
1.928130e+14	2.597335e-01	3.108685e+00
1.927882e+14	2.255289e-01	2.993527e+00
1.927633e+14	1.928323e-01	2.878550e+00
1.927385e+14	1.620242e-01	2.763969e+00
1.927137e+14	1.334298e-01	2.649948e+00
1.926889e+14	1.073127e-01	2.536609e+00
1.926641e+14	8.387406e-02	2.424024e+00
1.926393e+14	6.325476e-02	2.312224e+00
1.926145e+14	4.554056e-02	2.201203e+00
1.925897e+14	3.076847e-02	2.090924e+00
1.925650e+14	1.893354e-02	1.981327e+00
1.925402e+14	9.995428e-03	1.872338e+00
1.925154e+14	3.884195e-03	1.763871e+00
1.924907e+14	5.050113e-04	1.655839e+00
1.924659e+14	2.581509e-04	-1.593437e+00
1.924412e+14	1.460171e-03	1.440743e+00
1.924165e+14	5.508832e-03	1.333531e+00
1.923917e+14	1.172143e-02	1.226467e+00
1.923670e+14	1.991737e-02	1.119509e+00
1.923423e+14	2.990289e-02	1.012633e+00
1.923176e+14	4.147234e-02	9.058330e-01
1.922929e+14	5.440970e-02	7.991157e-01
1.922682e+14	6.849071e-02	6.925036e-01
1.922435e+14	8.348546e-02	5.860309e-01
1.922188e+14	9.916134e-02	4.797412e-01
1.921941e+14	1.152865e-01	3.736847e-01
1.921694e+14	1.316334e-01	2.679149e-01
1.921448e+14	1.479823e-01	1.624853e-01
1.921201e+14	1.641244e-01	5.744610e-02
1.920955e+14	1.798651e-01	-4.715799e-02
1.920708e+14	1.950258e-01	-1.512906e-01
1.920462e+14	2.094458e-01	-2.549255e-01
1.920215e+14	2.229834e-01	-3.580474e-01
1.919969e+14	2.355159e-01	-4.606532e-01
1.919723e+14	2.469393e-01	-5.627518e-01
1.919477e+14	2.571677e-01	-6.643635e-01
1.919231e+14	2.661322e-01	-7.655199e-01
1.918985e+14	2.737793e-01	-8.662620e-01
1.918739e+14	2.800696e-01	-9.666393e-01
1.918493e+14	2.849767e-01	-1.066708e+00
1.918247e+14	2.884854e-01	-1.166530e+00
1.918001e+14	2.905907e-01	-1.266170e+00
1.917756e+14	2.912971e-01	-1.365694e+00
1.917510e+14	2.906178e-01	-1.465168e+00
1.917264e+14	2.885745e-01	-1.564659e+00
1.917019e+14	2.851967e-01	-1.664226e+00
1.916773e+14	2.805221e-01	-1.763927e+00
1.916528e+14	2.745971e-01	-1.863813e+00
1.916283e+14	2.674763e-01	-1.963928e+00
1.916037e+14	2.592234e-01	-2.064307e+00
1.915792e+14	2.499115e-01	-2.164979e+00
1.915547e+14	2.396232e-01	-2.265960e+00
1.915302e+14	2.284504e-01	-2.367260e+00
1.915057e+14	2.164948e-01	-2.468878e+00
1.914812e+14	2.038668e-01	-2.570804e+00
1.914567e+14	1.906852e-01	-2.673021e+00
1.914322e+14	1.770759e-01	-2.775503e+00
1.914077e+14	1.631707e-01	-2.878219e+00
1.913833e+14	1.491055e-01	-2.981132e+00
1.913588e+14	1.350185e-01	-3.084204e+00
1.913344e+14	1.210479e-01	3.095793e+00
1.913099e+14	1.073304e-01	2.992529e+00
1.912855e+14	9.399852e-02	2.889229e+00
1.912610e+14	8.117879e-02	2.785931e+00
1.912366e+14	6.899010e-02	2.682669e+00
1.912122e+14	5.754204e-02	2.579471e+00
1.911877e+14	4.693358e-02	2.476361e+00
1.911633e+14	3.725215e-02	2.373355e+00
1.911389e+14	2.857293e-02	2.270466e+00
1.911145e+14	2.095838e-02	2.167698e+00
1.910901e+14	1.445811e-02	2.065053e+00
1.910657e+14	9.108830e-03	1.962526e+00
1.910413e+14	4.934557e-03	1.860109e+00
1.910170e+14	1.946855e-03	1.757791e+00
1.909926e+14	1.451981e-04	1.655559e+00
1.909682e+14	4.826258e-04	-1.588195e+00
1.909439e+14	3.992114e-05	1.451294e+00
1.909195e+14	1.678593e-03	1.349233e+00
1.908952e+14	4.388856e-03	1.247204e+00
1.908708e+14	8.116416e-03	1.145198e+00
1.908465e+14	1.279781e-02	1.043208e+00
1.908222e+14	1.836103e-02	9.412314e-01
1.907979e+14	2.472631e-02	8.392681e-01
1.907735e+14	3.180687e-02	7.373228e-01
1.907492e+14	3.950994e-02	6.354030e-01
1.907249e+14	4.773771e-02	5.335197e-01
1.907006e+14	5.638851e-02	4.316863e-01
1.906763e+14	6.535802e-02	3.299186e-01
1.906521e+14	7.454051e-02	2.282336e-01
1.906278e+14	8.383016e-02	1.266491e-01
1.906035e+14	9.312232e-02	2.518254e-02
1.905792e+14	1.023148e-01	-7.614937e-02
1.905550e+14	1.113089e-01	-1.773317e-01
1.905307e+14	1.200108e-01	-2.783520e-01
1.905065e+14	1.283319e-01	-3.792006e-01
1.904822e+14	1.361904e-01	-4.798713e-01
1.904580e+14	1.435111e-01	-5.803615e-01
1.904338e+14	1.502266e-01	-6.806726e-01
1.904096e+14	1.562769e-01	-7.808098e-01
1.903853e+14	1.616105e-01	-8.807821e-01
1.903611e+14	1.661834e-01	-9.806021e-01
1.903369e+14	1.699601e-01	-1.080285e+00
1.903127e+14	1.729130e-01	-1.179850e+00
1.902885e+14	1.750222e-01	-1.279317e+00
1.902644e+14	1.762758e-01	-1.378709e+00
1.902402e+14	1.766692e-01	-1.478048e+00
1.902160e+14	1.762055e-01	-1.577357e+00
1.901918e+14	1.748947e-01	-1.676661e+00
1.901677e+14	1.727541e-01	-1.775979e+00
1.901435e+14	1.698079e-01	-1.875334e+00
1.901194e+14	1.660871e-01	-1.974743e+00
1.900952e+14	1.616291e-01	-2.074223e+00
1.900711e+14	1.564779e-01	-2.173784e+00
1.900470e+14	1.506836e-01	-2.273439e+00
1.900228e+14	1.443019e-01	-2.373192e+00
1.899987e+14	1.373942e-01	-2.473046e+00
1.899746e+14	1.300266e-01	-2.573001e+00
1.899505e+14	1.222699e-01	-2.673053e+00
1.899264e+14	1.141984e-01	-2.773196e+00
1.899023e+14	1.058895e-01	-2.873419e+00
1.898782e+14	9.742290e-02	-2.973712e+00
1.898542e+14	8.887963e-02	-3.074062e+00
1.898301e+14	8.034114e-02	3.108732e+00
1.898060e+14	7.188836e-02	3.008313e+00
1.897819e+14	6.360081e-02	2.907882e+00
1.897579e+14	5.555562e-02	2.807452e+00
1.897338e+14	4.782668e-02	2.707038e+00
1.897098e+14	4.048383e-02	2.606652e+00
1.896858e+14	3.359208e-02	2.506303e+00
1.896617e+14	2.721102e-02	2.406000e+00
1.896377e+14	2.139421e-02	2.305750e+00
1.896137e+14	1.618878e-02	2.205556e+00
1.895897e+14	1.163503e-02	2.105420e+00
1.895657e+14	7.766191e-03	2.005343e+00
1.895417e+14	4.608248e-03	1.905323e+00
1.895177e+14	2.179844e-03	1.805356e+00
1.894937e+14	4.922513e-04	1.705439e+00
1.894697e+14	4.505913e-04	-1.536027e+00
1.894457e+14	6.519840e-04	-1.635863e+00
1.894217e+14	1.223236e-04	-1.735665e+00
1.893978e+14	1.121089e-03	1.306152e+00
1.893738e+14	3.054286e-03	1.206400e+00
1.893499e+14	5.646921e-03	1.106666e+00
1.893259e+14	8.862600e-03	1.006949e+00
1.893020e+14	1.265927e-02	9.072467e-01
1.892780e+14	1.698964e-02	8.075602e-01
1.892541e+14	2.180170e-02	7.078913e-01
1.892302e+14	2.703924e-02	6.082435e-01
1.892063e+14	3.264245e-02	5.086215e-01
1.891824e+14	3.854857e-02	4.090316e-01
1.891585e+14	4.469255e-02	3.094810e-01
1.891346e+14	5.100777e-02	2.099774e-01
1.891107e+14	5.742677e-02	1.105293e-01
1.890868e+14	6.388200e-02	1.114499e-02
1.890629e+14	7.030650e-02	-8.816728e-02
1.890390e+14	7.663466e-02	-1.873999e-01
1.890152e+14	8.280284e-02	-2.865464e-01
1.889913e+14	8.875006e-02	-3.856010e-01
1.889674e+14	9.441850e-02	-4.845600e-01
1.889436e+14	9.975408e-02	-5.834208e-01
1.889197e+14	1.047068e-01	-6.821828e-01
1.888959e+14	1.092313e-01	-7.808473e-01
1.888721e+14	1.132870e-01	-8.794173e-01
1.888482e+14	1.168383e-01	-9.778975e-01
1.888244e+14	1.198549e-01	-1.076294e+00
1.888006e+14	1.223120e-01	-1.174616e+00
1.887768e+14	1.241902e-01	-1.272872e+00
1.887530e+14	1.254754e-01	-1.371071e+00
1.887292e+14	1.261593e-01	-1.469226e+00
1.887054e+14	1.262390e-01	-1.567346e+00
1.886816e+14	1.257168e-01	-1.665445e+00
1.886578e+14	1.246006e-01	-1.763532e+00
1.886341e+14	1.229033e-01	-1.861618e+00
1.886103e+14	1.206432e-01	-1.959714e+00
1.885865e+14	1.178432e-01	-2.057828e+00
1.885628e+14	1.145311e-01	-2.155967e+00
1.885390e+14	1.107392e-01	-2.254137e+00
1.885153e+14	1.065040e-01	-2.352343e+00
1.884916e+14	1.018661e-01	-2.450587e+00
1.884678e+14	9.686955e-02	-2.548870e+00
1.884441e+14	9.156172e-02	-2.647192e+00
1.884204e+14	8.599271e-02	-2.745551e+00
1.883967e+14	8.021497e-02	-2.843942e+00
1.883730e+14	7.428274e-02	-2.942361e+00
1.883493e+14	6.825153e-02	-3.040803e+00
1.883256e+14	6.217756e-02	-3.139260e+00
1.883019e+14	5.611714e-02	3.045460e+00
1.882782e+14	5.012615e-02	2.946993e+00
1.882545e+14	4.425938e-02	2.848532e+00
1.882309e+14	3.857004e-02	2.750085e+00
1.882072e+14	3.310917e-02	2.651658e+00
1.881835e+14	2.792512e-02	2.553257e+00
1.881599e+14	2.306312e-02	2.454886e+00
1.881362e+14	1.856486e-02	2.356551e+00
1.881126e+14	1.446805e-02	2.258253e+00
1.880890e+14	1.080619e-02	2.159996e+00
1.880653e+14	7.608241e-03	2.061779e+00
1.880417e+14	4.898424e-03	1.963603e+00
1.880181e+14	2.696078e-03	1.865467e+00
1.879945e+14	1.015530e-03	1.767369e+00
1.879709e+14	1.339613e-04	-1.472285e+00
1.879473e+14	7.482289e-04	-1.570314e+00
1.879237e+14	8.281707e-04	-1.668313e+00
1.879001e+14	3.796867e-04	-1.766285e+00
1.878765e+14	5.864251e-04	1.277360e+00
1.878529e+14	2.054611e-03	1.179434e+00
1.878294e+14	4.004740e-03	1.081528e+00
1.878058e+14	6.412324e-03	9.836399e-01
1.877822e+14	9.248769e-03	8.857699e-01
1.877587e+14	1.248167e-02	7.879180e-01
1.877351e+14	1.607513e-02	6.900849e-01
1.877116e+14	1.999013e-02	5.922727e-01
1.876881e+14	2.418494e-02	4.944839e-01
1.876645e+14	2.861548e-02	3.967218e-01
1.876410e+14	3.323584e-02	2.989904e-01
1.876175e+14	3.799874e-02	2.012941e-01
1.875940e+14	4.285594e-02	1.036374e-01
1.875705e+14	4.775882e-02	6.025250e-03
1.875470e+14	5.265882e-02	-9.153770e-02
1.875235e+14	5.750795e-02	-1.890470e-01
1.875000e+14	6.225922e-02	-2.864985e-01
