("port 1","TE",1,"port 1",1,"modulation")
(1,1)
0.00200
(500,3)
2.000000e+14	4.992768e-03	-1.005147e+00
1.999733e+14	2.615505e-03	-1.116348e+00
1.999466e+14	8.552922e-04	-1.227513e+00
1.999199e+14	2.583991e-04	1.802949e+00
1.998932e+14	7.037583e-04	1.691848e+00
1.998665e+14	4.669350e-04	1.580773e+00
1.998398e+14	4.577479e-04	-1.671874e+00
1.998131e+14	2.067663e-03	-1.782910e+00
1.997865e+14	4.351836e-03	-1.893933e+00
1.997598e+14	7.290982e-03	-2.004945e+00
1.997332e+14	1.085765e-02	-2.115948e+00
1.997065e+14	1.501644e-02	-2.226942e+00
1.996799e+14	1.972437e-02	-2.337925e+00
1.996532e+14	2.493125e-02	-2.448895e+00
1.996266e+14	3.058031e-02	-2.559847e+00
1.996000e+14	3.660878e-02	-2.670774e+00
1.995734e+14	4.294867e-02	-2.781668e+00
1.995468e+14	4.952764e-02	-2.892520e+00
1.995202e+14	5.626986e-02	-3.003320e+00
1.994936e+14	6.309708e-02	-3.114057e+00
1.994670e+14	6.992958e-02	3.058463e+00
1.994404e+14	7.668732e-02	2.947881e+00
1.994139e+14	8.329088e-02	2.837390e+00
1.993873e+14	8.966258e-02	2.726999e+00
1.993608e+14	9.572743e-02	2.616714e+00
1.993342e+14	1.014140e-01	2.506537e+00
1.993077e+14	1.066555e-01	2.396470e+00
1.992812e+14	1.113899e-01	2.286511e+00
1.992546e+14	1.155616e-01	2.176658e+00
1.992281e+14	1.191211e-01	2.066903e+00
1.992016e+14	1.220257e-01	1.957236e+00
1.991751e+14	1.242404e-01	1.847648e+00
1.991486e+14	1.257376e-01	1.738124e+00
1.991221e+14	1.264975e-01	1.628651e+00
1.990956e+14	1.265088e-01	1.519213e+00
1.990691e+14	1.257680e-01	1.409794e+00
1.990427e+14	1.242804e-01	1.300379e+00
1.990162e+14	1.220593e-01	1.190952e+00
1.989898e+14	1.191268e-01	1.081500e+00
1.989633e+14	1.155132e-01	9.720110e-01
1.989369e+14	1.112569e-01	8.624742e-01
1.989104e+14	1.064046e-01	7.528825e-01
1.988840e+14	1.010103e-01	6.432309e-01
1.988576e+14	9.513580e-02	5.335173e-01
1.988312e+14	8.884922e-02	4.237423e-01
1.988048e+14	8.222500e-02	3.139094e-01
1.987784e+14	7.534288e-02	2.040244e-01
1.987520e+14	6.828702e-02	9.409500e-02
1.987256e+14	6.114505e-02	-1.586903e-02
1.986992e+14	5.400693e-02	-1.258570e-01
1.986729e+14	4.696387e-02	-2.358574e-01
1.986465e+14	4.010704e-02	-3.458590e-01
1.986201e+14	3.352645e-02	-4.558507e-01
1.985938e+14	2.730971e-02	-5.658227e-01
1.985674e+14	2.154085e-02	-6.757667e-01
1.985411e+14	1.629929e-02	-7.856760e-01
1.985148e+14	1.165875e-02	-8.955463e-01
1.984885e+14	7.686387e-03	-1.005376e+00
1.984622e+14	4.441918e-03	-1.115164e+00
1.984358e+14	1.976936e-03	-1.224914e+00
1.984095e+14	3.342692e-04	-1.334629e+00
1.983832e+14	4.525418e-04	1.697276e+00
1.983570e+14	3.596801e-04	1.587611e+00
1.983307e+14	6.266015e-04	-1.663633e+00
1.983044e+14	2.509717e-03	-1.773278e+00
1.982781e+14	5.282573e-03	-1.882923e+00
1.982519e+14	8.927479e-03	-1.992573e+00
1.982256e+14	1.341617e-02	-2.102233e+00
1.981994e+14	1.870991e-02	-2.211903e+00
1.981732e+14	2.475978e-02	-2.321584e+00
1.981469e+14	3.150702e-02	-2.431269e+00
1.981207e+14	3.888361e-02	-2.540953e+00
1.980945e+14	4.681293e-02	-2.650625e+00
1.980683e+14	5.521067e-02	-2.760273e+00
1.980421e+14	6.398580e-02	-2.869879e+00
1.980159e+14	7.304179e-02	-2.979429e+00
1.979897e+14	8.227786e-02	-3.088901e+00
1.979635e+14	9.159036e-02	3.084907e+00
1.979373e+14	1.008743e-01	2.975644e+00
1.979112e+14	1.100246e-01	2.866514e+00
1.978850e+14	1.189377e-01	2.757531e+00
1.978588e+14	1.275130e-01	2.648711e+00
1.978327e+14	1.356539e-01	2.540061e+00
1.978066e+14	1.432689e-01	2.431589e+00
1.977804e+14	1.502729e-01	2.323294e+00
1.977543e+14	1.565878e-01	2.215175e+00
1.977282e+14	1.621430e-01	2.107223e+00
1.977021e+14	1.668765e-01	1.999425e+00
1.976760e+14	1.707348e-01	1.891765e+00
1.976499e+14	1.736733e-01	1.784222e+00
1.976238e+14	1.756568e-01	1.676771e+00
1.975977e+14	1.766595e-01	1.569385e+00
1.975716e+14	1.766654e-01	1.462037e+00
1.975455e+14	1.756680e-01	1.354697e+00
1.975195e+14	1.736711e-01	1.247336e+00
1.974934e+14	1.706886e-01	1.139926e+00
1.974674e+14	1.667446e-01	1.032440e+00
1.974413e+14	1.618740e-01	9.248552e-01
1.974153e+14	1.561221e-01	8.171520e-01
1.973892e+14	1.495452e-01	7.093150e-01
1.973632e+14	1.422100e-01	6.013337e-01
1.973372e+14	1.341937e-01	4.932026e-01
1.973112e+14	1.255837e-01	3.849215e-01
1.972852e+14	1.164769e-01	2.764952e-01
1.972592e+14	1.069787e-01	1.679336e-01
1.972332e+14	9.720254e-02	5.925032e-02
1.972072e+14	8.726800e-02	-4.953707e-02
1.971812e+14	7.729974e-02	-1.584087e-01
1.971553e+14	6.742576e-02	-2.673429e-01
1.971293e+14	5.777568e-02	-3.763179e-01
1.971034e+14	4.847889e-02	-4.853124e-01
1.970774e+14	3.966280e-02	-5.943069e-01
1.970515e+14	3.145099e-02	-7.032847e-01
1.970255e+14	2.396160e-02	-8.122326e-01
1.969996e+14	1.730578e-02	-9.211417e-01
1.969737e+14	1.158627e-02	-1.030008e+00
1.969478e+14	6.896217e-03	-1.138831e+00
1.969219e+14	3.318089e-03	-1.247616e+00
1.968960e+14	9.227841e-04	-1.356372e+00
1.968701e+14	2.311801e-04	1.676481e+00
1.968442e+14	9.835837e-05	1.567742e+00
1.968183e+14	1.352992e-03	-1.682605e+00
1.967924e+14	4.140337e-03	-1.791393e+00
1.967666e+14	8.266334e-03	-1.900229e+00
1.967407e+14	1.371835e-02	-2.009129e+00
1.967148e+14	2.046806e-02	-2.118102e+00
1.966890e+14	2.847114e-02	-2.227154e+00
1.966632e+14	3.766713e-02	-2.336284e+00
1.966373e+14	4.797949e-02	-2.445485e+00
1.966115e+14	5.931600e-02	-2.554744e+00
1.965857e+14	7.156938e-02	-2.664037e+00
1.965599e+14	8.461839e-02	-2.773337e+00
1.965341e+14	9.832926e-02	-2.882609e+00
1.965083e+14	1.125576e-01	-2.991810e+00
1.964825e+14	1.271505e-01	-3.100896e+00
1.964567e+14	1.419492e-01	3.073367e+00
1.964309e+14	1.567917e-01	2.964655e+00
1.964051e+14	1.715155e-01	2.856202e+00
1.963794e+14	1.859601e-01	2.748051e+00
1.963536e+14	1.999702e-01	2.640240e+00
1.963279e+14	2.133971e-01	2.532802e+00
1.963021e+14	2.261013e-01	2.425757e+00
1.962764e+14	2.379532e-01	2.319119e+00
1.962507e+14	2.488349e-01	2.212889e+00
1.962249e+14	2.586399e-01	2.107058e+00
1.961992e+14	2.672740e-01	2.001604e+00
1.961735e+14	2.746548e-01	1.896495e+00
1.961478e+14	2.807113e-01	1.791690e+00
1.961221e+14	2.853836e-01	1.687135e+00
1.960964e+14	2.886226e-01	1.582772e+00
1.960707e+14	2.903890e-01	1.478532e+00
1.960450e+14	2.906538e-01	1.374346e+00
1.960194e+14	2.893977e-01	1.270137e+00
1.959937e+14	2.866116e-01	1.165830e+00
1.959681e+14	2.822972e-01	1.061350e+00
1.959424e+14	2.764679e-01	9.566260e-01
1.959168e+14	2.691497e-01	8.515903e-01
1.958911e+14	2.603831e-01	7.461841e-01
1.958655e+14	2.502244e-01	6.403575e-01
1.958399e+14	2.387473e-01	5.340714e-01
1.958143e+14	2.260446e-01	4.272996e-01
1.957886e+14	2.122299e-01	3.200292e-01
1.957630e+14	1.974378e-01	2.122613e-01
1.957374e+14	1.818250e-01	1.040110e-01
1.957119e+14	1.655697e-01	-4.693219e-03
1.956863e+14	1.488704e-01	-1.138112e-01
1.956607e+14	1.319439e-01	-2.232931e-01
1.956351e+14	1.150228e-01	-3.330825e-01
1.956096e+14	9.835161e-02	-4.431194e-01
1.955840e+14	8.218294e-02	-5.533438e-01
1.955585e+14	6.677333e-02	-6.637003e-01
1.955329e+14	5.237889e-02	-7.741411e-01
1.955074e+14	3.925137e-02	-8.846296e-01
1.954818e+14	2.763464e-02	-9.951438e-01
1.954563e+14	1.776180e-02	-1.105678e+00
1.954308e+14	9.852907e-03	-1.216245e+00
1.954053e+14	4.113248e-03	-1.326874e+00
1.953798e+14	7.320641e-04	-1.437615e+00
1.953543e+14	1.185802e-04	1.593061e+00
1.953288e+14	1.714960e-03	-1.659703e+00
1.953033e+14	6.366230e-03	-1.771216e+00
1.952779e+14	1.394625e-02	-1.883165e+00
1.952524e+14	2.454010e-02	-1.995643e+00
1.952269e+14	3.820226e-02	-2.108735e+00
1.952015e+14	5.495089e-02	-2.222513e+00
1.951760e+14	7.476094e-02	-2.337027e+00
1.951506e+14	9.755683e-02	-2.452295e+00
1.951251e+14	1.232053e-01	-2.568299e+00
1.950997e+14	1.515093e-01	-2.684976e+00
1.950743e+14	1.822049e-01	-2.802215e+00
1.950489e+14	2.149610e-01	-2.919852e+00
1.950234e+14	2.493851e-01	-3.037674e+00
1.949980e+14	2.850332e-01	3.127762e+00
1.949726e+14	3.214262e-01	3.010379e+00
1.949473e+14	3.580692e-01	2.893680e+00
1.949219e+14	3.944741e-01	2.777990e+00
1.948965e+14	4.301812e-01	2.663628e+00
1.948711e+14	4.647784e-01	2.550894e+00
1.948458e+14	4.979157e-01	2.440050e+00
1.948204e+14	5.293141e-01	2.331315e+00
1.947951e+14	5.587681e-01	2.224858e+00
1.947697e+14	5.861428e-01	2.120796e+00
1.947444e+14	6.113672e-01	2.019191e+00
1.947190e+14	6.344242e-01	1.920060e+00
1.946937e+14	6.553398e-01	1.823372e+00
1.946684e+14	6.741724e-01	1.729062e+00
1.946431e+14	6.910018e-01	1.637032e+00
1.946178e+14	7.059210e-01	1.547157e+00
1.945925e+14	7.190282e-01	1.459295e+00
1.945672e+14	7.304210e-01	1.373285e+00
1.945419e+14	7.401917e-01	1.288957e+00
1.945166e+14	7.484236e-01	1.206129e+00
1.944914e+14	7.551884e-01	1.124615e+00
1.944661e+14	7.605443e-01	1.044222e+00
1.944408e+14	7.645339e-01	9.647500e-01
1.944156e+14	7.671832e-01	8.859957e-01
1.943903e+14	7.685000e-01	8.077486e-01
1.943651e+14	7.684723e-01	7.297913e-01
1.943399e+14	7.670664e-01	6.518974e-01
1.943146e+14	7.642248e-01	5.738300e-01
1.942894e+14	7.598637e-01	4.953390e-01
1.942642e+14	7.538692e-01	4.161587e-01
1.942390e+14	7.460934e-01	3.360046e-01
1.942138e+14	7.363500e-01	2.545709e-01
1.941886e+14	7.244081e-01	1.715271e-01
1.941634e+14	7.099870e-01	8.651576e-02
1.941382e+14	6.927494e-01	-8.497199e-04
1.941131e+14	6.722960e-01	-9.098487e-02
1.940879e+14	6.481623e-01	-1.843318e-01
1.940627e+14	6.198193e-01	-2.813525e-01
1.940376e+14	5.866820e-01	-3.825156e-01
1.940124e+14	5.481307e-01	-4.882743e-01
1.939873e+14	5.035513e-01	-5.990328e-01
1.939622e+14	4.523997e-01	-7.150985e-01
1.939370e+14	3.942960e-01	-8.366211e-01
1.939119e+14	3.291437e-01	-9.635215e-01
1.938868e+14	2.572596e-01	-1.095423e+00
1.938617e+14	1.794814e-01	-1.231602e+00
1.938366e+14	9.721047e-02	-1.370978e+00
1.938115e+14	1.234743e-02	-1.512171e+00
1.937864e+14	7.289083e-02	1.487983e+00
1.937613e+14	1.562401e-01	1.347895e+00
1.937362e+14	2.356710e-01	1.210620e+00
1.937112e+14	3.096069e-01	1.077345e+00
1.936861e+14	3.770266e-01	9.489159e-01
1.936611e+14	4.374542e-01	8.258212e-01
1.936360e+14	4.908667e-01	7.082329e-01
1.936110e+14	5.375674e-01	5.960707e-01
1.935859e+14	5.780604e-01	4.890737e-01
1.935609e+14	6.129475e-01	3.868658e-01
1.935359e+14	6.428538e-01	2.890078e-01
1.935109e+14	6.683808e-01	1.950358e-01
1.934858e+14	6.900791e-01	1.044863e-01
1.934608e+14	7.084368e-01	1.691292e-02
1.934358e+14	7.238764e-01	-6.810582e-02
1.934109e+14	7.367572e-01	-1.509623e-01
1.933859e+14	7.473803e-01	-2.320192e-01
1.933609e+14	7.559952e-01	-3.116111e-01
1.933359e+14	7.628054e-01	-3.900464e-01
1.933110e+14	7.679747e-01	-4.676108e-01
1.932860e+14	7.716316e-01	-5.445696e-01
1.932610e+14	7.738745e-01	-6.211712e-01
1.932361e+14	7.747746e-01	-6.976494e-01
1.932112e+14	7.743793e-01	-7.742261e-01
1.931862e+14	7.727144e-01	-8.511135e-01
1.931613e+14	7.697861e-01	-9.285156e-01
1.931364e+14	7.655825e-01	-1.006630e+00
1.931115e+14	7.600754e-01	-1.085648e+00
1.930865e+14	7.532211e-01	-1.165756e+00
1.930616e+14	7.449617e-01	-1.247136e+00
1.930368e+14	7.352271e-01	-1.329964e+00
1.930119e+14	7.239365e-01	-1.414409e+00
1.929870e+14	7.110009e-01	-1.500631e+00
1.929621e+14	6.963264e-01	-1.588780e+00
1.929372e+14	6.798185e-01	-1.678990e+00
1.929124e+14	6.613878e-01	-1.771376e+00
1.928875e+14	6.409561e-01	-1.866033e+00
1.928627e+14	6.184653e-01	-1.963021e+00
1.928378e+14	5.938864e-01	-2.062370e+00
1.928130e+14	5.672291e-01	-2.164067e+00
1.927882e+14	5.385527e-01	-2.268055e+00
1.927633e+14	5.079743e-01	-2.374229e+00
1.927385e+14	4.756761e-01	-2.482435e+00
1.927137e+14	4.419083e-01	-2.592470e+00
1.926889e+14	4.069878e-01	-2.704090e+00
1.926641e+14	3.712915e-01	-2.817018e+00
1.926393e+14	3.352435e-01	-2.930952e+00
1.926145e+14	2.992991e-01	-3.045582e+00
1.925897e+14	2.639249e-01	3.122583e+00
1.925650e+14	2.295786e-01	3.007459e+00
1.925402e+14	1.966899e-01	2.892489e+00
1.925154e+14	1.656454e-01	2.777889e+00
1.924907e+14	1.367769e-01	2.663833e+00
1.924659e+14	1.103554e-01	2.550446e+00
1.924412e+14	8.658923e-02	2.437805e+00
1.924165e+14	6.562639e-02	2.325947e+00
1.923917e+14	4.755894e-02	2.214870e+00
1.923670e+14	3.242942e-02	2.104541e+00
1.923423e+14	2.023770e-02	1.994902e+00
1.923176e+14	1.094751e-02	1.885880e+00
1.922929e+14	4.492365e-03	1.777391e+00
1.922682e+14	7.803879e-04	1.669347e+00
1.922435e+14	3.018565e-04	-1.579931e+00
1.922188e+14	1.113423e-03	1.454256e+00
1.921941e+14	4.877231e-03	1.347060e+00
1.921694e+14	1.082519e-02	1.240016e+00
1.921448e+14	1.877861e-02	1.133083e+00
1.921201e+14	2.854554e-02	1.026235e+00
1.920955e+14	3.992195e-02	9.194620e-01
1.920708e+14	5.269327e-02	8.127701e-01
1.920462e+14	6.663638e-02	7.061796e-01
1.920215e+14	8.152216e-02	5.997234e-01
1.919969e+14	9.711841e-02	4.934442e-01
1.919723e+14	1.131932e-01	3.873913e-01
1.919477e+14	1.295185e-01	2.816179e-01
1.919231e+14	1.458736e-01	1.761776e-01
1.918985e+14	1.620483e-01	7.112126e-02
1.918739e+14	1.778462e-01	-3.350567e-02
1.918493e+14	1.930868e-01	-1.376657e-01
1.918247e+14	2.076071e-01	-2.413311e-01
1.918001e+14	2.212631e-01	-3.444853e-01
1.917756e+14	2.339296e-01	-4.471235e-01
1.917510e+14	2.455003e-01	-5.492529e-01
1.917264e+14	2.558873e-01	-6.508925e-01
1.917019e+14	2.650193e-01	-7.520723e-01
1.916773e+14	2.728411e-01	-8.528323e-01
1.916528e+14	2.793116e-01	-9.532207e-01
1.916283e+14	2.844026e-01	-1.053293e+00
1.916037e+14	2.880974e-01	-1.153110e+00
1.915792e+14	2.903900e-01	-1.252736e+00
1.915547e+14	2.912835e-01	-1.352238e+00
1.915302e+14	2.907901e-01	-1.451682e+00
1.915057e+14	2.889300e-01	-1.551132e+00
1.914812e+14	2.857320e-01	-1.650652e+00
1.914567e+14	2.812325e-01	-1.750298e+00
1.914322e+14	2.754765e-01	-1.850122e+00
1.914077e+14	2.685177e-01	-1.950169e+00
1.913833e+14	2.604183e-01	-2.050477e+00
1.913588e+14	2.512500e-01	-2.151073e+00
1.913344e+14	2.410940e-01	-2.251976e+00
1.913099e+14	2.300410e-01	-2.353198e+00
1.912855e+14	2.181911e-01	-2.454738e+00
1.912610e+14	2.056535e-01	-2.556588e+00
1.912366e+14	1.925458e-01	-2.658731e+00
1.912122e+14	1.789928e-01	-2.761143e+00
1.911877e+14	1.651255e-01	-2.863794e+00
1.911633e+14	1.510791e-01	-2.966647e+00
1.911389e+14	1.369914e-01	-3.069664e+00
1.911145e+14	1.230009e-01	3.110381e+00
1.910901e+14	1.092443e-01	3.007160e+00
1.910657e+14	9.585454e-02	2.903898e+00
1.910413e+14	8.295922e-02	2.800632e+00
1.910170e+14	7.067823e-02	2.697398e+00
1.909926e+14	5.912242e-02	2.594224e+00
1.909682e+14	4.839226e-02	2.491135e+00
1.909439e+14	3.857678e-02	2.388148e+00
1.909195e+14	2.975286e-02	2.285275e+00
1.908952e+14	2.198474e-02	2.182525e+00
1.908708e+14	1.532381e-02	2.079897e+00
1.908465e+14	9.808620e-03	1.977387e+00
1.908222e+14	5.464956e-03	1.874990e+00
1.907979e+14	2.306155e-03	1.772692e+00
1.907735e+14	3.334176e-04	1.670482e+00
1.907492e+14	4.637867e-04	-1.573247e+00
1.907249e+14	1.072886e-04	-1.675324e+00
1.907006e+14	1.370243e-03	1.364236e+00
1.906763e+14	3.925787e-03	1.262238e+00
1.906521e+14	7.506502e-03	1.160263e+00
1.906278e+14	1.205029e-02	1.058305e+00
1.906035e+14	1.748644e-02	9.563599e-01
1.905792e+14	2.373634e-02	8.544284e-01
1.905550e+14	3.071430e-02	7.525138e-01
1.905307e+14	3.832844e-02	6.506235e-01
1.905065e+14	4.648175e-02	5.487677e-01
1.904822e+14	5.507316e-02	4.469597e-01
1.904580e+14	6.399875e-02	3.452149e-01
1.904338e+14	7.315305e-02	2.435501e-01
1.904096e+14	8.243025e-02	1.419830e-01
1.903853e+14	9.172556e-02	4.053117e-02
1.903611e+14	1.009364e-01	-6.078855e-02
1.903369e+14	1.099637e-01	-1.619610e-01
1.903127e+14	1.187128e-01	-2.629731e-01
1.902885e+14	1.270944e-01	-3.638150e-01
1.902644e+14	1.350257e-01	-4.644798e-01
1.902402e+14	1.424306e-01	-5.649644e-01
1.902160e+14	1.492403e-01	-6.652696e-01
1.901918e+14	1.553941e-01	-7.654000e-01
1.901677e+14	1.608389e-01	-8.653640e-01
1.901435e+14	1.655298e-01	-9.651736e-01
1.901194e+14	1.694300e-01	-1.064844e+00
1.900952e+14	1.725106e-01	-1.164393e+00
1.900711e+14	1.747506e-01	-1.263841e+00
1.900470e+14	1.761370e-01	-1.363211e+00
1.900228e+14	1.766640e-01	-1.462524e+00
1.899987e+14	1.763334e-01	-1.561804e+00
1.899746e+14	1.751543e-01	-1.661074e+00
1.899505e+14	1.731427e-01	-1.760357e+00
1.899264e+14	1.703219e-01	-1.859672e+00
1.899023e+14	1.667216e-01	-1.959039e+00
1.898782e+14	1.623783e-01	-2.058474e+00
1.898542e+14	1.573350e-01	-2.157989e+00
1.898301e+14	1.516406e-01	-2.257596e+00
1.898060e+14	1.453501e-01	-2.357300e+00
1.897819e+14	1.385238e-01	-2.457106e+00
1.897579e+14	1.312271e-01	-2.557013e+00
1.897338e+14	1.235300e-01	-2.657017e+00
1.897098e+14	1.155063e-01	-2.757114e+00
1.896858e+14	1.072328e-01	-2.857292e+00
1.896617e+14	9.878878e-02	-2.957543e+00
1.896377e+14	9.025512e-02	-3.057851e+00
1.896137e+14	8.171314e-02	3.124981e+00
1.895897e+14	7.324386e-02	3.024598e+00
1.895657e+14	6.492701e-02	2.924200e+00
1.895417e+14	5.684007e-02	2.823802e+00
1.895177e+14	4.905747e-02	2.723417e+00
1.894937e+14	4.164967e-02	2.623057e+00
1.894697e+14	3.468246e-02	2.522734e+00
1.894457e+14	2.821629e-02	2.422456e+00
1.894217e+14	2.230569e-02	2.322229e+00
1.893978e+14	1.699882e-02	2.222058e+00
1.893738e+14	1.233707e-02	2.121945e+00
1.893499e+14	8.354832e-03	2.021890e+00
1.893259e+14	5.079254e-03	1.921893e+00
1.893020e+14	2.530176e-03	1.821950e+00
1.892780e+14	7.200769e-04	1.722057e+00
1.892541e+14	3.459011e-04	-1.519384e+00
1.892302e+14	6.698635e-04	-1.619193e+00
1.892063e+14	2.610305e-04	-1.718969e+00
1.891824e+14	8.644468e-04	1.322876e+00
1.891585e+14	2.683717e-03	1.223152e+00
1.891346e+14	5.167506e-03	1.123448e+00
1.891107e+14	8.280441e-03	1.023759e+00
1.890868e+14	1.198143e-02	9.240867e-01
1.890629e+14	1.622407e-02	8.244293e-01
1.890390e+14	2.095717e-02	7.247891e-01
1.890152e+14	2.612523e-02	6.251691e-01
1.889913e+14	3.166907e-02	5.255741e-01
1.889674e+14	3.752644e-02	4.260100e-01
1.889436e+14	4.363269e-02	3.264838e-01
1.889197e+14	4.992148e-02	2.270033e-01
1.888959e+14	5.632551e-02	1.275767e-01
1.888721e+14	6.277724e-02	2.821251e-02
1.888482e+14	6.920965e-02	-7.108113e-02
1.888244e+14	7.555689e-02	-1.702965e-01
1.888006e+14	8.175501e-02	-2.694267e-01
1.887768e+14	8.774259e-02	-3.684662e-01
1.887530e+14	9.346127e-02	-4.674105e-01
1.887292e+14	9.885635e-02	-5.662571e-01
1.887054e+14	1.038772e-01	-6.650050e-01
1.886816e+14	1.084776e-01	-7.636551e-01
1.886578e+14	1.126161e-01	-8.622100e-01
1.886341e+14	1.162564e-01	-9.606744e-01
1.886103e+14	1.193672e-01	-1.059054e+00
1.885865e+14	1.219228e-01	-1.157357e+00
1.885628e+14	1.239029e-01	-1.255593e+00
1.885390e+14	1.252924e-01	-1.353771e+00
1.885153e+14	1.260821e-01	-1.451901e+00
1.884916e+14	1.262680e-01	-1.549996e+00
1.884678e+14	1.258517e-01	-1.648067e+00
1.884441e+14	1.248399e-01	-1.746125e+00
1.884204e+14	1.232448e-01	-1.844180e+00
1.883967e+14	1.210836e-01	-1.942243e+00
1.883730e+14	1.183784e-01	-2.040322e+00
1.883493e+14	1.151561e-01	-2.138425e+00
1.883256e+14	1.114483e-01	-2.236559e+00
1.883019e+14	1.072908e-01	-2.334727e+00
1.882782e+14	1.027232e-01	-2.432934e+00
1.882545e+14	9.778904e-02	-2.531179e+00
1.882309e+14	9.253511e-02	-2.629464e+00
1.882072e+14	8.701099e-02	-2.727785e+00
1.881835e+14	8.126868e-02	-2.826140e+00
1.881599e+14	7.536210e-02	-2.924524e+00
1.881362e+14	6.934653e-02	-3.022932e+00
1.881126e+14	6.327802e-02	-3.121356e+00
1.880890e+14	5.721288e-02	3.063395e+00
1.880653e+14	5.120705e-02	2.964959e+00
1.880417e+14	4.531552e-02	2.866527e+00
1.880181e+14	3.959177e-02	2.768107e+00
1.879945e+14	3.408722e-02	2.669707e+00
1.879709e+14	2.885071e-02	2.571331e+00
1.879473e+14	2.392803e-02	2.472985e+00
1.879237e+14	1.936151e-02	2.374673e+00
1.879001e+14	1.518958e-02	2.276398e+00
1.878765e+14	1.144650e-02	2.178164e+00
1.878529e+14	8.162062e-03	2.079970e+00
1.878294e+14	5.361347e-03	1.981817e+00
1.878058e+14	3.064590e-03	1.883704e+00
1.877822e+14	1.287036e-03	1.785629e+00
1.877587e+14	3.887820e-05	1.687591e+00
1.877351e+14	6.747772e-04	-1.552007e+00
1.877116e+14	8.538893e-04	-1.649981e+00
1.876881e+14	5.034283e-04	-1.747928e+00
1.876645e+14	3.667215e-04	1.295743e+00
1.876410e+14	1.741896e-03	1.197843e+00
1.876175e+14	3.602825e-03	1.099964e+00
1.875940e+14	5.925840e-03	1.002103e+00
1.875705e+14	8.683123e-03	9.042593e-01
1.875470e+14	1.184299e-02	8.064338e-01
1.875235e+14	1.537021e-02	7.086269e-01
1.875000e+14	1.922637e-02	6.108405e-01
("port 1","TE",1,"port 2",1,"modulation")
(1,1)
0.00200
(500,3)
2.000000e+14	4.992768e-03	-1.005147e+00
1.999733e+14	2.615505e-03	-1.116348e+00
1.999466e+14	8.552922e-04	-1.227513e+00
1.999199e+14	2.583991e-04	1.802949e+00
1.998932e+14	7.037583e-04	1.691848e+00
1.998665e+14	4.669350e-04	1.580773e+00
1.998398e+14	4.577479e-04	-1.671874e+00
1.998131e+14	2.067663e-03	-1.782910e+00
1.997865e+14	4.351836e-03	-1.893933e+00
1.997598e+14	7.290982e-03	-2.004945e+00
1.997332e+14	1.085765e-02	-2.115948e+00
1.997065e+14	1.501644e-02	-2.226942e+00
1.996799e+14	1.972437e-02	-2.337925e+00
1.996532e+14	2.493125e-02	-2.448895e+00
1.996266e+14	3.058031e-02	-2.559847e+00
1.996000e+14	3.660878e-02	-2.670774e+00
1.995734e+14	4.294867e-02	-2.781668e+00
1.995468e+14	4.952764e-02	-2.892520e+00
1.995202e+14	5.626986e-02	-3.003320e+00
1.994936e+14	6.309708e-02	-3.114057e+00
1.994670e+14	6.992958e-02	3.058463e+00
1.994404e+14	7.668732e-02	2.947881e+00
1.994139e+14	8.329088e-02	2.837390e+00
1.993873e+14	8.966258e-02	2.726999e+00
1.993608e+14	9.572743e-02	2.616714e+00
1.993342e+14	1.014140e-01	2.506537e+00
1.993077e+14	1.066555e-01	2.396470e+00
1.992812e+14	1.113899e-01	2.286511e+00
1.992546e+14	1.155616e-01	2.176658e+00
1.992281e+14	1.191211e-01	2.066903e+00
1.992016e+14	1.220257e-01	1.957236e+00
1.991751e+14	1.242404e-01	1.847648e+00
1.991486e+14	1.257376e-01	1.738124e+00
1.991221e+14	1.264975e-01	1.628651e+00
1.990956e+14	1.265088e-01	1.519213e+00
1.990691e+14	1.257680e-01	1.409794e+00
1.990427e+14	1.242804e-01	1.300379e+00
1.990162e+14	1.220593e-01	1.190952e+00
1.989898e+14	1.191268e-01	1.081500e+00
1.989633e+14	1.155132e-01	9.720110e-01
1.989369e+14	1.112569e-01	8.624742e-01
1.989104e+14	1.064046e-01	7.528825e-01
1.988840e+14	1.010103e-01	6.432309e-01
1.988576e+14	9.513580e-02	5.335173e-01
1.988312e+14	8.884922e-02	4.237423e-01
1.988048e+14	8.222500e-02	3.139094e-01
1.987784e+14	7.534288e-02	2.040244e-01
1.987520e+14	6.828702e-02	9.409500e-02
1.987256e+14	6.114505e-02	-1.586903e-02
1.986992e+14	5.400693e-02	-1.258570e-01
1.986729e+14	4.696387e-02	-2.358574e-01
1.986465e+14	4.010704e-02	-3.458590e-01
1.986201e+14	3.352645e-02	-4.558507e-01
1.985938e+14	2.730971e-02	-5.658227e-01
1.985674e+14	2.154085e-02	-6.757667e-01
1.985411e+14	1.629929e-02	-7.856760e-01
1.985148e+14	1.165875e-02	-8.955463e-01
1.984885e+14	7.686387e-03	-1.005376e+00
1.984622e+14	4.441918e-03	-1.115164e+00
1.984358e+14	1.976936e-03	-1.224914e+00
1.984095e+14	3.342692e-04	-1.334629e+00
1.983832e+14	4.525418e-04	1.697276e+00
1.983570e+14	3.596801e-04	1.587611e+00
1.983307e+14	6.266015e-04	-1.663633e+00
1.983044e+14	2.509717e-03	-1.773278e+00
1.982781e+14	5.282573e-03	-1.882923e+00
1.982519e+14	8.927479e-03	-1.992573e+00
1.982256e+14	1.341617e-02	-2.102233e+00
1.981994e+14	1.870991e-02	-2.211903e+00
1.981732e+14	2.475978e-02	-2.321584e+00
1.981469e+14	3.150702e-02	-2.431269e+00
1.981207e+14	3.888361e-02	-2.540953e+00
1.980945e+14	4.681293e-02	-2.650625e+00
1.980683e+14	5.521067e-02	-2.760273e+00
1.980421e+14	6.398580e-02	-2.869879e+00
1.980159e+14	7.304179e-02	-2.979429e+00
1.979897e+14	8.227786e-02	-3.088901e+00
1.979635e+14	9.159036e-02	3.084907e+00
1.979373e+14	1.008743e-01	2.975644e+00
1.979112e+14	1.100246e-01	2.866514e+00
1.978850e+14	1.189377e-01	2.757531e+00
1.978588e+14	1.275130e-01	2.648711e+00
1.978327e+14	1.356539e-01	2.540061e+00
1.978066e+14	1.432689e-01	2.431589e+00
1.977804e+14	1.502729e-01	2.323294e+00
1.977543e+14	1.565878e-01	2.215175e+00
1.977282e+14	1.621430e-01	2.107223e+00
1.977021e+14	1.668765e-01	1.999425e+00
1.976760e+14	1.707348e-01	1.891765e+00
1.976499e+14	1.736733e-01	1.784222e+00
1.976238e+14	1.756568e-01	1.676771e+00
1.975977e+14	1.766595e-01	1.569385e+00
1.975716e+14	1.766654e-01	1.462037e+00
1.975455e+14	1.756680e-01	1.354697e+00
1.975195e+14	1.736711e-01	1.247336e+00
1.974934e+14	1.706886e-01	1.139926e+00
1.974674e+14	1.667446e-01	1.032440e+00
1.974413e+14	1.618740e-01	9.248552e-01
1.974153e+14	1.561221e-01	8.171520e-01
1.973892e+14	1.495452e-01	7.093150e-01
1.973632e+14	1.422100e-01	6.013337e-01
1.973372e+14	1.341937e-01	4.932026e-01
1.973112e+14	1.255837e-01	3.849215e-01
1.972852e+14	1.164769e-01	2.764952e-01
1.972592e+14	1.069787e-01	1.679336e-01
1.972332e+14	9.720254e-02	5.925032e-02
1.972072e+14	8.726800e-02	-4.953707e-02
1.971812e+14	7.729974e-02	-1.584087e-01
1.971553e+14	6.742576e-02	-2.673429e-01
1.971293e+14	5.777568e-02	-3.763179e-01
1.971034e+14	4.847889e-02	-4.853124e-01
1.970774e+14	3.966280e-02	-5.943069e-01
1.970515e+14	3.145099e-02	-7.032847e-01
1.970255e+14	2.396160e-02	-8.122326e-01
1.969996e+14	1.730578e-02	-9.211417e-01
1.969737e+14	1.158627e-02	-1.030008e+00
1.969478e+14	6.896217e-03	-1.138831e+00
1.969219e+14	3.318089e-03	-1.247616e+00
1.968960e+14	9.227841e-04	-1.356372e+00
1.968701e+14	2.311801e-04	1.676481e+00
1.968442e+14	9.835837e-05	1.567742e+00
1.968183e+14	1.352992e-03	-1.682605e+00
1.967924e+14	4.140337e-03	-1.791393e+00
1.967666e+14	8.266334e-03	-1.900229e+00
1.967407e+14	1.371835e-02	-2.009129e+00
1.967148e+14	2.046806e-02	-2.118102e+00
1.966890e+14	2.847114e-02	-2.227154e+00
1.966632e+14	3.766713e-02	-2.336284e+00
1.966373e+14	4.797949e-02	-2.445485e+00
1.966115e+14	5.931600e-02	-2.554744e+00
1.965857e+14	7.156938e-02	-2.664037e+00
1.965599e+14	8.461839e-02	-2.773337e+00
1.965341e+14	9.832926e-02	-2.882609e+00
1.965083e+14	1.125576e-01	-2.991810e+00
1.964825e+14	1.271505e-01	-3.100896e+00
1.964567e+14	1.419492e-01	3.073367e+00
1.964309e+14	1.567917e-01	2.964655e+00
1.964051e+14	1.715155e-01	2.856202e+00
1.963794e+14	1.859601e-01	2.748051e+00
1.963536e+14	1.999702e-01	2.640240e+00
1.963279e+14	2.133971e-01	2.532802e+00
1.963021e+14	2.261013e-01	2.425757e+00
1.962764e+14	2.379532e-01	2.319119e+00
1.962507e+14	2.488349e-01	2.212889e+00
1.962249e+14	2.586399e-01	2.107058e+00
1.961992e+14	2.672740e-01	2.001604e+00
1.961735e+14	2.746548e-01	1.896495e+00
1.961478e+14	2.807113e-01	1.791690e+00
1.961221e+14	2.853836e-01	1.687135e+00
1.960964e+14	2.886226e-01	1.582772e+00
1.960707e+14	2.903890e-01	1.478532e+00
1.960450e+14	2.906538e-01	1.374346e+00
1.960194e+14	2.893977e-01	1.270137e+00
1.959937e+14	2.866116e-01	1.165830e+00
1.959681e+14	2.822972e-01	1.061350e+00
1.959424e+14	2.764679e-01	9.566260e-01
1.959168e+14	2.691497e-01	8.515903e-01
1.958911e+14	2.603831e-01	7.461841e-01
1.958655e+14	2.502244e-01	6.403575e-01
1.958399e+14	2.387473e-01	5.340714e-01
1.958143e+14	2.260446e-01	4.272996e-01
1.957886e+14	2.122299e-01	3.200292e-01
1.957630e+14	1.974378e-01	2.122613e-01
1.957374e+14	1.818250e-01	1.040110e-01
1.957119e+14	1.655697e-01	-4.693219e-03
1.956863e+14	1.488704e-01	-1.138112e-01
1.956607e+14	1.319439e-01	-2.232931e-01
1.956351e+14	1.150228e-01	-3.330825e-01
1.956096e+14	9.835161e-02	-4.431194e-01
1.955840e+14	8.218294e-02	-5.533438e-01
1.955585e+14	6.677333e-02	-6.637003e-01
1.955329e+14	5.237889e-02	-7.741411e-01
1.955074e+14	3.925137e-02	-8.846296e-01
1.954818e+14	2.763464e-02	-9.951438e-01
1.954563e+14	1.776180e-02	-1.105678e+00
1.954308e+14	9.852907e-03	-1.216245e+00
1.954053e+14	4.113248e-03	-1.326874e+00
1.953798e+14	7.320641e-04	-1.437615e+00
1.953543e+14	1.185802e-04	1.593061e+00
1.953288e+14	1.714960e-03	-1.659703e+00
1.953033e+14	6.366230e-03	-1.771216e+00
1.952779e+14	1.394625e-02	-1.883165e+00
1.952524e+14	2.454010e-02	-1.995643e+00
1.952269e+14	3.820226e-02	-2.108735e+00
1.952015e+14	5.495089e-02	-2.222513e+00
1.951760e+14	7.476094e-02	-2.337027e+00
1.951506e+14	9.755683e-02	-2.452295e+00
1.951251e+14	1.232053e-01	-2.568299e+00
1.950997e+14	1.515093e-01	-2.684976e+00
1.950743e+14	1.822049e-01	-2.802215e+00
1.950489e+14	2.149610e-01	-2.919852e+00
1.950234e+14	2.493851e-01	-3.037674e+00
1.949980e+14	2.850332e-01	3.127762e+00
1.949726e+14	3.214262e-01	3.010379e+00
1.949473e+14	3.580692e-01	2.893680e+00
1.949219e+14	3.944741e-01	2.777990e+00
1.948965e+14	4.301812e-01	2.663628e+00
1.948711e+14	4.647784e-01	2.550894e+00
1.948458e+14	4.979157e-01	2.440050e+00
1.948204e+14	5.293141e-01	2.331315e+00
1.947951e+14	5.587681e-01	2.224858e+00
1.947697e+14	5.861428e-01	2.120796e+00
1.947444e+14	6.113672e-01	2.019191e+00
1.947190e+14	6.344242e-01	1.920060e+00
1.946937e+14	6.553398e-01	1.823372e+00
1.946684e+14	6.741724e-01	1.729062e+00
1.946431e+14	6.910018e-01	1.637032e+00
1.946178e+14	7.059210e-01	1.547157e+00
1.945925e+14	7.190282e-01	1.459295e+00
1.945672e+14	7.304210e-01	1.373285e+00
1.945419e+14	7.401917e-01	1.288957e+00
1.945166e+14	7.484236e-01	1.206129e+00
1.944914e+14	7.551884e-01	1.124615e+00
1.944661e+14	7.605443e-01	1.044222e+00
1.944408e+14	7.645339e-01	9.647500e-01
1.944156e+14	7.671832e-01	8.859957e-01
1.943903e+14	7.685000e-01	8.077486e-01
1.943651e+14	7.684723e-01	7.297913e-01
1.943399e+14	7.670664e-01	6.518974e-01
1.943146e+14	7.642248e-01	5.738300e-01
1.942894e+14	7.598637e-01	4.953390e-01
1.942642e+14	7.538692e-01	4.161587e-01
1.942390e+14	7.460934e-01	3.360046e-01
1.942138e+14	7.363500e-01	2.545709e-01
1.941886e+14	7.244081e-01	1.715271e-01
1.941634e+14	7.099870e-01	8.651576e-02
1.941382e+14	6.927494e-01	-8.497199e-04
1.941131e+14	6.722960e-01	-9.098487e-02
1.940879e+14	6.481623e-01	-1.843318e-01
1.940627e+14	6.198193e-01	-2.813525e-01
1.940376e+14	5.866820e-01	-3.825156e-01
1.940124e+14	5.481307e-01	-4.882743e-01
1.939873e+14	5.035513e-01	-5.990328e-01
1.939622e+14	4.523997e-01	-7.150985e-01
1.939370e+14	3.942960e-01	-8.366211e-01
1.939119e+14	3.291437e-01	-9.635215e-01
1.938868e+14	2.572596e-01	-1.095423e+00
1.938617e+14	1.794814e-01	-1.231602e+00
1.938366e+14	9.721047e-02	-1.370978e+00
1.938115e+14	1.234743e-02	-1.512171e+00
1.937864e+14	7.289083e-02	1.487983e+00
1.937613e+14	1.562401e-01	1.347895e+00
1.937362e+14	2.356710e-01	1.210620e+00
1.937112e+14	3.096069e-01	1.077345e+00
1.936861e+14	3.770266e-01	9.489159e-01
1.936611e+14	4.374542e-01	8.258212e-01
1.936360e+14	4.908667e-01	7.082329e-01
1.936110e+14	5.375674e-01	5.960707e-01
1.935859e+14	5.780604e-01	4.890737e-01
1.935609e+14	6.129475e-01	3.868658e-01
1.935359e+14	6.428538e-01	2.890078e-01
1.935109e+14	6.683808e-01	1.950358e-01
1.934858e+14	6.900791e-01	1.044863e-01
1.934608e+14	7.084368e-01	1.691292e-02
1.934358e+14	7.238764e-01	-6.810582e-02
1.934109e+14	7.367572e-01	-1.509623e-01
1.933859e+14	7.473803e-01	-2.320192e-01
1.933609e+14	7.559952e-01	-3.116111e-01
1.933359e+14	7.628054e-01	-3.900464e-01
1.933110e+14	7.679747e-01	-4.676108e-01
1.932860e+14	7.716316e-01	-5.445696e-01
1.932610e+14	7.738745e-01	-6.211712e-01
1.932361e+14	7.747746e-01	-6.976494e-01
1.932112e+14	7.743793e-01	-7.742261e-01
1.931862e+14	7.727144e-01	-8.511135e-01
1.931613e+14	7.697861e-01	-9.285156e-01
1.931364e+14	7.655825e-01	-1.006630e+00
1.931115e+14	7.600754e-01	-1.085648e+00
1.930865e+14	7.532211e-01	-1.165756e+00
1.930616e+14	7.449617e-01	-1.247136e+00
1.930368e+14	7.352271e-01	-1.329964e+00
1.930119e+14	7.239365e-01	-1.414409e+00
1.929870e+14	7.110009e-01	-1.500631e+00
1.929621e+14	6.963264e-01	-1.588780e+00
1.929372e+14	6.798185e-01	-1.678990e+00
1.929124e+14	6.613878e-01	-1.771376e+00
1.928875e+14	6.409561e-01	-1.866033e+00
1.928627e+14	6.184653e-01	-1.963021e+00
1.928378e+14	5.938864e-01	-2.062370e+00
1.928130e+14	5.672291e-01	-2.164067e+00
1.927882e+14	5.385527e-01	-2.268055e+00
1.927633e+14	5.079743e-01	-2.374229e+00
1.927385e+14	4.756761e-01	-2.482435e+00
1.927137e+14	4.419083e-01	-2.592470e+00
1.926889e+14	4.069878e-01	-2.704090e+00
1.926641e+14	3.712915e-01	-2.817018e+00
1.926393e+14	3.352435e-01	-2.930952e+00
1.926145e+14	2.992991e-01	-3.045582e+00
1.925897e+14	2.639249e-01	3.122583e+00
1.925650e+14	2.295786e-01	3.007459e+00
1.925402e+14	1.966899e-01	2.892489e+00
1.925154e+14	1.656454e-01	2.777889e+00
1.924907e+14	1.367769e-01	2.663833e+00
1.924659e+14	1.103554e-01	2.550446e+00
1.924412e+14	8.658923e-02	2.437805e+00
1.924165e+14	6.562639e-02	2.325947e+00
1.923917e+14	4.755894e-02	2.214870e+00
1.923670e+14	3.242942e-02	2.104541e+00
1.923423e+14	2.023770e-02	1.994902e+00
1.923176e+14	1.094751e-02	1.885880e+00
1.922929e+14	4.492365e-03	1.777391e+00
1.922682e+14	7.803879e-04	1.669347e+00
1.922435e+14	3.018565e-04	-1.579931e+00
1.922188e+14	1.113423e-03	1.454256e+00
1.921941e+14	4.877231e-03	1.347060e+00
1.921694e+14	1.082519e-02	1.240016e+00
1.921448e+14	1.877861e-02	1.133083e+00
1.921201e+14	2.854554e-02	1.026235e+00
1.920955e+14	3.992195e-02	9.194620e-01
1.920708e+14	5.269327e-02	8.127701e-01
1.920462e+14	6.663638e-02	7.061796e-01
1.920215e+14	8.152216e-02	5.997234e-01
1.919969e+14	9.711841e-02	4.934442e-01
1.919723e+14	1.131932e-01	3.873913e-01
1.919477e+14	1.295185e-01	2.816179e-01
1.919231e+14	1.458736e-01	1.761776e-01
1.918985e+14	1.620483e-01	7.112126e-02
1.918739e+14	1.778462e-01	-3.350567e-02
1.918493e+14	1.930868e-01	-1.376657e-01
1.918247e+14	2.076071e-01	-2.413311e-01
1.918001e+14	2.212631e-01	-3.444853e-01
1.917756e+14	2.339296e-01	-4.471235e-01
1.917510e+14	2.455003e-01	-5.492529e-01
1.917264e+14	2.558873e-01	-6.508925e-01
1.917019e+14	2.650193e-01	-7.520723e-01
1.916773e+14	2.728411e-01	-8.528323e-01
1.916528e+14	2.793116e-01	-9.532207e-01
1.916283e+14	2.844026e-01	-1.053293e+00
1.916037e+14	2.880974e-01	-1.153110e+00
1.915792e+14	2.903900e-01	-1.252736e+00
1.915547e+14	2.912835e-01	-1.352238e+00
1.915302e+14	2.907901e-01	-1.451682e+00
1.915057e+14	2.889300e-01	-1.551132e+00
1.914812e+14	2.857320e-01	-1.650652e+00
1.914567e+14	2.812325e-01	-1.750298e+00
1.914322e+14	2.754765e-01	-1.850122e+00
1.914077e+14	2.685177e-01	-1.950169e+00
1.913833e+14	2.604183e-01	-2.050477e+00
1.913588e+14	2.512500e-01	-2.151073e+00
1.913344e+14	2.410940e-01	-2.251976e+00
1.913099e+14	2.300410e-01	-2.353198e+00
1.912855e+14	2.181911e-01	-2.454738e+00
1.912610e+14	2.056535e-01	-2.556588e+00
1.912366e+14	1.925458e-01	-2.658731e+00
1.912122e+14	1.789928e-01	-2.761143e+00
1.911877e+14	1.651255e-01	-2.863794e+00
1.911633e+14	1.510791e-01	-2.966647e+00
1.911389e+14	1.369914e-01	-3.069664e+00
1.911145e+14	1.230009e-01	3.110381e+00
1.910901e+14	1.092443e-01	3.007160e+00
1.910657e+14	9.585454e-02	2.903898e+00
1.910413e+14	8.295922e-02	2.800632e+00
1.910170e+14	7.067823e-02	2.697398e+00
1.909926e+14	5.912242e-02	2.594224e+00
1.909682e+14	4.839226e-02	2.491135e+00
1.909439e+14	3.857678e-02	2.388148e+00
1.909195e+14	2.975286e-02	2.285275e+00
1.908952e+14	2.198474e-02	2.182525e+00
1.908708e+14	1.532381e-02	2.079897e+00
1.908465e+14	9.808620e-03	1.977387e+00
1.908222e+14	5.464956e-03	1.874990e+00
1.907979e+14	2.306155e-03	1.772692e+00
1.907735e+14	3.334176e-04	1.670482e+00
1.907492e+14	4.637867e-04	-1.573247e+00
1.907249e+14	1.072886e-04	-1.675324e+00
1.907006e+14	1.370243e-03	1.364236e+00
1.906763e+14	3.925787e-03	1.262238e+00
1.906521e+14	7.506502e-03	1.160263e+00
1.906278e+14	1.205029e-02	1.058305e+00
1.906035e+14	1.748644e-02	9.563599e-01
1.905792e+14	2.373634e-02	8.544284e-01
1.905550e+14	3.071430e-02	7.525138e-01
1.905307e+14	3.832844e-02	6.506235e-01
1.905065e+14	4.648175e-02	5.487677e-01
1.904822e+14	5.507316e-02	4.469597e-01
1.904580e+14	6.399875e-02	3.452149e-01
1.904338e+14	7.315305e-02	2.435501e-01
1.904096e+14	8.243025e-02	1.419830e-01
1.903853e+14	9.172556e-02	4.053117e-02
1.903611e+14	1.009364e-01	-6.078855e-02
1.903369e+14	1.099637e-01	-1.619610e-01
1.903127e+14	1.187128e-01	-2.629731e-01
1.902885e+14	1.270944e-01	-3.638150e-01
1.902644e+14	1.350257e-01	-4.644798e-01
1.902402e+14	1.424306e-01	-5.649644e-01
1.902160e+14	1.492403e-01	-6.652696e-01
1.901918e+14	1.553941e-01	-7.654000e-01
1.901677e+14	1.608389e-01	-8.653640e-01
1.901435e+14	1.655298e-01	-9.651736e-01
1.901194e+14	1.694300e-01	-1.064844e+00
1.900952e+14	1.725106e-01	-1.164393e+00
1.900711e+14	1.747506e-01	-1.263841e+00
1.900470e+14	1.761370e-01	-1.363211e+00
1.900228e+14	1.766640e-01	-1.462524e+00
1.899987e+14	1.763334e-01	-1.561804e+00
1.899746e+14	1.751543e-01	-1.661074e+00
1.899505e+14	1.731427e-01	-1.760357e+00
1.899264e+14	1.703219e-01	-1.859672e+00
1.899023e+14	1.667216e-01	-1.959039e+00
1.898782e+14	1.623783e-01	-2.058474e+00
1.898542e+14	1.573350e-01	-2.157989e+00
1.898301e+14	1.516406e-01	-2.257596e+00
1.898060e+14	1.453501e-01	-2.357300e+00
1.897819e+14	1.385238e-01	-2.457106e+00
1.897579e+14	1.312271e-01	-2.557013e+00
1.897338e+14	1.235300e-01	-2.657017e+00
1.897098e+14	1.155063e-01	-2.757114e+00
1.896858e+14	1.072328e-01	-2.857292e+00
1.896617e+14	9.878878e-02	-2.957543e+00
1.896377e+14	9.025512e-02	-3.057851e+00
1.896137e+14	8.171314e-02	3.124981e+00
1.895897e+14	7.324386e-02	3.024598e+00
1.895657e+14	6.492701e-02	2.924200e+00
1.895417e+14	5.684007e-02	2.823802e+00
1.895177e+14	4.905747e-02	2.723417e+00
1.894937e+14	4.164967e-02	2.623057e+00
1.894697e+14	3.468246e-02	2.522734e+00
1.894457e+14	2.821629e-02	2.422456e+00
1.894217e+14	2.230569e-02	2.322229e+00
1.893978e+14	1.699882e-02	2.222058e+00
1.893738e+14	1.233707e-02	2.121945e+00
1.893499e+14	8.354832e-03	2.021890e+00
1.893259e+14	5.079254e-03	1.921893e+00
1.893020e+14	2.530176e-03	1.821950e+00
1.892780e+14	7.200769e-04	1.722057e+00
1.892541e+14	3.459011e-04	-1.519384e+00
1.892302e+14	6.698635e-04	-1.619193e+00
1.892063e+14	2.610305e-04	-1.718969e+00
1.891824e+14	8.644468e-04	1.322876e+00
1.891585e+14	2.683717e-03	1.223152e+00
1.891346e+14	5.167506e-03	1.123448e+00
1.891107e+14	8.280441e-03	1.023759e+00
1.890868e+14	1.198143e-02	9.240867e-01
1.890629e+14	1.622407e-02	8.244293e-01
1.890390e+14	2.095717e-02	7.247891e-01
1.890152e+14	2.612523e-02	6.251691e-01
1.889913e+14	3.166907e-02	5.255741e-01
1.889674e+14	3.752644e-02	4.260100e-01
1.889436e+14	4.363269e-02	3.264838e-01
1.889197e+14	4.992148e-02	2.270033e-01
1.888959e+14	5.632551e-02	1.275767e-01
1.888721e+14	6.277724e-02	2.821251e-02
1.888482e+14	6.920965e-02	-7.108113e-02
1.888244e+14	7.555689e-02	-1.702965e-01
1.888006e+14	8.175501e-02	-2.694267e-01
1.887768e+14	8.774259e-02	-3.684662e-01
1.887530e+14	9.346127e-02	-4.674105e-01
1.887292e+14	9.885635e-02	-5.662571e-01
1.887054e+14	1.038772e-01	-6.650050e-01
1.886816e+14	1.084776e-01	-7.636551e-01
1.886578e+14	1.126161e-01	-8.622100e-01
1.886341e+14	1.162564e-01	-9.606744e-01
1.886103e+14	1.193672e-01	-1.059054e+00
1.885865e+14	1.219228e-01	-1.157357e+00
1.885628e+14	1.239029e-01	-1.255593e+00
1.885390e+14	1.252924e-01	-1.353771e+00
1.885153e+14	1.260821e-01	-1.451901e+00
1.884916e+14	1.262680e-01	-1.549996e+00
1.884678e+14	1.258517e-01	-1.648067e+00
1.884441e+14	1.248399e-01	-1.746125e+00
1.884204e+14	1.232448e-01	-1.844180e+00
1.883967e+14	1.210836e-01	-1.942243e+00
1.883730e+14	1.183784e-01	-2.040322e+00
1.883493e+14	1.151561e-01	-2.138425e+00
1.883256e+14	1.114483e-01	-2.236559e+00
1.883019e+14	1.072908e-01	-2.334727e+00
1.882782e+14	1.027232e-01	-2.432934e+00
1.882545e+14	9.778904e-02	-2.531179e+00
1.882309e+14	9.253511e-02	-2.629464e+00
1.882072e+14	8.701099e-02	-2.727785e+00
1.881835e+14	8.126868e-02	-2.826140e+00
1.881599e+14	7.536210e-02	-2.924524e+00
1.881362e+14	6.934653e-02	-3.022932e+00
1.881126e+14	6.327802e-02	-3.121356e+00
1.880890e+14	5.721288e-02	3.063395e+00
1.880653e+14	5.120705e-02	2.964959e+00
1.880417e+14	4.531552e-02	2.866527e+00
1.880181e+14	3.959177e-02	2.768107e+00
1.879945e+14	3.408722e-02	2.669707e+00
1.879709e+14	2.885071e-02	2.571331e+00
1.879473e+14	2.392803e-02	2.472985e+00
1.879237e+14	1.936151e-02	2.374673e+00
1.879001e+14	1.518958e-02	2.276398e+00
1.878765e+14	1.144650e-02	2.178164e+00
1.878529e+14	8.162062e-03	2.079970e+00
1.878294e+14	5.361347e-03	1.981817e+00
1.878058e+14	3.064590e-03	1.883704e+00
1.877822e+14	1.287036e-03	1.785629e+00
1.877587e+14	3.887820e-05	1.687591e+00
1.877351e+14	6.747772e-04	-1.552007e+00
1.877116e+14	8.538893e-04	-1.649981e+00
1.876881e+14	5.034283e-04	-1.747928e+00
1.876645e+14	3.667215e-04	1.295743e+00
1.876410e+14	1.741896e-03	1.197843e+00
1.876175e+14	3.602825e-03	1.099964e+00
1.875940e+14	5.925840e-03	1.002103e+00
1.875705e+14	8.683123e-03	9.042593e-01
1.875470e+14	1.184299e-02	8.064338e-01
1.875235e+14	1.537021e-02	7.086269e-01
1.875000e+14	1.922637e-02	6.108405e-01
("port 2","TE",1,"port 1",1,"modulation")
(1,1)
0.00200
(500,3)
2.000000e+14	9.999875e-01	-2.575944e+00
1.999733e+14	9.999966e-01	-2.687144e+00
1.999466e+14	9.999996e-01	-2.798309e+00
1.999199e+14	1.000000e+00	-2.909440e+00
1.998932e+14	9.999998e-01	-3.020541e+00
1.998665e+14	9.999999e-01	-3.131616e+00
1.998398e+14	9.999999e-01	3.040515e+00
1.998131e+14	9.999979e-01	2.929479e+00
1.997865e+14	9.999905e-01	2.818456e+00
1.997598e+14	9.999734e-01	2.707444e+00
1.997332e+14	9.999411e-01	2.596441e+00
1.997065e+14	9.998872e-01	2.485447e+00
1.996799e+14	9.998055e-01	2.374464e+00
1.996532e+14	9.996892e-01	2.263494e+00
1.996266e+14	9.995323e-01	2.152542e+00
1.996000e+14	9.993297e-01	2.041615e+00
1.995734e+14	9.990773e-01	1.930721e+00
1.995468e+14	9.987728e-01	1.819869e+00
1.995202e+14	9.984156e-01	1.709069e+00
1.994936e+14	9.980074e-01	1.598332e+00
1.994670e+14	9.975519e-01	1.487667e+00
1.994404e+14	9.970552e-01	1.377084e+00
1.994139e+14	9.965253e-01	1.266594e+00
1.993873e+14	9.959722e-01	1.156203e+00
1.993608e+14	9.954076e-01	1.045917e+00
1.993342e+14	9.948443e-01	9.357403e-01
1.993077e+14	9.942960e-01	8.256734e-01
1.992812e+14	9.937768e-01	7.157152e-01
1.992546e+14	9.933003e-01	6.058616e-01
1.992281e+14	9.928797e-01	4.961062e-01
1.992016e+14	9.925269e-01	3.864400e-01
1.991751e+14	9.922521e-01	2.768516e-01
1.991486e+14	9.920635e-01	1.673281e-01
1.991221e+14	9.919669e-01	5.785503e-02
1.990956e+14	9.919655e-01	-5.158302e-02
1.990691e+14	9.920597e-01	-1.610019e-01
1.990427e+14	9.922471e-01	-2.704172e-01
1.990162e+14	9.925228e-01	-3.798439e-01
1.989898e+14	9.928790e-01	-4.892960e-01
1.989633e+14	9.933059e-01	-5.987854e-01
1.989369e+14	9.937917e-01	-7.083221e-01
1.989104e+14	9.943229e-01	-8.179138e-01
1.988840e+14	9.948854e-01	-9.275654e-01
1.988576e+14	9.954643e-01	-1.037279e+00
1.988312e+14	9.960451e-01	-1.147054e+00
1.988048e+14	9.966138e-01	-1.256887e+00
1.987784e+14	9.971577e-01	-1.366772e+00
1.987520e+14	9.976657e-01	-1.476701e+00
1.987256e+14	9.981289e-01	-1.586665e+00
1.986992e+14	9.985406e-01	-1.696653e+00
1.986729e+14	9.988966e-01	-1.806654e+00
1.986465e+14	9.991954e-01	-1.916655e+00
1.986201e+14	9.994378e-01	-2.026647e+00
1.985938e+14	9.996270e-01	-2.136619e+00
1.985674e+14	9.997680e-01	-2.246563e+00
1.985411e+14	9.998672e-01	-2.356472e+00
1.985148e+14	9.999320e-01	-2.466343e+00
1.984885e+14	9.999705e-01	-2.576172e+00
1.984622e+14	9.999901e-01	-2.685960e+00
1.984358e+14	9.999980e-01	-2.795710e+00
1.984095e+14	9.999999e-01	-2.905426e+00
1.983832e+14	9.999999e-01	-3.015113e+00
1.983570e+14	9.999999e-01	-3.124778e+00
1.983307e+14	9.999998e-01	3.048756e+00
1.983044e+14	9.999969e-01	2.939111e+00
1.982781e+14	9.999860e-01	2.829466e+00
1.982519e+14	9.999601e-01	2.719816e+00
1.982256e+14	9.999100e-01	2.610156e+00
1.981994e+14	9.998250e-01	2.500486e+00
1.981732e+14	9.996934e-01	2.390805e+00
1.981469e+14	9.995035e-01	2.281120e+00
1.981207e+14	9.992437e-01	2.171436e+00
1.980945e+14	9.989037e-01	2.061764e+00
1.980683e+14	9.984747e-01	1.952116e+00
1.980421e+14	9.979508e-01	1.842510e+00
1.980159e+14	9.973289e-01	1.732960e+00
1.979897e+14	9.966094e-01	1.623488e+00
1.979635e+14	9.957968e-01	1.514110e+00
1.979373e+14	9.948992e-01	1.404848e+00
1.979112e+14	9.939289e-01	1.295717e+00
1.978850e+14	9.929017e-01	1.186735e+00
1.978588e+14	9.918369e-01	1.077914e+00
1.978327e+14	9.907563e-01	9.692649e-01
1.978066e+14	9.896838e-01	8.607923e-01
1.977804e+14	9.886445e-01	7.524980e-01
1.977543e+14	9.876640e-01	6.443788e-01
1.977282e+14	9.867673e-01	5.364267e-01
1.977021e+14	9.859778e-01	4.286290e-01
1.976760e+14	9.853170e-01	3.209689e-01
1.976499e+14	9.848033e-01	2.134253e-01
1.976238e+14	9.844515e-01	1.059743e-01
1.975977e+14	9.842720e-01	-1.410987e-03
1.975716e+14	9.842710e-01	-1.087589e-01
1.975455e+14	9.844495e-01	-2.160989e-01
1.975195e+14	9.848037e-01	-3.234600e-01
1.974934e+14	9.853250e-01	-4.308705e-01
1.974674e+14	9.860001e-01	-5.383564e-01
1.974413e+14	9.868114e-01	-6.459412e-01
1.974153e+14	9.877378e-01	-7.536443e-01
1.973892e+14	9.887549e-01	-8.614813e-01
1.973632e+14	9.898365e-01	-9.694626e-01
1.973372e+14	9.909551e-01	-1.077594e+00
1.973112e+14	9.920830e-01	-1.185875e+00
1.972852e+14	9.931934e-01	-1.294301e+00
1.972592e+14	9.942613e-01	-1.402863e+00
1.972332e+14	9.952646e-01	-1.511546e+00
1.972072e+14	9.961849e-01	-1.620333e+00
1.971812e+14	9.970079e-01	-1.729205e+00
1.971553e+14	9.977243e-01	-1.838139e+00
1.971293e+14	9.983296e-01	-1.947114e+00
1.971034e+14	9.988242e-01	-2.056109e+00
1.970774e+14	9.992131e-01	-2.165103e+00
1.970515e+14	9.995053e-01	-2.274081e+00
1.970255e+14	9.997129e-01	-2.383029e+00
1.969996e+14	9.998502e-01	-2.491938e+00
1.969737e+14	9.999329e-01	-2.600804e+00
1.969478e+14	9.999762e-01	-2.709627e+00
1.969219e+14	9.999945e-01	-2.818412e+00
1.968960e+14	9.999996e-01	-2.927168e+00
1.968701e+14	1.000000e+00	-3.035908e+00
1.968442e+14	1.000000e+00	3.138539e+00
1.968183e+14	9.999991e-01	3.029784e+00
1.967924e+14	9.999914e-01	2.920996e+00
1.967666e+14	9.999658e-01	2.812160e+00
1.967407e+14	9.999059e-01	2.703260e+00
1.967148e+14	9.997905e-01	2.594287e+00
1.966890e+14	9.995946e-01	2.485235e+00
1.966632e+14	9.992903e-01	2.376105e+00
1.966373e+14	9.988483e-01	2.266904e+00
1.966115e+14	9.982393e-01	2.157645e+00
1.965857e+14	9.974356e-01	2.048352e+00
1.965599e+14	9.964134e-01	1.939052e+00
1.965341e+14	9.951539e-01	1.829780e+00
1.965083e+14	9.936452e-01	1.720579e+00
1.964825e+14	9.918834e-01	1.611493e+00
1.964567e+14	9.898739e-01	1.502570e+00
1.964309e+14	9.876317e-01	1.393858e+00
1.964051e+14	9.851814e-01	1.285405e+00
1.963794e+14	9.825573e-01	1.177254e+00
1.963536e+14	9.798020e-01	1.069444e+00
1.963279e+14	9.769655e-01	9.620053e-01
1.963021e+14	9.741038e-01	8.549607e-01
1.962764e+14	9.712766e-01	7.483227e-01
1.962507e+14	9.685459e-01	6.420929e-01
1.962249e+14	9.659738e-01	5.362615e-01
1.961992e+14	9.636206e-01	4.308076e-01
1.961735e+14	9.615429e-01	3.256991e-01
1.961478e+14	9.597923e-01	2.208935e-01
1.961221e+14	9.584134e-01	1.163390e-01
1.960964e+14	9.574430e-01	1.197537e-02
1.960707e+14	9.569087e-01	-9.226391e-02
1.960450e+14	9.568283e-01	-1.964506e-01
1.960194e+14	9.572090e-01	-3.006594e-01
1.959937e+14	9.580469e-01	-4.049662e-01
1.959681e+14	9.593270e-01	-5.094459e-01
1.959424e+14	9.610232e-01	-6.141703e-01
1.959168e+14	9.630984e-01	-7.192060e-01
1.958911e+14	9.655054e-01	-8.246122e-01
1.958655e+14	9.681879e-01	-9.304389e-01
1.958399e+14	9.710817e-01	-1.036725e+00
1.958143e+14	9.741169e-01	-1.143497e+00
1.957886e+14	9.772198e-01	-1.250767e+00
1.957630e+14	9.803154e-01	-1.358535e+00
1.957374e+14	9.833309e-01	-1.466785e+00
1.957119e+14	9.861981e-01	-1.575490e+00
1.956863e+14	9.888567e-01	-1.684608e+00
1.956607e+14	9.912572e-01	-1.794089e+00
1.956351e+14	9.933628e-01	-1.903879e+00
1.956096e+14	9.951517e-01	-2.013916e+00
1.955840e+14	9.966173e-01	-2.124140e+00
1.955585e+14	9.977682e-01	-2.234497e+00
1.955329e+14	9.986273e-01	-2.344937e+00
1.955074e+14	9.992294e-01	-2.455426e+00
1.954818e+14	9.996181e-01	-2.565940e+00
1.954563e+14	9.998422e-01	-2.676474e+00
1.954308e+14	9.999515e-01	-2.787041e+00
1.954053e+14	9.999915e-01	-2.897670e+00
1.953798e+14	9.999997e-01	-3.008411e+00
1.953543e+14	1.000000e+00	-3.119328e+00
1.953288e+14	9.999985e-01	3.052686e+00
1.953033e+14	9.999797e-01	2.941173e+00
1.952779e+14	9.999027e-01	2.829224e+00
1.952524e+14	9.996988e-01	2.716746e+00
1.952269e+14	9.992700e-01	2.603654e+00
1.952015e+14	9.984891e-01	2.489876e+00
1.951760e+14	9.972015e-01	2.375362e+00
1.951506e+14	9.952300e-01	2.260094e+00
1.951251e+14	9.923812e-01	2.144090e+00
1.950997e+14	9.884558e-01	2.027413e+00
1.950743e+14	9.832606e-01	1.910174e+00
1.950489e+14	9.766226e-01	1.792537e+00
1.950234e+14	9.684044e-01	1.674715e+00
1.949980e+14	9.585176e-01	1.556966e+00
1.949726e+14	9.469346e-01	1.439583e+00
1.949473e+14	9.336950e-01	1.322883e+00
1.949219e+14	9.189070e-01	1.207193e+00
1.948965e+14	9.027425e-01	1.092832e+00
1.948711e+14	8.854270e-01	9.800977e-01
1.948458e+14	8.672254e-01	8.692535e-01
1.948204e+14	8.484259e-01	7.605187e-01
1.947951e+14	8.293240e-01	6.540621e-01
1.947697e+14	8.102078e-01	5.499997e-01
1.947444e+14	7.913471e-01	4.483951e-01
1.947190e+14	7.729851e-01	3.492635e-01
1.946937e+14	7.553342e-01	2.525760e-01
1.946684e+14	7.385740e-01	1.582661e-01
1.946431e+14	7.228530e-01	6.623566e-02
1.946178e+14	7.082906e-01	-2.363892e-02
1.945925e+14	6.949809e-01	-1.115015e-01
1.945672e+14	6.829972e-01	-1.975113e-01
1.945419e+14	6.723959e-01	-2.818398e-01
1.945166e+14	6.632210e-01	-3.646673e-01
1.944914e+14	6.555078e-01	-4.461810e-01
1.944661e+14	6.492861e-01	-5.265745e-01
1.944408e+14	6.445835e-01	-6.060463e-01
1.944156e+14	6.414280e-01	-6.848006e-01
1.943903e+14	6.398497e-01	-7.630477e-01
1.943651e+14	6.398831e-01	-8.410051e-01
1.943399e+14	6.415678e-01	-9.188989e-01
1.943146e+14	6.449499e-01	-9.969663e-01
1.942894e+14	6.500824e-01	-1.075457e+00
1.942642e+14	6.570246e-01	-1.154638e+00
1.942390e+14	6.658413e-01	-1.234792e+00
1.942138e+14	6.766009e-01	-1.316225e+00
1.941886e+14	6.893714e-01	-1.399269e+00
1.941634e+14	7.042148e-01	-1.484281e+00
1.941382e+14	7.211784e-01	-1.571646e+00
1.941131e+14	7.402824e-01	-1.661781e+00
1.940879e+14	7.615022e-01	-1.755128e+00
1.940627e+14	7.847446e-01	-1.852149e+00
1.940376e+14	8.098174e-01	-1.953312e+00
1.940124e+14	8.363927e-01	-2.059071e+00
1.939873e+14	8.639653e-01	-2.169829e+00
1.939622e+14	8.918153e-01	-2.285895e+00
1.939370e+14	9.189835e-01	-2.407417e+00
1.939119e+14	9.442798e-01	-2.534318e+00
1.938868e+14	9.663423e-01	-2.666219e+00
1.938617e+14	9.837614e-01	-2.802398e+00
1.938366e+14	9.952638e-01	-2.941775e+00
1.938115e+14	9.999238e-01	-3.082967e+00
1.937864e+14	9.973399e-01	3.058779e+00
1.937613e+14	9.877191e-01	2.918692e+00
1.937362e+14	9.718329e-01	2.781416e+00
1.937112e+14	9.508646e-01	2.648141e+00
1.936861e+14	9.262024e-01	2.519712e+00
1.936611e+14	8.992407e-01	2.396618e+00
1.936360e+14	8.712347e-01	2.279029e+00
1.936110e+14	8.432208e-01	2.166867e+00
1.935859e+14	8.159940e-01	2.059870e+00
1.935609e+14	7.901237e-01	1.957662e+00
1.935359e+14	7.659889e-01	1.859804e+00
1.935109e+14	7.438193e-01	1.765832e+00
1.934858e+14	7.237340e-01	1.675283e+00
1.934608e+14	7.057742e-01	1.587709e+00
1.934358e+14	6.899297e-01	1.502691e+00
1.934109e+14	6.761574e-01	1.419834e+00
1.933859e+14	6.643965e-01	1.338777e+00
1.933609e+14	6.545772e-01	1.259185e+00
1.933359e+14	6.466281e-01	1.180750e+00
1.933110e+14	6.404802e-01	1.103186e+00
1.932860e+14	6.360697e-01	1.026227e+00
1.932610e+14	6.333390e-01	9.496252e-01
1.932361e+14	6.322375e-01	8.731470e-01
1.932112e+14	6.327216e-01	7.965702e-01
1.931862e+14	6.347538e-01	7.196828e-01
1.931613e+14	6.383020e-01	6.422807e-01
1.931364e+14	6.433377e-01	5.641665e-01
1.931115e+14	6.498348e-01	4.851485e-01
1.930865e+14	6.577674e-01	4.050401e-01
1.930616e+14	6.671072e-01	3.236598e-01
1.930368e+14	6.778208e-01	2.408319e-01
1.930119e+14	6.898666e-01	1.563871e-01
1.929870e+14	7.031911e-01	7.016507e-02
1.929621e+14	7.177253e-01	-1.798351e-02
1.929372e+14	7.333804e-01	-1.081933e-01
1.929124e+14	7.500441e-01	-2.005801e-01
1.928875e+14	7.675775e-01	-2.952362e-01
1.928627e+14	7.858121e-01	-3.922245e-01
1.928378e+14	8.045489e-01	-4.915732e-01
1.928130e+14	8.235600e-01	-5.932702e-01
1.927882e+14	8.425918e-01	-6.972585e-01
1.927633e+14	8.613722e-01	-8.034327e-01
1.927385e+14	8.796205e-01	-9.116383e-01
1.927137e+14	8.970602e-01	-1.021673e+00
1.926889e+14	9.134336e-01	-1.133294e+00
1.926641e+14	9.285164e-01	-1.246221e+00
1.926393e+14	9.421315e-01	-1.360155e+00
1.926145e+14	9.541593e-01	-1.474785e+00
1.925897e+14	9.645432e-01	-1.589806e+00
1.925650e+14	9.732901e-01	-1.704930e+00
1.925402e+14	9.804657e-01	-1.819900e+00
1.925154e+14	9.861854e-01	-1.934500e+00
1.924907e+14	9.906019e-01	-2.048556e+00
1.924659e+14	9.938922e-01	-2.161943e+00
1.924412e+14	9.962441e-01	-2.274584e+00
1.924165e+14	9.978443e-01	-2.386442e+00
1.923917e+14	9.988684e-01	-2.497519e+00
1.923670e+14	9.994740e-01	-2.607848e+00
1.923423e+14	9.997952e-01	-2.717487e+00
1.923176e+14	9.999401e-01	-2.826509e+00
1.922929e+14	9.999899e-01	-2.934998e+00
1.922682e+14	9.999997e-01	-3.043042e+00
1.922435e+14	1.000000e+00	3.132458e+00
1.922188e+14	9.999994e-01	3.025052e+00
1.921941e+14	9.999881e-01	2.917856e+00
1.921694e+14	9.999414e-01	2.810813e+00
1.921448e+14	9.998237e-01	2.703880e+00
1.921201e+14	9.995925e-01	2.597031e+00
1.920955e+14	9.992028e-01	2.490258e+00
1.920708e+14	9.986107e-01	2.383566e+00
1.920462e+14	9.977773e-01	2.276976e+00
1.920215e+14	9.966715e-01	2.170520e+00
1.919969e+14	9.952728e-01	2.064241e+00
1.919723e+14	9.935730e-01	1.958188e+00
1.919477e+14	9.915770e-01	1.852414e+00
1.919231e+14	9.893032e-01	1.746974e+00
1.918985e+14	9.867828e-01	1.641918e+00
1.918739e+14	9.840583e-01	1.537291e+00
1.918493e+14	9.811817e-01	1.433131e+00
1.918247e+14	9.782123e-01	1.329465e+00
1.918001e+14	9.752142e-01	1.226311e+00
1.917756e+14	9.722535e-01	1.123673e+00
1.917510e+14	9.693965e-01	1.021543e+00
1.917264e+14	9.667066e-01	9.199038e-01
1.917019e+14	9.642431e-01	8.187240e-01
1.916773e+14	9.620591e-01	7.179641e-01
1.916528e+14	9.602005e-01	6.175756e-01
1.916283e+14	9.587050e-01	5.175033e-01
1.916037e+14	9.576011e-01	4.176861e-01
1.915792e+14	9.569084e-01	3.180599e-01
1.915547e+14	9.566368e-01	2.185582e-01
1.915302e+14	9.567869e-01	1.191146e-01
1.915057e+14	9.573502e-01	1.966410e-02
1.914812e+14	9.583096e-01	-7.985536e-02
1.914567e+14	9.596397e-01	-1.795013e-01
1.914322e+14	9.613078e-01	-2.793255e-01
1.914077e+14	9.632748e-01	-3.793728e-01
1.913833e+14	9.654959e-01	-4.796803e-01
1.913588e+14	9.679222e-01	-5.802762e-01
1.913344e+14	9.705018e-01	-6.811800e-01
1.913099e+14	9.731809e-01	-7.824016e-01
1.912855e+14	9.759061e-01	-8.839415e-01
1.912610e+14	9.786249e-01	-9.857914e-01
1.912366e+14	9.812880e-01	-1.087935e+00
1.912122e+14	9.838504e-01	-1.190347e+00
1.911877e+14	9.862726e-01	-1.292997e+00
1.911633e+14	9.885217e-01	-1.395851e+00
1.911389e+14	9.905722e-01	-1.498868e+00
1.911145e+14	9.924066e-01	-1.602008e+00
1.910901e+14	9.940149e-01	-1.705229e+00
1.910657e+14	9.953954e-01	-1.808491e+00
1.910413e+14	9.965529e-01	-1.911757e+00
1.910170e+14	9.974992e-01	-2.014991e+00
1.909926e+14	9.982507e-01	-2.118165e+00
1.909682e+14	9.988284e-01	-2.221254e+00
1.909439e+14	9.992556e-01	-2.324241e+00
1.909195e+14	9.995573e-01	-2.427114e+00
1.908952e+14	9.997583e-01	-2.529864e+00
1.908708e+14	9.998826e-01	-2.632492e+00
1.908465e+14	9.999519e-01	-2.735002e+00
1.908222e+14	9.999851e-01	-2.837399e+00
1.907979e+14	9.999973e-01	-2.939697e+00
1.907735e+14	9.999999e-01	-3.041907e+00
1.907492e+14	9.999999e-01	3.139142e+00
1.907249e+14	1.000000e+00	3.037065e+00
1.907006e+14	9.999991e-01	2.935033e+00
1.906763e+14	9.999923e-01	2.833034e+00
1.906521e+14	9.999718e-01	2.731059e+00
1.906278e+14	9.999274e-01	2.629101e+00
1.906035e+14	9.998471e-01	2.527156e+00
1.905792e+14	9.997183e-01	2.425225e+00
1.905550e+14	9.995282e-01	2.323310e+00
1.905307e+14	9.992652e-01	2.221420e+00
1.905065e+14	9.989191e-01	2.119564e+00
1.904822e+14	9.984823e-01	2.017756e+00
1.904580e+14	9.979500e-01	1.916011e+00
1.904338e+14	9.973207e-01	1.814346e+00
1.904096e+14	9.965968e-01	1.712779e+00
1.903853e+14	9.957843e-01	1.611327e+00
1.903611e+14	9.948929e-01	1.510008e+00
1.903369e+14	9.939356e-01	1.408835e+00
1.903127e+14	9.929286e-01	1.307823e+00
1.902885e+14	9.918906e-01	1.206981e+00
1.902644e+14	9.908421e-01	1.106317e+00
1.902402e+14	9.898048e-01	1.005832e+00
1.902160e+14	9.888010e-01	9.055267e-01
1.901918e+14	9.878526e-01	8.053963e-01
1.901677e+14	9.869807e-01	7.054323e-01
1.901435e+14	9.862048e-01	6.056227e-01
1.901194e+14	9.855422e-01	5.059523e-01
1.900952e+14	9.850077e-01	4.064031e-01
1.900711e+14	9.846127e-01	3.069548e-01
1.900470e+14	9.843657e-01	2.075857e-01
1.900228e+14	9.842712e-01	1.082727e-01
1.899987e+14	9.843305e-01	8.992577e-03
1.899746e+14	9.845410e-01	-9.027768e-02
1.899505e+14	9.848967e-01	-1.895602e-01
1.899264e+14	9.853885e-01	-2.888757e-01
1.899023e+14	9.860040e-01	-3.882427e-01
1.898782e+14	9.867286e-01	-4.876774e-01
1.898542e+14	9.875453e-01	-5.871930e-01
1.898301e+14	9.884357e-01	-6.867997e-01
1.898060e+14	9.893803e-01	-7.865042e-01
1.897819e+14	9.903591e-01	-8.863098e-01
1.897579e+14	9.913523e-01	-9.862165e-01
1.897338e+14	9.923408e-01	-1.086221e+00
1.897098e+14	9.933068e-01	-1.186317e+00
1.896858e+14	9.942339e-01	-1.286496e+00
1.896617e+14	9.951084e-01	-1.386746e+00
1.896377e+14	9.959187e-01	-1.487055e+00
1.896137e+14	9.966559e-01	-1.587408e+00
1.895897e+14	9.973141e-01	-1.687791e+00
1.895657e+14	9.978900e-01	-1.788189e+00
1.895417e+14	9.983833e-01	-1.888587e+00
1.895177e+14	9.987960e-01	-1.988972e+00
1.894937e+14	9.991323e-01	-2.089331e+00
1.894697e+14	9.993984e-01	-2.189655e+00
1.894457e+14	9.996018e-01	-2.289933e+00
1.894217e+14	9.997512e-01	-2.390160e+00
1.893978e+14	9.998555e-01	-2.490331e+00
1.893738e+14	9.999239e-01	-2.590444e+00
1.893499e+14	9.999651e-01	-2.690499e+00
1.893259e+14	9.999871e-01	-2.790496e+00
1.893020e+14	9.999968e-01	-2.890439e+00
1.892780e+14	9.999997e-01	-2.990332e+00
1.892541e+14	9.999999e-01	-3.090180e+00
1.892302e+14	9.999998e-01	3.093196e+00
1.892063e+14	1.000000e+00	2.993420e+00
1.891824e+14	9.999996e-01	2.893673e+00
1.891585e+14	9.999964e-01	2.793949e+00
1.891346e+14	9.999866e-01	2.694244e+00
1.891107e+14	9.999657e-01	2.594556e+00
1.890868e+14	9.999282e-01	2.494883e+00
1.890629e+14	9.998684e-01	2.395226e+00
1.890390e+14	9.997804e-01	2.295585e+00
1.890152e+14	9.996587e-01	2.195965e+00
1.889913e+14	9.994984e-01	2.096370e+00
1.889674e+14	9.992956e-01	1.996806e+00
1.889436e+14	9.990476e-01	1.897280e+00
1.889197e+14	9.987531e-01	1.797800e+00
1.888959e+14	9.984125e-01	1.698373e+00
1.888721e+14	9.980276e-01	1.599009e+00
1.888482e+14	9.976021e-01	1.499715e+00
1.888244e+14	9.971415e-01	1.400500e+00
1.888006e+14	9.966525e-01	1.301370e+00
1.887768e+14	9.961432e-01	1.202330e+00
1.887530e+14	9.956229e-01	1.103386e+00
1.887292e+14	9.951017e-01	1.004539e+00
1.887054e+14	9.945901e-01	9.057913e-01
1.886816e+14	9.940989e-01	8.071412e-01
1.886578e+14	9.936386e-01	7.085863e-01
1.886341e+14	9.932192e-01	6.101219e-01
1.886103e+14	9.928502e-01	5.117420e-01
1.885865e+14	9.925396e-01	4.134388e-01
1.885628e+14	9.922944e-01	3.152034e-01
1.885390e+14	9.921199e-01	2.170257e-01
1.885153e+14	9.920198e-01	1.188950e-01
1.884916e+14	9.919962e-01	2.079995e-02
1.884678e+14	9.920491e-01	-7.727078e-02
1.884441e+14	9.921769e-01	-1.753284e-01
1.884204e+14	9.923763e-01	-2.733836e-01
1.883967e+14	9.926423e-01	-3.714463e-01
1.883730e+14	9.929686e-01	-4.695255e-01
1.883493e+14	9.933474e-01	-5.676288e-01
1.883256e+14	9.937702e-01	-6.657623e-01
1.883019e+14	9.942277e-01	-7.639308e-01
1.882782e+14	9.947100e-01	-8.621372e-01
1.882545e+14	9.952072e-01	-9.603829e-01
1.882309e+14	9.957094e-01	-1.058667e+00
1.882072e+14	9.962074e-01	-1.156989e+00
1.881835e+14	9.966922e-01	-1.255344e+00
1.881599e+14	9.971562e-01	-1.353728e+00
1.881362e+14	9.975926e-01	-1.452136e+00
1.881126e+14	9.979959e-01	-1.550560e+00
1.880890e+14	9.983620e-01	-1.648994e+00
1.880653e+14	9.986881e-01	-1.747430e+00
1.880417e+14	9.989727e-01	-1.845862e+00
1.880181e+14	9.992159e-01	-1.944282e+00
1.879945e+14	9.994189e-01	-2.042682e+00
1.879709e+14	9.995837e-01	-2.141058e+00
1.879473e+14	9.997137e-01	-2.239404e+00
1.879237e+14	9.998125e-01	-2.337716e+00
1.879001e+14	9.998846e-01	-2.435990e+00
1.878765e+14	9.999345e-01	-2.534225e+00
1.878529e+14	9.999667e-01	-2.632419e+00
1.878294e+14	9.999856e-01	-2.730572e+00
1.878058e+14	9.999953e-01	-2.828685e+00
1.877822e+14	9.999992e-01	-2.926760e+00
1.877587e+14	1.000000e+00	-3.024798e+00
1.877351e+14	9.999998e-01	-3.122803e+00
1.877116e+14	9.999996e-01	3.062408e+00
1.876881e+14	9.999999e-01	2.964461e+00
1.876645e+14	9.999999e-01	2.866540e+00
1.876410e+14	9.999985e-01	2.768640e+00
1.876175e+14	9.999935e-01	2.670760e+00
1.875940e+14	9.999824e-01	2.572899e+00
1.875705e+14	9.999623e-01	2.475056e+00
1.875470e+14	9.999299e-01	2.377230e+00
1.875235e+14	9.998819e-01	2.279423e+00
1.875000e+14	9.998152e-01	2.181637e+00
("port 2","TE",1,"port 2",1,"modulation")
(1,1)
0.00200
(500,3)
2.000000e+14	4.992768e-03	-1.005147e+00
1.999733e+14	2.615505e-03	-1.116348e+00
1.999466e+14	8.552922e-04	-1.227513e+00
1.999199e+14	2.583991e-04	1.802949e+00
1.998932e+14	7.037583e-04	1.691848e+00
1.998665e+14	4.669350e-04	1.580773e+00
1.998398e+14	4.577479e-04	-1.671874e+00
1.998131e+14	2.067663e-03	-1.782910e+00
1.997865e+14	4.351836e-03	-1.893933e+00
1.997598e+14	7.290982e-03	-2.004945e+00
1.997332e+14	1.085765e-02	-2.115948e+00
1.997065e+14	1.501644e-02	-2.226942e+00
1.996799e+14	1.972437e-02	-2.337925e+00
1.996532e+14	2.493125e-02	-2.448895e+00
1.996266e+14	3.058031e-02	-2.559847e+00
1.996000e+14	3.660878e-02	-2.670774e+00
1.995734e+14	4.294867e-02	-2.781668e+00
1.995468e+14	4.952764e-02	-2.892520e+00
1.995202e+14	5.626986e-02	-3.003320e+00
1.994936e+14	6.309708e-02	-3.114057e+00
1.994670e+14	6.992958e-02	3.058463e+00
1.994404e+14	7.668732e-02	2.947881e+00
1.994139e+14	8.329088e-02	2.837390e+00
1.993873e+14	8.966258e-02	2.726999e+00
1.993608e+14	9.572743e-02	2.616714e+00
1.993342e+14	1.014140e-01	2.506537e+00
1.993077e+14	1.066555e-01	2.396470e+00
1.992812e+14	1.113899e-01	2.286511e+00
1.992546e+14	1.155616e-01	2.176658e+00
1.992281e+14	1.191211e-01	2.066903e+00
1.992016e+14	1.220257e-01	1.957236e+00
1.991751e+14	1.242404e-01	1.847648e+00
1.991486e+14	1.257376e-01	1.738124e+00
1.991221e+14	1.264975e-01	1.628651e+00
1.990956e+14	1.265088e-01	1.519213e+00
1.990691e+14	1.257680e-01	1.409794e+00
1.990427e+14	1.242804e-01	1.300379e+00
1.990162e+14	1.220593e-01	1.190952e+00
1.989898e+14	1.191268e-01	1.081500e+00
1.989633e+14	1.155132e-01	9.720110e-01
1.989369e+14	1.112569e-01	8.624742e-01
1.989104e+14	1.064046e-01	7.528825e-01
1.988840e+14	1.010103e-01	6.432309e-01
1.988576e+14	9.513580e-02	5.335173e-01
1.988312e+14	8.884922e-02	4.237423e-01
1.988048e+14	8.222500e-02	3.139094e-01
1.987784e+14	7.534288e-02	2.040244e-01
1.987520e+14	6.828702e-02	9.409500e-02
1.987256e+14	6.114505e-02	-1.586903e-02
1.986992e+14	5.400693e-02	-1.258570e-01
1.986729e+14	4.696387e-02	-2.358574e-01
1.986465e+14	4.010704e-02	-3.458590e-01
1.986201e+14	3.352645e-02	-4.558507e-01
1.985938e+14	2.730971e-02	-5.658227e-01
1.985674e+14	2.154085e-02	-6.757667e-01
1.985411e+14	1.629929e-02	-7.856760e-01
1.985148e+14	1.165875e-02	-8.955463e-01
1.984885e+14	7.686387e-03	-1.005376e+00
1.984622e+14	4.441918e-03	-1.115164e+00
1.984358e+14	1.976936e-03	-1.224914e+00
1.984095e+14	3.342692e-04	-1.334629e+00
1.983832e+14	4.525418e-04	1.697276e+00
1.983570e+14	3.596801e-04	1.587611e+00
1.983307e+14	6.266015e-04	-1.663633e+00
1.983044e+14	2.509717e-03	-1.773278e+00
1.982781e+14	5.282573e-03	-1.882923e+00
1.982519e+14	8.927479e-03	-1.992573e+00
1.982256e+14	1.341617e-02	-2.102233e+00
1.981994e+14	1.870991e-02	-2.211903e+00
1.981732e+14	2.475978e-02	-2.321584e+00
1.981469e+14	3.150702e-02	-2.431269e+00
1.981207e+14	3.888361e-02	-2.540953e+00
1.980945e+14	4.681293e-02	-2.650625e+00
1.980683e+14	5.521067e-02	-2.760273e+00
1.980421e+14	6.398580e-02	-2.869879e+00
1.980159e+14	7.304179e-02	-2.979429e+00
1.979897e+14	8.227786e-02	-3.088901e+00
1.979635e+14	9.159036e-02	3.084907e+00
1.979373e+14	1.008743e-01	2.975644e+00
1.979112e+14	1.100246e-01	2.866514e+00
1.978850e+14	1.189377e-01	2.757531e+00
1.978588e+14	1.275130e-01	2.648711e+00
1.978327e+14	1.356539e-01	2.540061e+00
1.978066e+14	1.432689e-01	2.431589e+00
1.977804e+14	1.502729e-01	2.323294e+00
1.977543e+14	1.565878e-01	2.215175e+00
1.977282e+14	1.621430e-01	2.107223e+00
1.977021e+14	1.668765e-01	1.999425e+00
1.976760e+14	1.707348e-01	1.891765e+00
1.976499e+14	1.736733e-01	1.784222e+00
1.976238e+14	1.756568e-01	1.676771e+00
1.975977e+14	1.766595e-01	1.569385e+00
1.975716e+14	1.766654e-01	1.462037e+00
1.975455e+14	1.756680e-01	1.354697e+00
1.975195e+14	1.736711e-01	1.247336e+00
1.974934e+14	1.706886e-01	1.139926e+00
1.974674e+14	1.667446e-01	1.032440e+00
1.974413e+14	1.618740e-01	9.248552e-01
1.974153e+14	1.561221e-01	8.171520e-01
1.973892e+14	1.495452e-01	7.093150e-01
1.973632e+14	1.422100e-01	6.013337e-01
1.973372e+14	1.341937e-01	4.932026e-01
1.973112e+14	1.255837e-01	3.849215e-01
1.972852e+14	1.164769e-01	2.764952e-01
1.972592e+14	1.069787e-01	1.679336e-01
1.972332e+14	9.720254e-02	5.925032e-02
1.972072e+14	8.726800e-02	-4.953707e-02
1.971812e+14	7.729974e-02	-1.584087e-01
1.971553e+14	6.742576e-02	-2.673429e-01
1.971293e+14	5.777568e-02	-3.763179e-01
1.971034e+14	4.847889e-02	-4.853124e-01
1.970774e+14	3.966280e-02	-5.943069e-01
1.970515e+14	3.145099e-02	-7.032847e-01
1.970255e+14	2.396160e-02	-8.122326e-01
1.969996e+14	1.730578e-02	-9.211417e-01
1.969737e+14	1.158627e-02	-1.030008e+00
1.969478e+14	6.896217e-03	-1.138831e+00
1.969219e+14	3.318089e-03	-1.247616e+00
1.968960e+14	9.227841e-04	-1.356372e+00
1.968701e+14	2.311801e-04	1.676481e+00
1.968442e+14	9.835837e-05	1.567742e+00
1.968183e+14	1.352992e-03	-1.682605e+00
1.967924e+14	4.140337e-03	-1.791393e+00
1.967666e+14	8.266334e-03	-1.900229e+00
1.967407e+14	1.371835e-02	-2.009129e+00
1.967148e+14	2.046806e-02	-2.118102e+00
1.966890e+14	2.847114e-02	-2.227154e+00
1.966632e+14	3.766713e-02	-2.336284e+00
1.966373e+14	4.797949e-02	-2.445485e+00
1.966115e+14	5.931600e-02	-2.554744e+00
1.965857e+14	7.156938e-02	-2.664037e+00
1.965599e+14	8.461839e-02	-2.773337e+00
1.965341e+14	9.832926e-02	-2.882609e+00
1.965083e+14	1.125576e-01	-2.991810e+00
1.964825e+14	1.271505e-01	-3.100896e+00
1.964567e+14	1.419492e-01	3.073367e+00
1.964309e+14	1.567917e-01	2.964655e+00
1.964051e+14	1.715155e-01	2.856202e+00
1.963794e+14	1.859601e-01	2.748051e+00
1.963536e+14	1.999702e-01	2.640240e+00
1.963279e+14	2.133971e-01	2.532802e+00
1.963021e+14	2.261013e-01	2.425757e+00
1.962764e+14	2.379532e-01	2.319119e+00
1.962507e+14	2.488349e-01	2.212889e+00
1.962249e+14	2.586399e-01	2.107058e+00
1.961992e+14	2.672740e-01	2.001604e+00
1.961735e+14	2.746548e-01	1.896495e+00
1.961478e+14	2.807113e-01	1.791690e+00
1.961221e+14	2.853836e-01	1.687135e+00
1.960964e+14	2.886226e-01	1.582772e+00
1.960707e+14	2.903890e-01	1.478532e+00
1.960450e+14	2.906538e-01	1.374346e+00
1.960194e+14	2.893977e-01	1.270137e+00
1.959937e+14	2.866116e-01	1.165830e+00
1.959681e+14	2.822972e-01	1.061350e+00
1.959424e+14	2.764679e-01	9.566260e-01
1.959168e+14	2.691497e-01	8.515903e-01
1.958911e+14	2.603831e-01	7.461841e-01
1.958655e+14	2.502244e-01	6.403575e-01
1.958399e+14	2.387473e-01	5.340714e-01
1.958143e+14	2.260446e-01	4.272996e-01
1.957886e+14	2.122299e-01	3.200292e-01
1.957630e+14	1.974378e-01	2.122613e-01
1.957374e+14	1.818250e-01	1.040110e-01
1.957119e+14	1.655697e-01	-4.693219e-03
1.956863e+14	1.488704e-01	-1.138112e-01
1.956607e+14	1.319439e-01	-2.232931e-01
1.956351e+14	1.150228e-01	-3.330825e-01
1.956096e+14	9.835161e-02	-4.431194e-01
1.955840e+14	8.218294e-02	-5.533438e-01
1.955585e+14	6.677333e-02	-6.637003e-01
1.955329e+14	5.237889e-02	-7.741411e-01
1.955074e+14	3.925137e-02	-8.846296e-01
1.954818e+14	2.763464e-02	-9.951438e-01
1.954563e+14	1.776180e-02	-1.105678e+00
1.954308e+14	9.852907e-03	-1.216245e+00
1.954053e+14	4.113248e-03	-1.326874e+00
1.953798e+14	7.320641e-04	-1.437615e+00
1.953543e+14	1.185802e-04	1.593061e+00
1.953288e+14	1.714960e-03	-1.659703e+00
1.953033e+14	6.366230e-03	-1.771216e+00
1.952779e+14	1.394625e-02	-1.883165e+00
1.952524e+14	2.454010e-02	-1.995643e+00
1.952269e+14	3.820226e-02	-2.108735e+00
1.952015e+14	5.495089e-02	-2.222513e+00
1.951760e+14	7.476094e-02	-2.337027e+00
1.951506e+14	9.755683e-02	-2.452295e+00
1.951251e+14	1.232053e-01	-2.568299e+00
1.950997e+14	1.515093e-01	-2.684976e+00
1.950743e+14	1.822049e-01	-2.802215e+00
1.950489e+14	2.149610e-01	-2.919852e+00
1.950234e+14	2.493851e-01	-3.037674e+00
1.949980e+14	2.850332e-01	3.127762e+00
1.949726e+14	3.214262e-01	3.010379e+00
1.949473e+14	3.580692e-01	2.893680e+00
1.949219e+14	3.944741e-01	2.777990e+00
1.948965e+14	4.301812e-01	2.663628e+00
1.948711e+14	4.647784e-01	2.550894e+00
1.948458e+14	4.979157e-01	2.440050e+00
1.948204e+14	5.293141e-01	2.331315e+00
1.947951e+14	5.587681e-01	2.224858e+00
1.947697e+14	5.861428e-01	2.120796e+00
1.947444e+14	6.113672e-01	2.019191e+00
1.947190e+14	6.344242e-01	1.920060e+00
1.946937e+14	6.553398e-01	1.823372e+00
1.946684e+14	6.741724e-01	1.729062e+00
1.946431e+14	6.910018e-01	1.637032e+00
1.946178e+14	7.059210e-01	1.547157e+00
1.945925e+14	7.190282e-01	1.459295e+00
1.945672e+14	7.304210e-01	1.373285e+00
1.945419e+14	7.401917e-01	1.288957e+00
1.945166e+14	7.484236e-01	1.206129e+00
1.944914e+14	7.551884e-01	1.124615e+00
1.944661e+14	7.605443e-01	1.044222e+00
1.944408e+14	7.645339e-01	9.647500e-01
1.944156e+14	7.671832e-01	8.859957e-01
1.943903e+14	7.685000e-01	8.077486e-01
1.943651e+14	7.684723e-01	7.297913e-01
1.943399e+14	7.670664e-01	6.518974e-01
1.943146e+14	7.642248e-01	5.738300e-01
1.942894e+14	7.598637e-01	4.953390e-01
1.942642e+14	7.538692e-01	4.161587e-01
1.942390e+14	7.460934e-01	3.360046e-01
1.942138e+14	7.363500e-01	2.545709e-01
1.941886e+14	7.244081e-01	1.715271e-01
1.941634e+14	7.099870e-01	8.651576e-02
1.941382e+14	6.927494e-01	-8.497199e-04
1.941131e+14	6.722960e-01	-9.098487e-02
1.940879e+14	6.481623e-01	-1.843318e-01
1.940627e+14	6.198193e-01	-2.813525e-01
1.940376e+14	5.866820e-01	-3.825156e-01
1.940124e+14	5.481307e-01	-4.882743e-01
1.939873e+14	5.035513e-01	-5.990328e-01
1.939622e+14	4.523997e-01	-7.150985e-01
1.939370e+14	3.942960e-01	-8.366211e-01
1.939119e+14	3.291437e-01	-9.635215e-01
1.938868e+14	2.572596e-01	-1.095423e+00
1.938617e+14	1.794814e-01	-1.231602e+00
1.938366e+14	9.721047e-02	-1.370978e+00
1.938115e+14	1.234743e-02	-1.512171e+00
1.937864e+14	7.289083e-02	1.487983e+00
1.937613e+14	1.562401e-01	1.347895e+00
1.937362e+14	2.356710e-01	1.210620e+00
1.937112e+14	3.096069e-01	1.077345e+00
1.936861e+14	3.770266e-01	9.489159e-01
1.936611e+14	4.374542e-01	8.258212e-01
1.936360e+14	4.908667e-01	7.082329e-01
1.936110e+14	5.375674e-01	5.960707e-01
1.935859e+14	5.780604e-01	4.890737e-01
1.935609e+14	6.129475e-01	3.868658e-01
1.935359e+14	6.428538e-01	2.890078e-01
1.935109e+14	6.683808e-01	1.950358e-01
1.934858e+14	6.900791e-01	1.044863e-01
1.934608e+14	7.084368e-01	1.691292e-02
1.934358e+14	7.238764e-01	-6.810582e-02
1.934109e+14	7.367572e-01	-1.509623e-01
1.933859e+14	7.473803e-01	-2.320192e-01
1.933609e+14	7.559952e-01	-3.116111e-01
1.933359e+14	7.628054e-01	-3.900464e-01
1.933110e+14	7.679747e-01	-4.676108e-01
1.932860e+14	7.716316e-01	-5.445696e-01
1.932610e+14	7.738745e-01	-6.211712e-01
1.932361e+14	7.747746e-01	-6.976494e-01
1.932112e+14	7.743793e-01	-7.742261e-01
1.931862e+14	7.727144e-01	-8.511135e-01
1.931613e+14	7.697861e-01	-9.285156e-01
1.931364e+14	7.655825e-01	-1.006630e+00
1.931115e+14	7.600754e-01	-1.085648e+00
1.930865e+14	7.532211e-01	-1.165756e+00
1.930616e+14	7.449617e-01	-1.247136e+00
1.930368e+14	7.352271e-01	-1.329964e+00
1.930119e+14	7.239365e-01	-1.414409e+00
1.929870e+14	7.110009e-01	-1.500631e+00
1.929621e+14	6.963264e-01	-1.588780e+00
1.929372e+14	6.798185e-01	-1.678990e+00
1.929124e+14	6.613878e-01	-1.771376e+00
1.928875e+14	6.409561e-01	-1.866033e+00
1.928627e+14	6.184653e-01	-1.963021e+00
1.928378e+14	5.938864e-01	-2.062370e+00
1.928130e+14	5.672291e-01	-2.164067e+00
1.927882e+14	5.385527e-01	-2.268055e+00
1.927633e+14	5.079743e-01	-2.374229e+00
1.927385e+14	4.756761e-01	-2.482435e+00
1.927137e+14	4.419083e-01	-2.592470e+00
1.926889e+14	4.069878e-01	-2.704090e+00
1.926641e+14	3.712915e-01	-2.817018e+00
1.926393e+14	3.352435e-01	-2.930952e+00
1.926145e+14	2.992991e-01	-3.045582e+00
1.925897e+14	2.639249e-01	3.122583e+00
1.925650e+14	2.295786e-01	3.007459e+00
1.925402e+14	1.966899e-01	2.892489e+00
1.925154e+14	1.656454e-01	2.777889e+00
1.924907e+14	1.367769e-01	2.663833e+00
1.924659e+14	1.103554e-01	2.550446e+00
1.924412e+14	8.658923e-02	2.437805e+00
1.924165e+14	6.562639e-02	2.325947e+00
1.923917e+14	4.755894e-02	2.214870e+00
1.923670e+14	3.242942e-02	2.104541e+00
1.923423e+14	2.023770e-02	1.994902e+00
1.923176e+14	1.094751e-02	1.885880e+00
1.922929e+14	4.492365e-03	1.777391e+00
1.922682e+14	7.803879e-04	1.669347e+00
1.922435e+14	3.018565e-04	-1.579931e+00
1.922188e+14	1.113423e-03	1.454256e+00
1.921941e+14	4.877231e-03	1.347060e+00
1.921694e+14	1.082519e-02	1.240016e+00
1.921448e+14	1.877861e-02	1.133083e+00
1.921201e+14	2.854554e-02	1.026235e+00
1.920955e+14	3.992195e-02	9.194620e-01
1.920708e+14	5.269327e-02	8.127701e-01
1.920462e+14	6.663638e-02	7.061796e-01
1.920215e+14	8.152216e-02	5.997234e-01
1.919969e+14	9.711841e-02	4.934442e-01
1.919723e+14	1.131932e-01	3.873913e-01
1.919477e+14	1.295185e-01	2.816179e-01
1.919231e+14	1.458736e-01	1.761776e-01
1.918985e+14	1.620483e-01	7.112126e-02
1.918739e+14	1.778462e-01	-3.350567e-02
1.918493e+14	1.930868e-01	-1.376657e-01
1.918247e+14	2.076071e-01	-2.413311e-01
1.918001e+14	2.212631e-01	-3.444853e-01
1.917756e+14	2.339296e-01	-4.471235e-01
1.917510e+14	2.455003e-01	-5.492529e-01
1.917264e+14	2.558873e-01	-6.508925e-01
1.917019e+14	2.650193e-01	-7.520723e-01
1.916773e+14	2.728411e-01	-8.528323e-01
1.916528e+14	2.793116e-01	-9.532207e-01
1.916283e+14	2.844026e-01	-1.053293e+00
1.916037e+14	2.880974e-01	-1.153110e+00
1.915792e+14	2.903900e-01	-1.252736e+00
1.915547e+14	2.912835e-01	-1.352238e+00
1.915302e+14	2.907901e-01	-1.451682e+00
1.915057e+14	2.889300e-01	-1.551132e+00
1.914812e+14	2.857320e-01	-1.650652e+00
1.914567e+14	2.812325e-01	-1.750298e+00
1.914322e+14	2.754765e-01	-1.850122e+00
1.914077e+14	2.685177e-01	-1.950169e+00
1.913833e+14	2.604183e-01	-2.050477e+00
1.913588e+14	2.512500e-01	-2.151073e+00
1.913344e+14	2.410940e-01	-2.251976e+00
1.913099e+14	2.300410e-01	-2.353198e+00
1.912855e+14	2.181911e-01	-2.454738e+00
1.912610e+14	2.056535e-01	-2.556588e+00
1.912366e+14	1.925458e-01	-2.658731e+00
1.912122e+14	1.789928e-01	-2.761143e+00
1.911877e+14	1.651255e-01	-2.863794e+00
1.911633e+14	1.510791e-01	-2.966647e+00
1.911389e+14	1.369914e-01	-3.069664e+00
1.911145e+14	1.230009e-01	3.110381e+00
1.910901e+14	1.092443e-01	3.007160e+00
1.910657e+14	9.585454e-02	2.903898e+00
1.910413e+14	8.295922e-02	2.800632e+00
1.910170e+14	7.067823e-02	2.697398e+00
1.909926e+14	5.912242e-02	2.594224e+00
1.909682e+14	4.839226e-02	2.491135e+00
1.909439e+14	3.857678e-02	2.388148e+00
1.909195e+14	2.975286e-02	2.285275e+00
1.908952e+14	2.198474e-02	2.182525e+00
1.908708e+14	1.532381e-02	2.079897e+00
1.908465e+14	9.808620e-03	1.977387e+00
1.908222e+14	5.464956e-03	1.874990e+00
1.907979e+14	2.306155e-03	1.772692e+00
1.907735e+14	3.334176e-04	1.670482e+00
1.907492e+14	4.637867e-04	-1.573247e+00
1.907249e+14	1.072886e-04	-1.675324e+00
1.907006e+14	1.370243e-03	1.364236e+00
1.906763e+14	3.925787e-03	1.262238e+00
1.906521e+14	7.506502e-03	1.160263e+00
1.906278e+14	1.205029e-02	1.058305e+00
1.906035e+14	1.748644e-02	9.563599e-01
1.905792e+14	2.373634e-02	8.544284e-01
1.905550e+14	3.071430e-02	7.525138e-01
1.905307e+14	3.832844e-02	6.506235e-01
1.905065e+14	4.648175e-02	5.487677e-01
1.904822e+14	5.507316e-02	4.469597e-01
1.904580e+14	6.399875e-02	3.452149e-01
1.904338e+14	7.315305e-02	2.435501e-01
1.904096e+14	8.243025e-02	1.419830e-01
1.903853e+14	9.172556e-02	4.053117e-02
1.903611e+14	1.009364e-01	-6.078855e-02
1.903369e+14	1.099637e-01	-1.619610e-01
1.903127e+14	1.187128e-01	-2.629731e-01
1.902885e+14	1.270944e-01	-3.638150e-01
1.902644e+14	1.350257e-01	-4.644798e-01
1.902402e+14	1.424306e-01	-5.649644e-01
1.902160e+14	1.492403e-01	-6.652696e-01
1.901918e+14	1.553941e-01	-7.654000e-01
1.901677e+14	1.608389e-01	-8.653640e-01
1.901435e+14	1.655298e-01	-9.651736e-01
1.901194e+14	1.694300e-01	-1.064844e+00
1.900952e+14	1.725106e-01	-1.164393e+00
1.900711e+14	1.747506e-01	-1.263841e+00
1.900470e+14	1.761370e-01	-1.363211e+00
1.900228e+14	1.766640e-01	-1.462524e+00
1.899987e+14	1.763334e-01	-1.561804e+00
1.899746e+14	1.751543e-01	-1.661074e+00
1.899505e+14	1.731427e-01	-1.760357e+00
1.899264e+14	1.703219e-01	-1.859672e+00
1.899023e+14	1.667216e-01	-1.959039e+00
1.898782e+14	1.623783e-01	-2.058474e+00
1.898542e+14	1.573350e-01	-2.157989e+00
1.898301e+14	1.516406e-01	-2.257596e+00
1.898060e+14	1.453501e-01	-2.357300e+00
1.897819e+14	1.385238e-01	-2.457106e+00
1.897579e+14	1.312271e-01	-2.557013e+00
1.897338e+14	1.235300e-01	-2.657017e+00
1.897098e+14	1.155063e-01	-2.757114e+00
1.896858e+14	1.072328e-01	-2.857292e+00
1.896617e+14	9.878878e-02	-2.957543e+00
1.896377e+14	9.025512e-02	-3.057851e+00
1.896137e+14	8.171314e-02	3.124981e+00
1.895897e+14	7.324386e-02	3.024598e+00
1.895657e+14	6.492701e-02	2.924200e+00
1.895417e+14	5.684007e-02	2.823802e+00
1.895177e+14	4.905747e-02	2.723417e+00
1.894937e+14	4.164967e-02	2.623057e+00
1.894697e+14	3.468246e-02	2.522734e+00
1.894457e+14	2.821629e-02	2.422456e+00
1.894217e+14	2.230569e-02	2.322229e+00
1.893978e+14	1.699882e-02	2.222058e+00
1.893738e+14	1.233707e-02	2.121945e+00
1.893499e+14	8.354832e-03	2.021890e+00
1.893259e+14	5.079254e-03	1.921893e+00
1.893020e+14	2.530176e-03	1.821950e+00
1.892780e+14	7.200769e-04	1.722057e+00
1.892541e+14	3.459011e-04	-1.519384e+00
1.892302e+14	6.698635e-04	-1.619193e+00
1.892063e+14	2.610305e-04	-1.718969e+00
1.891824e+14	8.644468e-04	1.322876e+00
1.891585e+14	2.683717e-03	1.223152e+00
1.891346e+14	5.167506e-03	1.123448e+00
1.891107e+14	8.280441e-03	1.023759e+00
1.890868e+14	1.198143e-02	9.240867e-01
1.890629e+14	1.622407e-02	8.244293e-01
1.890390e+14	2.095717e-02	7.247891e-01
1.890152e+14	2.612523e-02	6.251691e-01
1.889913e+14	3.166907e-02	5.255741e-01
1.889674e+14	3.752644e-02	4.260100e-01
1.889436e+14	4.363269e-02	3.264838e-01
1.889197e+14	4.992148e-02	2.270033e-01
1.888959e+14	5.632551e-02	1.275767e-01
1.888721e+14	6.277724e-02	2.821251e-02
1.888482e+14	6.920965e-02	-7.108113e-02
1.888244e+14	7.555689e-02	-1.702965e-01
1.888006e+14	8.175501e-02	-2.694267e-01
1.887768e+14	8.774259e-02	-3.684662e-01
1.887530e+14	9.346127e-02	-4.674105e-01
1.887292e+14	9.885635e-02	-5.662571e-01
1.887054e+14	1.038772e-01	-6.650050e-01
1.886816e+14	1.084776e-01	-7.636551e-01
1.886578e+14	1.126161e-01	-8.622100e-01
1.886341e+14	1.162564e-01	-9.606744e-01
1.886103e+14	1.193672e-01	-1.059054e+00
1.885865e+14	1.219228e-01	-1.157357e+00
1.885628e+14	1.239029e-01	-1.255593e+00
1.885390e+14	1.252924e-01	-1.353771e+00
1.885153e+14	1.260821e-01	-1.451901e+00
1.884916e+14	1.262680e-01	-1.549996e+00
1.884678e+14	1.258517e-01	-1.648067e+00
1.884441e+14	1.248399e-01	-1.746125e+00
1.884204e+14	1.232448e-01	-1.844180e+00
1.883967e+14	1.210836e-01	-1.942243e+00
1.883730e+14	1.183784e-01	-2.040322e+00
1.883493e+14	1.151561e-01	-2.138425e+00
1.883256e+14	1.114483e-01	-2.236559e+00
1.883019e+14	1.072908e-01	-2.334727e+00
1.882782e+14	1.027232e-01	-2.432934e+00
1.882545e+14	9.778904e-02	-2.531179e+00
1.882309e+14	9.253511e-02	-2.629464e+00
1.882072e+14	8.701099e-02	-2.727785e+00
1.881835e+14	8.126868e-02	-2.826140e+00
1.881599e+14	7.536210e-02	-2.924524e+00
1.881362e+14	6.934653e-02	-3.022932e+00
1.881126e+14	6.327802e-02	-3.121356e+00
1.880890e+14	5.721288e-02	3.063395e+00
1.880653e+14	5.120705e-02	2.964959e+00
1.880417e+14	4.531552e-02	2.866527e+00
1.880181e+14	3.959177e-02	2.768107e+00
1.879945e+14	3.408722e-02	2.669707e+00
1.879709e+14	2.885071e-02	2.571331e+00
1.879473e+14	2.392803e-02	2.472985e+00
1.879237e+14	1.936151e-02	2.374673e+00
1.879001e+14	1.518958e-02	2.276398e+00
1.878765e+14	1.144650e-02	2.178164e+00
1.878529e+14	8.162062e-03	2.079970e+00
1.878294e+14	5.361347e-03	1.981817e+00
1.878058e+14	3.064590e-03	1.883704e+00
1.877822e+14	1.287036e-03	1.785629e+00
1.877587e+14	3.887820e-05	1.687591e+00
1.877351e+14	6.747772e-04	-1.552007e+00
1.877116e+14	8.538893e-04	-1.649981e+00
1.876881e+14	5.034283e-04	-1.747928e+00
1.876645e+14	3.667215e-04	1.295743e+00
1.876410e+14	1.741896e-03	1.197843e+00
1.876175e+14	3.602825e-03	1.099964e+00
1.875940e+14	5.925840e-03	1.002103e+00
1.875705e+14	8.683123e-03	9.042593e-01
1.875470e+14	1.184299e-02	8.064338e-01
1.875235e+14	1.537021e-02	7.086269e-01
1.875000e+14	1.922637e-02	6.108405e-01
