("port 1","TE",1,"port 1",1,"modulation")
(1,1)
0.00314
(500,3)
2.000000e+14	2.532373e-02	-4.328126e-01
1.999733e+14	2.049406e-02	-5.441723e-01
1.999466e+14	1.602627e-02	-6.555012e-01
1.999199e+14	1.198138e-02	-7.667953e-01
1.998932e+14	8.415596e-03	-8.780522e-01
1.998665e+14	5.379564e-03	-9.892707e-01
1.998398e+14	2.917758e-03	-1.100451e+00
1.998131e+14	1.067909e-03	-1.211595e+00
1.997865e+14	1.394667e-04	1.818888e+00
1.997598e+14	6.814593e-04	1.707809e+00
1.997332e+14	5.430734e-04	1.596756e+00
1.997065e+14	2.825461e-04	-1.655867e+00
1.996799e+14	1.793971e-03	-1.766880e+00
1.996532e+14	3.981435e-03	-1.877878e+00
1.996266e+14	6.826857e-03	-1.988866e+00
1.996000e+14	1.030397e-02	-2.099844e+00
1.995734e+14	1.437854e-02	-2.210814e+00
1.995468e+14	1.900867e-02	-2.321773e+00
1.995202e+14	2.414524e-02	-2.432720e+00
1.994936e+14	2.973242e-02	-2.543649e+00
1.994670e+14	3.570831e-02	-2.654554e+00
1.994404e+14	4.200570e-02	-2.765427e+00
1.994139e+14	4.855285e-02	-2.876260e+00
1.993873e+14	5.527445e-02	-2.987043e+00
1.993608e+14	6.209259e-02	-3.097765e+00
1.993342e+14	6.892776e-02	3.074770e+00
1.993077e+14	7.569995e-02	2.964200e+00
1.992812e+14	8.232964e-02	2.853721e+00
1.992546e+14	8.873889e-02	2.743341e+00
1.992281e+14	9.485230e-02	2.633065e+00
1.992016e+14	1.005979e-01	2.522897e+00
1.991751e+14	1.059082e-01	2.412839e+00
1.991486e+14	1.107206e-01	2.302890e+00
1.991221e+14	1.149783e-01	2.193047e+00
1.990956e+14	1.186310e-01	2.083302e+00
1.990691e+14	1.216351e-01	1.973649e+00
1.990427e+14	1.239543e-01	1.864075e+00
1.990162e+14	1.255600e-01	1.754568e+00
1.989898e+14	1.264312e-01	1.645113e+00
1.989633e+14	1.265553e-01	1.535696e+00
1.989369e+14	1.259276e-01	1.426300e+00
1.989104e+14	1.245521e-01	1.316911e+00
1.988840e+14	1.224410e-01	1.207511e+00
1.988576e+14	1.196149e-01	1.098089e+00
1.988312e+14	1.161029e-01	9.886312e-01
1.988048e+14	1.119421e-01	8.791273e-01
1.987784e+14	1.071780e-01	7.695693e-01
1.987520e+14	1.018636e-01	6.599521e-01
1.987256e+14	9.605923e-02	5.502730e-01
1.986992e+14	8.983222e-02	4.405324e-01
1.986729e+14	8.325602e-02	3.307331e-01
1.986465e+14	7.640954e-02	2.208806e-01
1.986201e+14	6.937628e-02	1.109825e-01
1.985938e+14	6.224334e-02	1.048162e-03
1.985674e+14	5.510035e-02	-1.089118e-01
1.985411e+14	4.803831e-02	-2.188860e-01
1.985148e+14	4.114845e-02	-3.288631e-01
1.984885e+14	3.452096e-02	-4.388320e-01
1.984622e+14	2.824384e-02	-5.487827e-01
1.984358e+14	2.240168e-02	-6.587064e-01
1.984095e+14	1.707464e-02	-7.685965e-01
1.983832e+14	1.233732e-02	-8.784481e-01
1.983570e+14	8.257920e-03	-9.882589e-01
1.983307e+14	4.897316e-03	-1.098029e+00
1.983044e+14	2.308376e-03	-1.207759e+00
1.982781e+14	5.353013e-04	-1.317455e+00
1.982519e+14	3.869121e-04	1.714471e+00
1.982256e+14	4.329185e-04	1.604828e+00
1.981994e+14	4.126150e-04	-1.646393e+00
1.981732e+14	2.154733e-03	-1.756014e+00
1.981469e+14	4.788004e-03	-1.865633e+00
1.981207e+14	8.296417e-03	-1.975258e+00
1.980945e+14	1.265338e-02	-2.084891e+00
1.980683e+14	1.782183e-02	-2.194535e+00
1.980421e+14	2.375446e-02	-2.304189e+00
1.980159e+14	3.039407e-02	-2.413850e+00
1.979897e+14	3.767412e-02	-2.523510e+00
1.979635e+14	4.551934e-02	-2.633160e+00
1.979373e+14	5.384664e-02	-2.742788e+00
1.979112e+14	6.256604e-02	-2.852377e+00
1.978850e+14	7.158187e-02	-2.961912e+00
1.978588e+14	8.079400e-02	-3.071374e+00
1.978327e+14	9.009922e-02	3.102442e+00
1.978066e+14	9.939269e-02	2.993184e+00
1.977804e+14	1.085694e-01	2.884056e+00
1.977543e+14	1.175255e-01	2.775073e+00
1.977282e+14	1.261598e-01	2.666250e+00
1.977021e+14	1.343751e-01	2.557597e+00
1.976760e+14	1.420792e-01	2.449120e+00
1.976499e+14	1.491857e-01	2.340821e+00
1.976238e+14	1.556156e-01	2.232698e+00
1.975977e+14	1.612970e-01	2.124744e+00
1.975716e+14	1.661665e-01	2.016946e+00
1.975455e+14	1.701693e-01	1.909289e+00
1.975195e+14	1.732593e-01	1.801752e+00
1.974934e+14	1.753998e-01	1.694312e+00
1.974674e+14	1.765636e-01	1.586942e+00
1.974413e+14	1.767329e-01	1.479614e+00
1.974153e+14	1.758997e-01	1.372298e+00
1.973892e+14	1.740662e-01	1.264966e+00
1.973632e+14	1.712445e-01	1.157590e+00
1.973372e+14	1.674571e-01	1.050142e+00
1.973112e+14	1.627370e-01	9.425986e-01
1.972852e+14	1.571279e-01	8.349400e-01
1.972592e+14	1.506841e-01	7.271499e-01
1.972332e+14	1.434706e-01	6.192168e-01
1.972072e+14	1.355629e-01	5.111346e-01
1.971812e+14	1.270466e-01	4.029021e-01
1.971553e+14	1.180170e-01	2.945233e-01
1.971293e+14	1.085783e-01	1.860073e-01
1.971034e+14	9.884230e-02	7.736715e-02
1.970774e+14	8.892778e-02	-3.138021e-02
1.970515e+14	7.895852e-02	-1.402152e-01
1.970255e+14	6.906203e-02	-2.491165e-01
1.969996e+14	5.936766e-02	-3.580622e-01
1.969737e+14	5.000490e-02	-4.670308e-01
1.969478e+14	4.110153e-02	-5.760025e-01
1.969219e+14	3.278180e-02	-6.849602e-01
1.968960e+14	2.516481e-02	-7.938898e-01
1.968701e+14	1.836290e-02	-9.027819e-01
1.968442e+14	1.248025e-02	-1.011631e+00
1.968183e+14	7.611633e-03	-1.120437e+00
1.967924e+14	3.841334e-03	-1.229204e+00
1.967666e+14	1.242214e-03	-1.337941e+00
1.967407e+14	1.251041e-04	1.694934e+00
1.967148e+14	2.129493e-04	1.586220e+00
1.966890e+14	1.012764e-03	-1.664099e+00
1.966632e+14	3.571949e-03	-1.772856e+00
1.966373e+14	7.469812e-03	-1.881660e+00
1.966115e+14	1.269636e-02	-1.990524e+00
1.965857e+14	1.922598e-02	-2.099460e+00
1.965599e+14	2.701712e-02	-2.208475e+00
1.965341e+14	3.601212e-02	-2.317568e+00
1.965083e+14	4.613723e-02	-2.426734e+00
1.964825e+14	5.730292e-02	-2.535960e+00
1.964567e+14	6.940449e-02	-2.645226e+00
1.964309e+14	8.232310e-02	-2.754503e+00
1.964051e+14	9.592709e-02	-2.863758e+00
1.963794e+14	1.100738e-01	-2.972951e+00
1.963536e+14	1.246119e-01	-3.082036e+00
1.963279e+14	1.393833e-01	3.092218e+00
1.963021e+14	1.542266e-01	2.983490e+00
1.962764e+14	1.689792e-01	2.875012e+00
1.962507e+14	1.834804e-01	2.766830e+00
1.962249e+14	1.975737e-01	2.658981e+00
1.961992e+14	2.111093e-01	2.551499e+00
1.961735e+14	2.239460e-01	2.444408e+00
1.961478e+14	2.359527e-01	2.337722e+00
1.961221e+14	2.470092e-01	2.231444e+00
1.960964e+14	2.570072e-01	2.125567e+00
1.960707e+14	2.658505e-01	2.020072e+00
1.960450e+14	2.734545e-01	1.914929e+00
1.960194e+14	2.797465e-01	1.810096e+00
1.959937e+14	2.846646e-01	1.705524e+00
1.959681e+14	2.881578e-01	1.601154e+00
1.959424e+14	2.901854e-01	1.496921e+00
1.959168e+14	2.907163e-01	1.392753e+00
1.958911e+14	2.897297e-01	1.288576e+00
1.958655e+14	2.872145e-01	1.184314e+00
1.958399e+14	2.831707e-01	1.079893e+00
1.958143e+14	2.776093e-01	9.752393e-01
1.957886e+14	2.705541e-01	8.702859e-01
1.957630e+14	2.620428e-01	7.649720e-01
1.957374e+14	2.521287e-01	6.592460e-01
1.957119e+14	2.408824e-01	5.530668e-01
1.956863e+14	2.283931e-01	4.464058e-01
1.956607e+14	2.147704e-01	3.392475e-01
1.956351e+14	2.001451e-01	2.315908e-01
1.956096e+14	1.846700e-01	1.234482e-01
1.955840e+14	1.685192e-01	1.484590e-02
1.955585e+14	1.518876e-01	-9.417799e-02
1.955329e+14	1.349888e-01	-2.035752e-01
1.955074e+14	1.180527e-01	-3.132903e-01
1.954818e+14	1.013217e-01	-4.232635e-01
1.954563e+14	8.504723e-02	-5.334350e-01
1.954308e+14	6.948516e-02	-6.437479e-01
1.954053e+14	5.489186e-02	-7.541529e-01
1.953798e+14	4.151997e-02	-8.646113e-01
1.953543e+14	2.961487e-02	-9.750982e-01
1.953288e+14	1.941164e-02	-1.085605e+00
1.953033e+14	1.113269e-02	-1.196140e+00
1.952779e+14	4.985967e-03	-1.306732e+00
1.952524e+14	1.163582e-03	-1.417424e+00
1.952269e+14	1.593046e-04	1.613313e+00
1.952015e+14	1.174310e-03	-1.639375e+00
1.951760e+14	5.301701e-03	-1.750795e+00
1.951506e+14	1.233815e-02	-1.862634e+00
1.951251e+14	2.237371e-02	-1.974984e+00
1.950997e+14	3.546883e-02	-2.087934e+00
1.950743e+14	5.164879e-02	-2.201558e+00
1.950489e+14	7.089700e-02	-2.315909e+00
1.950234e+14	9.314776e-02	-2.431015e+00
1.949980e+14	1.182790e-01	-2.546862e+00
1.949726e+14	1.461058e-01	-2.663398e+00
1.949473e+14	1.763769e-01	-2.780519e+00
1.949219e+14	2.087735e-01	-2.898072e+00
1.948965e+14	2.429140e-01	-3.015853e+00
1.948711e+14	2.783633e-01	-3.133611e+00
1.948458e+14	3.146476e-01	3.032125e+00
1.948204e+14	3.512736e-01	2.915299e+00
1.947951e+14	3.877507e-01	2.799421e+00
1.947697e+14	4.236125e-01	2.684814e+00
1.947444e+14	4.584370e-01	2.571780e+00
1.947190e+14	4.918623e-01	2.460589e+00
1.946937e+14	5.235958e-01	2.351470e+00
1.946684e+14	5.534185e-01	2.244600e+00
1.946431e+14	5.811830e-01	2.140106e+00
1.946178e+14	6.068069e-01	2.038060e+00
1.945925e+14	6.302639e-01	1.938487e+00
1.945672e+14	6.515728e-01	1.841366e+00
1.945419e+14	6.707867e-01	1.746636e+00
1.945166e+14	6.879820e-01	1.654205e+00
1.944914e+14	7.032498e-01	1.563954e+00
1.944661e+14	7.166878e-01	1.475743e+00
1.944408e+14	7.283940e-01	1.389414e+00
1.944156e+14	7.384619e-01	1.304800e+00
1.943903e+14	7.469768e-01	1.221720e+00
1.943651e+14	7.540126e-01	1.139989e+00
1.943399e+14	7.596302e-01	1.059415e+00
1.943146e+14	7.638752e-01	9.798001e-01
1.942894e+14	7.667769e-01	9.009415e-01
1.942642e+14	7.683466e-01	8.226304e-01
1.942390e+14	7.685761e-01	7.446508e-01
1.942138e+14	7.674361e-01	6.667784e-01
1.941886e+14	7.648740e-01	5.887785e-01
1.941634e+14	7.608110e-01	5.104039e-01
1.941382e+14	7.551395e-01	4.313922e-01
1.941131e+14	7.477184e-01	3.514630e-01
1.940879e+14	7.383693e-01	2.703149e-01
1.940627e+14	7.268704e-01	1.876226e-01
1.940376e+14	7.129512e-01	1.030341e-01
1.940124e+14	6.962857e-01	1.616881e-02
1.939873e+14	6.764874e-01	-7.338318e-02
1.939622e+14	6.531046e-01	-1.660590e-01
1.939370e+14	6.256204e-01	-2.623172e-01
1.939119e+14	5.934600e-01	-3.626264e-01
1.938868e+14	5.560083e-01	-4.674446e-01
1.938617e+14	5.126462e-01	-5.771885e-01
1.938366e+14	4.628102e-01	-6.921883e-01
1.938115e+14	4.060801e-01	-8.126294e-01
1.937864e+14	3.422948e-01	-9.384826e-01
1.937613e+14	2.716811e-01	-1.069434e+00
1.937362e+14	1.949694e-01	-1.204829e+00
1.937112e+14	1.134524e-01	-1.343656e+00
1.936861e+14	2.894335e-02	-1.484586e+00
1.936611e+14	5.638445e-02	1.515518e+00
1.936360e+14	1.402544e-01	1.375075e+00
1.936110e+14	2.205729e-01	1.237176e+00
1.935859e+14	2.956637e-01	1.103071e+00
1.935609e+14	3.643958e-01	9.736721e-01
1.935359e+14	4.261923e-01	8.495370e-01
1.935109e+14	4.809513e-01	7.308944e-01
1.934858e+14	5.289224e-01	6.177079e-01
1.934608e+14	5.705790e-01	5.097466e-01
1.934358e+14	6.065101e-01	4.066526e-01
1.934109e+14	6.373405e-01	3.079961e-01
1.933859e+14	6.636785e-01	2.133157e-01
1.933609e+14	6.860858e-01	1.221468e-01
1.933359e+14	7.050629e-01	3.403885e-02
1.933110e+14	7.210448e-01	-5.143457e-02
1.932860e+14	7.344029e-01	-1.346715e-01
1.932610e+14	7.454491e-01	-2.160401e-01
1.932361e+14	7.544423e-01	-2.958803e-01
1.932112e+14	7.615947e-01	-3.745053e-01
1.931862e+14	7.670772e-01	-4.522047e-01
1.931613e+14	7.710252e-01	-5.292476e-01
1.931364e+14	7.735423e-01	-6.058852e-01
1.931115e+14	7.747052e-01	-6.823540e-01
1.930865e+14	7.745655e-01	-7.588779e-01
1.930616e+14	7.731531e-01	-8.356709e-01
1.930368e+14	7.704782e-01	-9.129381e-01
1.930119e+14	7.665324e-01	-9.908782e-01
1.929870e+14	7.612904e-01	-1.069684e+00
1.929621e+14	7.547117e-01	-1.149543e+00
1.929372e+14	7.467412e-01	-1.230637e+00
1.929124e+14	7.373111e-01	-1.313143e+00
1.928875e+14	7.263426e-01	-1.397232e+00
1.928627e+14	7.137482e-01	-1.483066e+00
1.928378e+14	6.994347e-01	-1.570798e+00
1.928130e+14	6.833075e-01	-1.660563e+00
1.927882e+14	6.652754e-01	-1.752484e+00
1.927633e+14	6.452577e-01	-1.846656e+00
1.927385e+14	6.231915e-01	-1.943149e+00
1.927137e+14	5.990409e-01	-2.042000e+00
1.926889e+14	5.728072e-01	-2.143203e+00
1.926641e+14	5.445387e-01	-2.246713e+00
1.926393e+14	5.143401e-01	-2.352433e+00
1.926145e+14	4.823798e-01	-2.460219e+00
1.925897e+14	4.488941e-01	-2.569878e+00
1.925650e+14	4.141865e-01	-2.681175e+00
1.925402e+14	3.786222e-01	-2.793838e+00
1.925154e+14	3.426166e-01	-2.907569e+00
1.924907e+14	3.066201e-01	-3.022059e+00
1.924659e+14	2.710982e-01	-3.137001e+00
1.924412e+14	2.365119e-01	3.031082e+00
1.924165e+14	2.032976e-01	2.916084e+00
1.923917e+14	1.718518e-01	2.801415e+00
1.923670e+14	1.425178e-01	2.687258e+00
1.923423e+14	1.155793e-01	2.573747e+00
1.923176e+14	9.125736e-02	2.460971e+00
1.922929e+14	6.971195e-02	2.348973e+00
1.922682e+14	5.104609e-02	2.237759e+00
1.922435e+14	3.531198e-02	2.127301e+00
1.922188e+14	2.251771e-02	2.017547e+00
1.921941e+14	1.263400e-02	1.908425e+00
1.921694e+14	5.600204e-03	1.799854e+00
1.921448e+14	1.329404e-03	1.691746e+00
1.921201e+14	2.875622e-04	-1.557578e+00
1.920955e+14	6.208759e-04	1.476578e+00
1.920708e+14	3.909161e-03	1.369365e+00
1.920462e+14	9.416108e-03	1.262315e+00
1.920215e+14	1.696603e-02	1.155382e+00
1.919969e+14	2.636976e-02	1.048539e+00
1.919723e+14	3.742578e-02	9.417709e-01
1.919477e+14	4.992169e-02	8.350817e-01
1.919231e+14	6.363610e-02	7.284885e-01
1.918985e+14	7.834105e-02	6.220219e-01
1.918739e+14	9.380484e-02	5.157225e-01
1.918493e+14	1.097954e-01	4.096386e-01
1.918247e+14	1.260836e-01	3.038228e-01
1.918001e+14	1.424471e-01	1.983288e-01
1.917756e+14	1.586734e-01	9.320834e-02
1.917510e+14	1.745630e-01	-1.149188e-02
1.917264e+14	1.899321e-01	-1.157325e-01
1.917019e+14	2.046139e-01	-2.194837e-01
1.916773e+14	2.184606e-01	-3.227264e-01
1.916528e+14	2.313429e-01	-4.254533e-01
1.916283e+14	2.431508e-01	-5.276690e-01
1.916037e+14	2.537925e-01	-6.293903e-01
1.915792e+14	2.631935e-01	-7.306448e-01
1.915547e+14	2.712952e-01	-8.314703e-01
1.915302e+14	2.780536e-01	-9.319136e-01
1.915057e+14	2.834381e-01	-1.032029e+00
1.914812e+14	2.874297e-01	-1.131875e+00
1.914567e+14	2.900199e-01	-1.231517e+00
1.914322e+14	2.912103e-01	-1.331021e+00
1.914077e+14	2.910109e-01	-1.430452e+00
1.913833e+14	2.894404e-01	-1.529876e+00
1.913588e+14	2.865256e-01	-1.629357e+00
1.913344e+14	2.823014e-01	-1.728952e+00
1.913099e+14	2.768110e-01	-1.828715e+00
1.912855e+14	2.701058e-01	-1.928692e+00
1.912610e+14	2.622465e-01	-2.028921e+00
1.912366e+14	2.533026e-01	-2.129434e+00
1.912122e+14	2.433531e-01	-2.230251e+00
1.911877e+14	2.324867e-01	-2.331385e+00
1.911633e+14	2.208014e-01	-2.432837e+00
1.911389e+14	2.084045e-01	-2.534602e+00
1.911145e+14	1.954117e-01	-2.636664e+00
1.910901e+14	1.819463e-01	-2.739001e+00
1.910657e+14	1.681381e-01	-2.841583e+00
1.910413e+14	1.541214e-01	-2.944377e+00
1.910170e+14	1.400337e-01	-3.047342e+00
1.909926e+14	1.260131e-01	3.132746e+00
1.909682e+14	1.121970e-01	3.029559e+00
1.909439e+14	9.871930e-02	2.926322e+00
1.909195e+14	8.570876e-02	2.823074e+00
1.908952e+14	7.328702e-02	2.719850e+00
1.908708e+14	6.156697e-02	2.616680e+00
1.908465e+14	5.065137e-02	2.513590e+00
1.908222e+14	4.063175e-02	2.410599e+00
1.907979e+14	3.158765e-02	2.307721e+00
1.907735e+14	2.358603e-02	2.204963e+00
1.907492e+14	1.668109e-02	2.102328e+00
1.907249e+14	1.091412e-02	1.999813e+00
1.907006e+14	6.313684e-03	1.897411e+00
1.906763e+14	2.895791e-03	1.795112e+00
1.906521e+14	6.642668e-04	1.692904e+00
1.906278e+14	3.888824e-04	-1.550821e+00
1.906035e+14	2.830378e-04	-1.652891e+00
1.905792e+14	9.514854e-04	1.386680e+00
1.905550e+14	3.273920e-03	1.284695e+00
1.905307e+14	6.633562e-03	1.182735e+00
1.905065e+14	1.097033e-02	1.080792e+00
1.904822e+14	1.621540e-02	9.788641e-01
1.904580e+14	2.229186e-02	8.769487e-01
1.904338e+14	2.911557e-02	7.750492e-01
1.904096e+14	3.659598e-02	6.731719e-01
1.903853e+14	4.463717e-02	5.713267e-01
1.903611e+14	5.313892e-02	4.695261e-01
1.903369e+14	6.199791e-02	3.677850e-01
1.903127e+14	7.110894e-02	2.661201e-01
1.902885e+14	8.036623e-02	1.645488e-01
1.902644e+14	8.966473e-02	6.308903e-02
1.902402e+14	9.890133e-02	-3.824238e-02
1.902160e+14	1.079761e-01	-1.394298e-01
1.901918e+14	1.167933e-01	-2.404596e-01
1.901677e+14	1.252627e-01	-3.413212e-01
1.901435e+14	1.332997e-01	-4.420070e-01
1.901194e+14	1.408268e-01	-5.425131e-01
1.900952e+14	1.477737e-01	-6.428393e-01
1.900711e+14	1.540778e-01	-7.429894e-01
1.900470e+14	1.596843e-01	-8.429711e-01
1.900228e+14	1.645465e-01	-9.427954e-01
1.899987e+14	1.686258e-01	-1.042477e+00
1.899746e+14	1.718917e-01	-1.142033e+00
1.899505e+14	1.743214e-01	-1.241484e+00
1.899264e+14	1.759000e-01	-1.340850e+00
1.899023e+14	1.766201e-01	-1.440155e+00
1.898782e+14	1.764819e-01	-1.539422e+00
1.898542e+14	1.754929e-01	-1.638674e+00
1.898301e+14	1.736675e-01	-1.737934e+00
1.898060e+14	1.710273e-01	-1.837222e+00
1.897819e+14	1.676007e-01	-1.936557e+00
1.897579e+14	1.634225e-01	-2.035957e+00
1.897338e+14	1.585343e-01	-2.135435e+00
1.897098e+14	1.529836e-01	-2.235001e+00
1.896858e+14	1.468241e-01	-2.334665e+00
1.896617e+14	1.401149e-01	-2.434429e+00
1.896377e+14	1.329203e-01	-2.534295e+00
1.896137e+14	1.253092e-01	-2.634259e+00
1.895897e+14	1.173545e-01	-2.734317e+00
1.895657e+14	1.091324e-01	-2.834459e+00
1.895417e+14	1.007217e-01	-2.934675e+00
1.895177e+14	9.220290e-02	-3.034954e+00
1.894937e+14	8.365725e-02	-3.135280e+00
1.894697e+14	7.516587e-02	3.047547e+00
1.894457e+14	6.680883e-02	2.947169e+00
1.894217e+14	5.866418e-02	2.846789e+00
1.893978e+14	5.080706e-02	2.746418e+00
1.893738e+14	4.330888e-02	2.646070e+00
1.893499e+14	3.623652e-02	2.545756e+00
1.893259e+14	2.965167e-02	2.445485e+00
1.893020e+14	2.361024e-02	2.345264e+00
1.892780e+14	1.816184e-02	2.245098e+00
1.892541e+14	1.334945e-02	2.144990e+00
1.892302e+14	9.209039e-03	2.044941e+00
1.892063e+14	5.769435e-03	1.944949e+00
1.891824e+14	3.052152e-03	1.845012e+00
1.891585e+14	1.071354e-03	1.745126e+00
1.891346e+14	1.661338e-04	-1.496307e+00
1.891107e+14	6.607543e-04	-1.596106e+00
1.890868e+14	4.200956e-04	-1.695871e+00
1.890629e+14	5.412821e-04	1.345986e+00
1.890390e+14	2.202066e-03	1.246275e+00
1.890152e+14	4.534456e-03	1.146585e+00
1.889913e+14	7.504479e-03	1.046911e+00
1.889674e+14	1.107235e-02	9.472527e-01
1.889436e+14	1.519290e-02	8.476097e-01
1.889197e+14	1.981601e-02	7.479833e-01
1.888959e+14	2.488717e-02	6.483763e-01
1.888721e+14	3.034803e-02	5.487930e-01
1.888482e+14	3.613702e-02	4.492392e-01
1.888244e+14	4.219004e-02	3.497215e-01
1.888006e+14	4.844111e-02	2.502475e-01
1.887768e+14	5.482313e-02	1.508256e-01
1.887530e+14	6.126858e-02	5.146394e-02
1.887292e+14	6.771028e-02	-4.782901e-02
1.887054e+14	7.408210e-02	-1.470455e-01
1.886816e+14	8.031961e-02	-2.461783e-01
1.886578e+14	8.636078e-02	-3.452217e-01
1.886341e+14	9.214652e-02	-4.441708e-01
1.886103e+14	9.762125e-02	-5.430228e-01
1.885865e+14	1.027334e-01	-6.417761e-01
1.885628e+14	1.074356e-01	-7.404313e-01
1.885390e+14	1.116855e-01	-8.389906e-01
1.885153e+14	1.154453e-01	-9.374582e-01
1.884916e+14	1.186828e-01	-1.035840e+00
1.884678e+14	1.213709e-01	-1.134143e+00
1.884441e+14	1.234879e-01	-1.232376e+00
1.884204e+14	1.250176e-01	-1.330548e+00
1.883967e+14	1.259494e-01	-1.428672e+00
1.883730e+14	1.262781e-01	-1.526757e+00
1.883493e+14	1.260039e-01	-1.624815e+00
1.883256e+14	1.251324e-01	-1.722857e+00
1.883019e+14	1.236745e-01	-1.820894e+00
1.882782e+14	1.216460e-01	-1.918937e+00
1.882545e+14	1.190682e-01	-2.016994e+00
1.882309e+14	1.159666e-01	-2.115074e+00
1.882072e+14	1.123718e-01	-2.213182e+00
1.881835e+14	1.083185e-01	-2.311324e+00
1.881599e+14	1.038455e-01	-2.409504e+00
1.881362e+14	9.899542e-02	-2.507723e+00
1.881126e+14	9.381426e-02	-2.605981e+00
1.880890e+14	8.835093e-02	-2.704277e+00
1.880653e+14	8.265690e-02	-2.802607e+00
1.880417e+14	7.678564e-02	-2.900967e+00
1.880181e+14	7.079212e-02	-2.999352e+00
1.879945e+14	6.473223e-02	-3.097755e+00
1.879709e+14	5.866226e-02	3.087015e+00
1.879473e+14	5.263823e-02	2.988595e+00
1.879237e+14	4.671540e-02	2.890179e+00
1.879001e+14	4.094763e-02	2.791774e+00
1.878765e+14	3.538686e-02	2.693385e+00
1.878529e+14	3.008257e-02	2.595020e+00
1.878294e+14	2.508129e-02	2.496683e+00
1.878058e+14	2.042620e-02	2.398380e+00
1.877822e+14	1.615669e-02	2.300114e+00
1.877587e+14	1.230802e-02	2.201887e+00
1.877351e+14	8.911061e-03	2.103700e+00
1.877116e+14	5.992048e-03	2.005555e+00
1.876881e+14	3.572384e-03	1.907449e+00
1.876645e+14	1.668519e-03	1.809383e+00
1.876410e+14	2.918647e-04	1.711353e+00
1.876175e+14	5.512448e-04	-1.528235e+00
1.875940e+14	8.595460e-04	-1.626200e+00
1.875705e+14	6.368005e-04	-1.724136e+00
1.875470e+14	1.082926e-04	1.319546e+00
1.875235e+14	1.362222e-03	1.221659e+00
1.875000e+14	3.106827e-03	1.123791e+00
("port 1","TE",1,"port 2",1,"modulation")
(1,1)
0.00314
(500,3)
2.000000e+14	2.532373e-02	-4.328126e-01
1.999733e+14	2.049406e-02	-5.441723e-01
1.999466e+14	1.602627e-02	-6.555012e-01
1.999199e+14	1.198138e-02	-7.667953e-01
1.998932e+14	8.415596e-03	-8.780522e-01
1.998665e+14	5.379564e-03	-9.892707e-01
1.998398e+14	2.917758e-03	-1.100451e+00
1.998131e+14	1.067909e-03	-1.211595e+00
1.997865e+14	1.394667e-04	1.818888e+00
1.997598e+14	6.814593e-04	1.707809e+00
1.997332e+14	5.430734e-04	1.596756e+00
1.997065e+14	2.825461e-04	-1.655867e+00
1.996799e+14	1.793971e-03	-1.766880e+00
1.996532e+14	3.981435e-03	-1.877878e+00
1.996266e+14	6.826857e-03	-1.988866e+00
1.996000e+14	1.030397e-02	-2.099844e+00
1.995734e+14	1.437854e-02	-2.210814e+00
1.995468e+14	1.900867e-02	-2.321773e+00
1.995202e+14	2.414524e-02	-2.432720e+00
1.994936e+14	2.973242e-02	-2.543649e+00
1.994670e+14	3.570831e-02	-2.654554e+00
1.994404e+14	4.200570e-02	-2.765427e+00
1.994139e+14	4.855285e-02	-2.876260e+00
1.993873e+14	5.527445e-02	-2.987043e+00
1.993608e+14	6.209259e-02	-3.097765e+00
1.993342e+14	6.892776e-02	3.074770e+00
1.993077e+14	7.569995e-02	2.964200e+00
1.992812e+14	8.232964e-02	2.853721e+00
1.992546e+14	8.873889e-02	2.743341e+00
1.992281e+14	9.485230e-02	2.633065e+00
1.992016e+14	1.005979e-01	2.522897e+00
1.991751e+14	1.059082e-01	2.412839e+00
1.991486e+14	1.107206e-01	2.302890e+00
1.991221e+14	1.149783e-01	2.193047e+00
1.990956e+14	1.186310e-01	2.083302e+00
1.990691e+14	1.216351e-01	1.973649e+00
1.990427e+14	1.239543e-01	1.864075e+00
1.990162e+14	1.255600e-01	1.754568e+00
1.989898e+14	1.264312e-01	1.645113e+00
1.989633e+14	1.265553e-01	1.535696e+00
1.989369e+14	1.259276e-01	1.426300e+00
1.989104e+14	1.245521e-01	1.316911e+00
1.988840e+14	1.224410e-01	1.207511e+00
1.988576e+14	1.196149e-01	1.098089e+00
1.988312e+14	1.161029e-01	9.886312e-01
1.988048e+14	1.119421e-01	8.791273e-01
1.987784e+14	1.071780e-01	7.695693e-01
1.987520e+14	1.018636e-01	6.599521e-01
1.987256e+14	9.605923e-02	5.502730e-01
1.986992e+14	8.983222e-02	4.405324e-01
1.986729e+14	8.325602e-02	3.307331e-01
1.986465e+14	7.640954e-02	2.208806e-01
1.986201e+14	6.937628e-02	1.109825e-01
1.985938e+14	6.224334e-02	1.048162e-03
1.985674e+14	5.510035e-02	-1.089118e-01
1.985411e+14	4.803831e-02	-2.188860e-01
1.985148e+14	4.114845e-02	-3.288631e-01
1.984885e+14	3.452096e-02	-4.388320e-01
1.984622e+14	2.824384e-02	-5.487827e-01
1.984358e+14	2.240168e-02	-6.587064e-01
1.984095e+14	1.707464e-02	-7.685965e-01
1.983832e+14	1.233732e-02	-8.784481e-01
1.983570e+14	8.257920e-03	-9.882589e-01
1.983307e+14	4.897316e-03	-1.098029e+00
1.983044e+14	2.308376e-03	-1.207759e+00
1.982781e+14	5.353013e-04	-1.317455e+00
1.982519e+14	3.869121e-04	1.714471e+00
1.982256e+14	4.329185e-04	1.604828e+00
1.981994e+14	4.126150e-04	-1.646393e+00
1.981732e+14	2.154733e-03	-1.756014e+00
1.981469e+14	4.788004e-03	-1.865633e+00
1.981207e+14	8.296417e-03	-1.975258e+00
1.980945e+14	1.265338e-02	-2.084891e+00
1.980683e+14	1.782183e-02	-2.194535e+00
1.980421e+14	2.375446e-02	-2.304189e+00
1.980159e+14	3.039407e-02	-2.413850e+00
1.979897e+14	3.767412e-02	-2.523510e+00
1.979635e+14	4.551934e-02	-2.633160e+00
1.979373e+14	5.384664e-02	-2.742788e+00
1.979112e+14	6.256604e-02	-2.852377e+00
1.978850e+14	7.158187e-02	-2.961912e+00
1.978588e+14	8.079400e-02	-3.071374e+00
1.978327e+14	9.009922e-02	3.102442e+00
1.978066e+14	9.939269e-02	2.993184e+00
1.977804e+14	1.085694e-01	2.884056e+00
1.977543e+14	1.175255e-01	2.775073e+00
1.977282e+14	1.261598e-01	2.666250e+00
1.977021e+14	1.343751e-01	2.557597e+00
1.976760e+14	1.420792e-01	2.449120e+00
1.976499e+14	1.491857e-01	2.340821e+00
1.976238e+14	1.556156e-01	2.232698e+00
1.975977e+14	1.612970e-01	2.124744e+00
1.975716e+14	1.661665e-01	2.016946e+00
1.975455e+14	1.701693e-01	1.909289e+00
1.975195e+14	1.732593e-01	1.801752e+00
1.974934e+14	1.753998e-01	1.694312e+00
1.974674e+14	1.765636e-01	1.586942e+00
1.974413e+14	1.767329e-01	1.479614e+00
1.974153e+14	1.758997e-01	1.372298e+00
1.973892e+14	1.740662e-01	1.264966e+00
1.973632e+14	1.712445e-01	1.157590e+00
1.973372e+14	1.674571e-01	1.050142e+00
1.973112e+14	1.627370e-01	9.425986e-01
1.972852e+14	1.571279e-01	8.349400e-01
1.972592e+14	1.506841e-01	7.271499e-01
1.972332e+14	1.434706e-01	6.192168e-01
1.972072e+14	1.355629e-01	5.111346e-01
1.971812e+14	1.270466e-01	4.029021e-01
1.971553e+14	1.180170e-01	2.945233e-01
1.971293e+14	1.085783e-01	1.860073e-01
1.971034e+14	9.884230e-02	7.736715e-02
1.970774e+14	8.892778e-02	-3.138021e-02
1.970515e+14	7.895852e-02	-1.402152e-01
1.970255e+14	6.906203e-02	-2.491165e-01
1.969996e+14	5.936766e-02	-3.580622e-01
1.969737e+14	5.000490e-02	-4.670308e-01
1.969478e+14	4.110153e-02	-5.760025e-01
1.969219e+14	3.278180e-02	-6.849602e-01
1.968960e+14	2.516481e-02	-7.938898e-01
1.968701e+14	1.836290e-02	-9.027819e-01
1.968442e+14	1.248025e-02	-1.011631e+00
1.968183e+14	7.611633e-03	-1.120437e+00
1.967924e+14	3.841334e-03	-1.229204e+00
1.967666e+14	1.242214e-03	-1.337941e+00
1.967407e+14	1.251041e-04	1.694934e+00
1.967148e+14	2.129493e-04	1.586220e+00
1.966890e+14	1.012764e-03	-1.664099e+00
1.966632e+14	3.571949e-03	-1.772856e+00
1.966373e+14	7.469812e-03	-1.881660e+00
1.966115e+14	1.269636e-02	-1.990524e+00
1.965857e+14	1.922598e-02	-2.099460e+00
1.965599e+14	2.701712e-02	-2.208475e+00
1.965341e+14	3.601212e-02	-2.317568e+00
1.965083e+14	4.613723e-02	-2.426734e+00
1.964825e+14	5.730292e-02	-2.535960e+00
1.964567e+14	6.940449e-02	-2.645226e+00
1.964309e+14	8.232310e-02	-2.754503e+00
1.964051e+14	9.592709e-02	-2.863758e+00
1.963794e+14	1.100738e-01	-2.972951e+00
1.963536e+14	1.246119e-01	-3.082036e+00
1.963279e+14	1.393833e-01	3.092218e+00
1.963021e+14	1.542266e-01	2.983490e+00
1.962764e+14	1.689792e-01	2.875012e+00
1.962507e+14	1.834804e-01	2.766830e+00
1.962249e+14	1.975737e-01	2.658981e+00
1.961992e+14	2.111093e-01	2.551499e+00
1.961735e+14	2.239460e-01	2.444408e+00
1.961478e+14	2.359527e-01	2.337722e+00
1.961221e+14	2.470092e-01	2.231444e+00
1.960964e+14	2.570072e-01	2.125567e+00
1.960707e+14	2.658505e-01	2.020072e+00
1.960450e+14	2.734545e-01	1.914929e+00
1.960194e+14	2.797465e-01	1.810096e+00
1.959937e+14	2.846646e-01	1.705524e+00
1.959681e+14	2.881578e-01	1.601154e+00
1.959424e+14	2.901854e-01	1.496921e+00
1.959168e+14	2.907163e-01	1.392753e+00
1.958911e+14	2.897297e-01	1.288576e+00
1.958655e+14	2.872145e-01	1.184314e+00
1.958399e+14	2.831707e-01	1.079893e+00
1.958143e+14	2.776093e-01	9.752393e-01
1.957886e+14	2.705541e-01	8.702859e-01
1.957630e+14	2.620428e-01	7.649720e-01
1.957374e+14	2.521287e-01	6.592460e-01
1.957119e+14	2.408824e-01	5.530668e-01
1.956863e+14	2.283931e-01	4.464058e-01
1.956607e+14	2.147704e-01	3.392475e-01
1.956351e+14	2.001451e-01	2.315908e-01
1.956096e+14	1.846700e-01	1.234482e-01
1.955840e+14	1.685192e-01	1.484590e-02
1.955585e+14	1.518876e-01	-9.417799e-02
1.955329e+14	1.349888e-01	-2.035752e-01
1.955074e+14	1.180527e-01	-3.132903e-01
1.954818e+14	1.013217e-01	-4.232635e-01
1.954563e+14	8.504723e-02	-5.334350e-01
1.954308e+14	6.948516e-02	-6.437479e-01
1.954053e+14	5.489186e-02	-7.541529e-01
1.953798e+14	4.151997e-02	-8.646113e-01
1.953543e+14	2.961487e-02	-9.750982e-01
1.953288e+14	1.941164e-02	-1.085605e+00
1.953033e+14	1.113269e-02	-1.196140e+00
1.952779e+14	4.985967e-03	-1.306732e+00
1.952524e+14	1.163582e-03	-1.417424e+00
1.952269e+14	1.593046e-04	1.613313e+00
1.952015e+14	1.174310e-03	-1.639375e+00
1.951760e+14	5.301701e-03	-1.750795e+00
1.951506e+14	1.233815e-02	-1.862634e+00
1.951251e+14	2.237371e-02	-1.974984e+00
1.950997e+14	3.546883e-02	-2.087934e+00
1.950743e+14	5.164879e-02	-2.201558e+00
1.950489e+14	7.089700e-02	-2.315909e+00
1.950234e+14	9.314776e-02	-2.431015e+00
1.949980e+14	1.182790e-01	-2.546862e+00
1.949726e+14	1.461058e-01	-2.663398e+00
1.949473e+14	1.763769e-01	-2.780519e+00
1.949219e+14	2.087735e-01	-2.898072e+00
1.948965e+14	2.429140e-01	-3.015853e+00
1.948711e+14	2.783633e-01	-3.133611e+00
1.948458e+14	3.146476e-01	3.032125e+00
1.948204e+14	3.512736e-01	2.915299e+00
1.947951e+14	3.877507e-01	2.799421e+00
1.947697e+14	4.236125e-01	2.684814e+00
1.947444e+14	4.584370e-01	2.571780e+00
1.947190e+14	4.918623e-01	2.460589e+00
1.946937e+14	5.235958e-01	2.351470e+00
1.946684e+14	5.534185e-01	2.244600e+00
1.946431e+14	5.811830e-01	2.140106e+00
1.946178e+14	6.068069e-01	2.038060e+00
1.945925e+14	6.302639e-01	1.938487e+00
1.945672e+14	6.515728e-01	1.841366e+00
1.945419e+14	6.707867e-01	1.746636e+00
1.945166e+14	6.879820e-01	1.654205e+00
1.944914e+14	7.032498e-01	1.563954e+00
1.944661e+14	7.166878e-01	1.475743e+00
1.944408e+14	7.283940e-01	1.389414e+00
1.944156e+14	7.384619e-01	1.304800e+00
1.943903e+14	7.469768e-01	1.221720e+00
1.943651e+14	7.540126e-01	1.139989e+00
1.943399e+14	7.596302e-01	1.059415e+00
1.943146e+14	7.638752e-01	9.798001e-01
1.942894e+14	7.667769e-01	9.009415e-01
1.942642e+14	7.683466e-01	8.226304e-01
1.942390e+14	7.685761e-01	7.446508e-01
1.942138e+14	7.674361e-01	6.667784e-01
1.941886e+14	7.648740e-01	5.887785e-01
1.941634e+14	7.608110e-01	5.104039e-01
1.941382e+14	7.551395e-01	4.313922e-01
1.941131e+14	7.477184e-01	3.514630e-01
1.940879e+14	7.383693e-01	2.703149e-01
1.940627e+14	7.268704e-01	1.876226e-01
1.940376e+14	7.129512e-01	1.030341e-01
1.940124e+14	6.962857e-01	1.616881e-02
1.939873e+14	6.764874e-01	-7.338318e-02
1.939622e+14	6.531046e-01	-1.660590e-01
1.939370e+14	6.256204e-01	-2.623172e-01
1.939119e+14	5.934600e-01	-3.626264e-01
1.938868e+14	5.560083e-01	-4.674446e-01
1.938617e+14	5.126462e-01	-5.771885e-01
1.938366e+14	4.628102e-01	-6.921883e-01
1.938115e+14	4.060801e-01	-8.126294e-01
1.937864e+14	3.422948e-01	-9.384826e-01
1.937613e+14	2.716811e-01	-1.069434e+00
1.937362e+14	1.949694e-01	-1.204829e+00
1.937112e+14	1.134524e-01	-1.343656e+00
1.936861e+14	2.894335e-02	-1.484586e+00
1.936611e+14	5.638445e-02	1.515518e+00
1.936360e+14	1.402544e-01	1.375075e+00
1.936110e+14	2.205729e-01	1.237176e+00
1.935859e+14	2.956637e-01	1.103071e+00
1.935609e+14	3.643958e-01	9.736721e-01
1.935359e+14	4.261923e-01	8.495370e-01
1.935109e+14	4.809513e-01	7.308944e-01
1.934858e+14	5.289224e-01	6.177079e-01
1.934608e+14	5.705790e-01	5.097466e-01
1.934358e+14	6.065101e-01	4.066526e-01
1.934109e+14	6.373405e-01	3.079961e-01
1.933859e+14	6.636785e-01	2.133157e-01
1.933609e+14	6.860858e-01	1.221468e-01
1.933359e+14	7.050629e-01	3.403885e-02
1.933110e+14	7.210448e-01	-5.143457e-02
1.932860e+14	7.344029e-01	-1.346715e-01
1.932610e+14	7.454491e-01	-2.160401e-01
1.932361e+14	7.544423e-01	-2.958803e-01
1.932112e+14	7.615947e-01	-3.745053e-01
1.931862e+14	7.670772e-01	-4.522047e-01
1.931613e+14	7.710252e-01	-5.292476e-01
1.931364e+14	7.735423e-01	-6.058852e-01
1.931115e+14	7.747052e-01	-6.823540e-01
1.930865e+14	7.745655e-01	-7.588779e-01
1.930616e+14	7.731531e-01	-8.356709e-01
1.930368e+14	7.704782e-01	-9.129381e-01
1.930119e+14	7.665324e-01	-9.908782e-01
1.929870e+14	7.612904e-01	-1.069684e+00
1.929621e+14	7.547117e-01	-1.149543e+00
1.929372e+14	7.467412e-01	-1.230637e+00
1.929124e+14	7.373111e-01	-1.313143e+00
1.928875e+14	7.263426e-01	-1.397232e+00
1.928627e+14	7.137482e-01	-1.483066e+00
1.928378e+14	6.994347e-01	-1.570798e+00
1.928130e+14	6.833075e-01	-1.660563e+00
1.927882e+14	6.652754e-01	-1.752484e+00
1.927633e+14	6.452577e-01	-1.846656e+00
1.927385e+14	6.231915e-01	-1.943149e+00
1.927137e+14	5.990409e-01	-2.042000e+00
1.926889e+14	5.728072e-01	-2.143203e+00
1.926641e+14	5.445387e-01	-2.246713e+00
1.926393e+14	5.143401e-01	-2.352433e+00
1.926145e+14	4.823798e-01	-2.460219e+00
1.925897e+14	4.488941e-01	-2.569878e+00
1.925650e+14	4.141865e-01	-2.681175e+00
1.925402e+14	3.786222e-01	-2.793838e+00
1.925154e+14	3.426166e-01	-2.907569e+00
1.924907e+14	3.066201e-01	-3.022059e+00
1.924659e+14	2.710982e-01	-3.137001e+00
1.924412e+14	2.365119e-01	3.031082e+00
1.924165e+14	2.032976e-01	2.916084e+00
1.923917e+14	1.718518e-01	2.801415e+00
1.923670e+14	1.425178e-01	2.687258e+00
1.923423e+14	1.155793e-01	2.573747e+00
1.923176e+14	9.125736e-02	2.460971e+00
1.922929e+14	6.971195e-02	2.348973e+00
1.922682e+14	5.104609e-02	2.237759e+00
1.922435e+14	3.531198e-02	2.127301e+00
1.922188e+14	2.251771e-02	2.017547e+00
1.921941e+14	1.263400e-02	1.908425e+00
1.921694e+14	5.600204e-03	1.799854e+00
1.921448e+14	1.329404e-03	1.691746e+00
1.921201e+14	2.875622e-04	-1.557578e+00
1.920955e+14	6.208759e-04	1.476578e+00
1.920708e+14	3.909161e-03	1.369365e+00
1.920462e+14	9.416108e-03	1.262315e+00
1.920215e+14	1.696603e-02	1.155382e+00
1.919969e+14	2.636976e-02	1.048539e+00
1.919723e+14	3.742578e-02	9.417709e-01
1.919477e+14	4.992169e-02	8.350817e-01
1.919231e+14	6.363610e-02	7.284885e-01
1.918985e+14	7.834105e-02	6.220219e-01
1.918739e+14	9.380484e-02	5.157225e-01
1.918493e+14	1.097954e-01	4.096386e-01
1.918247e+14	1.260836e-01	3.038228e-01
1.918001e+14	1.424471e-01	1.983288e-01
1.917756e+14	1.586734e-01	9.320834e-02
1.917510e+14	1.745630e-01	-1.149188e-02
1.917264e+14	1.899321e-01	-1.157325e-01
1.917019e+14	2.046139e-01	-2.194837e-01
1.916773e+14	2.184606e-01	-3.227264e-01
1.916528e+14	2.313429e-01	-4.254533e-01
1.916283e+14	2.431508e-01	-5.276690e-01
1.916037e+14	2.537925e-01	-6.293903e-01
1.915792e+14	2.631935e-01	-7.306448e-01
1.915547e+14	2.712952e-01	-8.314703e-01
1.915302e+14	2.780536e-01	-9.319136e-01
1.915057e+14	2.834381e-01	-1.032029e+00
1.914812e+14	2.874297e-01	-1.131875e+00
1.914567e+14	2.900199e-01	-1.231517e+00
1.914322e+14	2.912103e-01	-1.331021e+00
1.914077e+14	2.910109e-01	-1.430452e+00
1.913833e+14	2.894404e-01	-1.529876e+00
1.913588e+14	2.865256e-01	-1.629357e+00
1.913344e+14	2.823014e-01	-1.728952e+00
1.913099e+14	2.768110e-01	-1.828715e+00
1.912855e+14	2.701058e-01	-1.928692e+00
1.912610e+14	2.622465e-01	-2.028921e+00
1.912366e+14	2.533026e-01	-2.129434e+00
1.912122e+14	2.433531e-01	-2.230251e+00
1.911877e+14	2.324867e-01	-2.331385e+00
1.911633e+14	2.208014e-01	-2.432837e+00
1.911389e+14	2.084045e-01	-2.534602e+00
1.911145e+14	1.954117e-01	-2.636664e+00
1.910901e+14	1.819463e-01	-2.739001e+00
1.910657e+14	1.681381e-01	-2.841583e+00
1.910413e+14	1.541214e-01	-2.944377e+00
1.910170e+14	1.400337e-01	-3.047342e+00
1.909926e+14	1.260131e-01	3.132746e+00
1.909682e+14	1.121970e-01	3.029559e+00
1.909439e+14	9.871930e-02	2.926322e+00
1.909195e+14	8.570876e-02	2.823074e+00
1.908952e+14	7.328702e-02	2.719850e+00
1.908708e+14	6.156697e-02	2.616680e+00
1.908465e+14	5.065137e-02	2.513590e+00
1.908222e+14	4.063175e-02	2.410599e+00
1.907979e+14	3.158765e-02	2.307721e+00
1.907735e+14	2.358603e-02	2.204963e+00
1.907492e+14	1.668109e-02	2.102328e+00
1.907249e+14	1.091412e-02	1.999813e+00
1.907006e+14	6.313684e-03	1.897411e+00
1.906763e+14	2.895791e-03	1.795112e+00
1.906521e+14	6.642668e-04	1.692904e+00
1.906278e+14	3.888824e-04	-1.550821e+00
1.906035e+14	2.830378e-04	-1.652891e+00
1.905792e+14	9.514854e-04	1.386680e+00
1.905550e+14	3.273920e-03	1.284695e+00
1.905307e+14	6.633562e-03	1.182735e+00
1.905065e+14	1.097033e-02	1.080792e+00
1.904822e+14	1.621540e-02	9.788641e-01
1.904580e+14	2.229186e-02	8.769487e-01
1.904338e+14	2.911557e-02	7.750492e-01
1.904096e+14	3.659598e-02	6.731719e-01
1.903853e+14	4.463717e-02	5.713267e-01
1.903611e+14	5.313892e-02	4.695261e-01
1.903369e+14	6.199791e-02	3.677850e-01
1.903127e+14	7.110894e-02	2.661201e-01
1.902885e+14	8.036623e-02	1.645488e-01
1.902644e+14	8.966473e-02	6.308903e-02
1.902402e+14	9.890133e-02	-3.824238e-02
1.902160e+14	1.079761e-01	-1.394298e-01
1.901918e+14	1.167933e-01	-2.404596e-01
1.901677e+14	1.252627e-01	-3.413212e-01
1.901435e+14	1.332997e-01	-4.420070e-01
1.901194e+14	1.408268e-01	-5.425131e-01
1.900952e+14	1.477737e-01	-6.428393e-01
1.900711e+14	1.540778e-01	-7.429894e-01
1.900470e+14	1.596843e-01	-8.429711e-01
1.900228e+14	1.645465e-01	-9.427954e-01
1.899987e+14	1.686258e-01	-1.042477e+00
1.899746e+14	1.718917e-01	-1.142033e+00
1.899505e+14	1.743214e-01	-1.241484e+00
1.899264e+14	1.759000e-01	-1.340850e+00
1.899023e+14	1.766201e-01	-1.440155e+00
1.898782e+14	1.764819e-01	-1.539422e+00
1.898542e+14	1.754929e-01	-1.638674e+00
1.898301e+14	1.736675e-01	-1.737934e+00
1.898060e+14	1.710273e-01	-1.837222e+00
1.897819e+14	1.676007e-01	-1.936557e+00
1.897579e+14	1.634225e-01	-2.035957e+00
1.897338e+14	1.585343e-01	-2.135435e+00
1.897098e+14	1.529836e-01	-2.235001e+00
1.896858e+14	1.468241e-01	-2.334665e+00
1.896617e+14	1.401149e-01	-2.434429e+00
1.896377e+14	1.329203e-01	-2.534295e+00
1.896137e+14	1.253092e-01	-2.634259e+00
1.895897e+14	1.173545e-01	-2.734317e+00
1.895657e+14	1.091324e-01	-2.834459e+00
1.895417e+14	1.007217e-01	-2.934675e+00
1.895177e+14	9.220290e-02	-3.034954e+00
1.894937e+14	8.365725e-02	-3.135280e+00
1.894697e+14	7.516587e-02	3.047547e+00
1.894457e+14	6.680883e-02	2.947169e+00
1.894217e+14	5.866418e-02	2.846789e+00
1.893978e+14	5.080706e-02	2.746418e+00
1.893738e+14	4.330888e-02	2.646070e+00
1.893499e+14	3.623652e-02	2.545756e+00
1.893259e+14	2.965167e-02	2.445485e+00
1.893020e+14	2.361024e-02	2.345264e+00
1.892780e+14	1.816184e-02	2.245098e+00
1.892541e+14	1.334945e-02	2.144990e+00
1.892302e+14	9.209039e-03	2.044941e+00
1.892063e+14	5.769435e-03	1.944949e+00
1.891824e+14	3.052152e-03	1.845012e+00
1.891585e+14	1.071354e-03	1.745126e+00
1.891346e+14	1.661338e-04	-1.496307e+00
1.891107e+14	6.607543e-04	-1.596106e+00
1.890868e+14	4.200956e-04	-1.695871e+00
1.890629e+14	5.412821e-04	1.345986e+00
1.890390e+14	2.202066e-03	1.246275e+00
1.890152e+14	4.534456e-03	1.146585e+00
1.889913e+14	7.504479e-03	1.046911e+00
1.889674e+14	1.107235e-02	9.472527e-01
1.889436e+14	1.519290e-02	8.476097e-01
1.889197e+14	1.981601e-02	7.479833e-01
1.888959e+14	2.488717e-02	6.483763e-01
1.888721e+14	3.034803e-02	5.487930e-01
1.888482e+14	3.613702e-02	4.492392e-01
1.888244e+14	4.219004e-02	3.497215e-01
1.888006e+14	4.844111e-02	2.502475e-01
1.887768e+14	5.482313e-02	1.508256e-01
1.887530e+14	6.126858e-02	5.146394e-02
1.887292e+14	6.771028e-02	-4.782901e-02
1.887054e+14	7.408210e-02	-1.470455e-01
1.886816e+14	8.031961e-02	-2.461783e-01
1.886578e+14	8.636078e-02	-3.452217e-01
1.886341e+14	9.214652e-02	-4.441708e-01
1.886103e+14	9.762125e-02	-5.430228e-01
1.885865e+14	1.027334e-01	-6.417761e-01
1.885628e+14	1.074356e-01	-7.404313e-01
1.885390e+14	1.116855e-01	-8.389906e-01
1.885153e+14	1.154453e-01	-9.374582e-01
1.884916e+14	1.186828e-01	-1.035840e+00
1.884678e+14	1.213709e-01	-1.134143e+00
1.884441e+14	1.234879e-01	-1.232376e+00
1.884204e+14	1.250176e-01	-1.330548e+00
1.883967e+14	1.259494e-01	-1.428672e+00
1.883730e+14	1.262781e-01	-1.526757e+00
1.883493e+14	1.260039e-01	-1.624815e+00
1.883256e+14	1.251324e-01	-1.722857e+00
1.883019e+14	1.236745e-01	-1.820894e+00
1.882782e+14	1.216460e-01	-1.918937e+00
1.882545e+14	1.190682e-01	-2.016994e+00
1.882309e+14	1.159666e-01	-2.115074e+00
1.882072e+14	1.123718e-01	-2.213182e+00
1.881835e+14	1.083185e-01	-2.311324e+00
1.881599e+14	1.038455e-01	-2.409504e+00
1.881362e+14	9.899542e-02	-2.507723e+00
1.881126e+14	9.381426e-02	-2.605981e+00
1.880890e+14	8.835093e-02	-2.704277e+00
1.880653e+14	8.265690e-02	-2.802607e+00
1.880417e+14	7.678564e-02	-2.900967e+00
1.880181e+14	7.079212e-02	-2.999352e+00
1.879945e+14	6.473223e-02	-3.097755e+00
1.879709e+14	5.866226e-02	3.087015e+00
1.879473e+14	5.263823e-02	2.988595e+00
1.879237e+14	4.671540e-02	2.890179e+00
1.879001e+14	4.094763e-02	2.791774e+00
1.878765e+14	3.538686e-02	2.693385e+00
1.878529e+14	3.008257e-02	2.595020e+00
1.878294e+14	2.508129e-02	2.496683e+00
1.878058e+14	2.042620e-02	2.398380e+00
1.877822e+14	1.615669e-02	2.300114e+00
1.877587e+14	1.230802e-02	2.201887e+00
1.877351e+14	8.911061e-03	2.103700e+00
1.877116e+14	5.992048e-03	2.005555e+00
1.876881e+14	3.572384e-03	1.907449e+00
1.876645e+14	1.668519e-03	1.809383e+00
1.876410e+14	2.918647e-04	1.711353e+00
1.876175e+14	5.512448e-04	-1.528235e+00
1.875940e+14	8.595460e-04	-1.626200e+00
1.875705e+14	6.368005e-04	-1.724136e+00
1.875470e+14	1.082926e-04	1.319546e+00
1.875235e+14	1.362222e-03	1.221659e+00
1.875000e+14	3.106827e-03	1.123791e+00
("port 2","TE",1,"port 1",1,"modulation")
(1,1)
0.00314
(500,3)
2.000000e+14	9.996793e-01	-2.003609e+00
1.999733e+14	9.997900e-01	-2.114969e+00
1.999466e+14	9.998716e-01	-2.226297e+00
1.999199e+14	9.999282e-01	-2.337592e+00
1.998932e+14	9.999646e-01	-2.448849e+00
1.998665e+14	9.999855e-01	-2.560067e+00
1.998398e+14	9.999957e-01	-2.671247e+00
1.998131e+14	9.999994e-01	-2.782391e+00
1.997865e+14	1.000000e+00	-2.893501e+00
1.997598e+14	9.999998e-01	-3.004580e+00
1.997332e+14	9.999999e-01	-3.115632e+00
1.997065e+14	1.000000e+00	3.056522e+00
1.996799e+14	9.999984e-01	2.945509e+00
1.996532e+14	9.999921e-01	2.834511e+00
1.996266e+14	9.999767e-01	2.723523e+00
1.996000e+14	9.999469e-01	2.612545e+00
1.995734e+14	9.998966e-01	2.501575e+00
1.995468e+14	9.998193e-01	2.390616e+00
1.995202e+14	9.997085e-01	2.279669e+00
1.994936e+14	9.995579e-01	2.168740e+00
1.994670e+14	9.993623e-01	2.057835e+00
1.994404e+14	9.991174e-01	1.946962e+00
1.994139e+14	9.988206e-01	1.836129e+00
1.993873e+14	9.984712e-01	1.725346e+00
1.993608e+14	9.980704e-01	1.614624e+00
1.993342e+14	9.976217e-01	1.503973e+00
1.993077e+14	9.971306e-01	1.393404e+00
1.992812e+14	9.966052e-01	1.282925e+00
1.992546e+14	9.960549e-01	1.172544e+00
1.992281e+14	9.954914e-01	1.062268e+00
1.992016e+14	9.949272e-01	9.521005e-01
1.991751e+14	9.943759e-01	8.420426e-01
1.991486e+14	9.938516e-01	7.320938e-01
1.991221e+14	9.933680e-01	6.222503e-01
1.990956e+14	9.929384e-01	5.125061e-01
1.990691e+14	9.925749e-01	4.028524e-01
1.990427e+14	9.922879e-01	2.932784e-01
1.990162e+14	9.920860e-01	1.837713e-01
1.989898e+14	9.919754e-01	7.431674e-02
1.989633e+14	9.919596e-01	-3.510044e-02
1.989369e+14	9.920394e-01	-1.444960e-01
1.989104e+14	9.922131e-01	-2.538858e-01
1.988840e+14	9.924758e-01	-3.632848e-01
1.988576e+14	9.928204e-01	-4.727071e-01
1.988312e+14	9.932372e-01	-5.821651e-01
1.988048e+14	9.937147e-01	-6.916691e-01
1.987784e+14	9.942398e-01	-8.012270e-01
1.987520e+14	9.947984e-01	-9.108442e-01
1.987256e+14	9.953756e-01	-1.020523e+00
1.986992e+14	9.959569e-01	-1.130264e+00
1.986729e+14	9.965282e-01	-1.240063e+00
1.986465e+14	9.970765e-01	-1.349916e+00
1.986201e+14	9.975906e-01	-1.459814e+00
1.985938e+14	9.980610e-01	-1.569748e+00
1.985674e+14	9.984808e-01	-1.679708e+00
1.985411e+14	9.988455e-01	-1.789682e+00
1.985148e+14	9.991530e-01	-1.899659e+00
1.984885e+14	9.994040e-01	-2.009628e+00
1.984622e+14	9.996011e-01	-2.119579e+00
1.984358e+14	9.997491e-01	-2.229503e+00
1.984095e+14	9.998542e-01	-2.339393e+00
1.983832e+14	9.999239e-01	-2.449244e+00
1.983570e+14	9.999659e-01	-2.559055e+00
1.983307e+14	9.999880e-01	-2.668825e+00
1.983044e+14	9.999973e-01	-2.778556e+00
1.982781e+14	9.999999e-01	-2.888251e+00
1.982519e+14	9.999999e-01	-2.997918e+00
1.982256e+14	9.999999e-01	-3.107561e+00
1.981994e+14	9.999999e-01	3.065996e+00
1.981732e+14	9.999977e-01	2.956375e+00
1.981469e+14	9.999885e-01	2.846756e+00
1.981207e+14	9.999656e-01	2.737131e+00
1.980945e+14	9.999199e-01	2.627498e+00
1.980683e+14	9.998412e-01	2.517854e+00
1.980421e+14	9.997178e-01	2.408200e+00
1.980159e+14	9.995380e-01	2.298539e+00
1.979897e+14	9.992901e-01	2.188879e+00
1.979635e+14	9.989635e-01	2.079229e+00
1.979373e+14	9.985492e-01	1.969601e+00
1.979112e+14	9.980408e-01	1.860012e+00
1.978850e+14	9.974347e-01	1.750477e+00
1.978588e+14	9.967308e-01	1.641015e+00
1.978327e+14	9.959328e-01	1.531646e+00
1.978066e+14	9.950483e-01	1.422388e+00
1.977804e+14	9.940889e-01	1.313260e+00
1.977543e+14	9.930699e-01	1.204277e+00
1.977282e+14	9.920099e-01	1.095454e+00
1.977021e+14	9.909305e-01	9.868008e-01
1.976760e+14	9.898553e-01	8.783237e-01
1.976499e+14	9.888092e-01	7.700250e-01
1.976238e+14	9.878177e-01	6.619021e-01
1.975977e+14	9.869059e-01	5.539478e-01
1.975716e+14	9.860977e-01	4.461502e-01
1.975455e+14	9.854148e-01	3.384930e-01
1.975195e+14	9.848762e-01	2.309560e-01
1.974934e+14	9.844973e-01	1.235156e-01
1.974674e+14	9.842892e-01	1.614548e-02
1.974413e+14	9.842589e-01	-9.118268e-02
1.974153e+14	9.844081e-01	-1.984980e-01
1.973892e+14	9.847340e-01	-3.058299e-01
1.973632e+14	9.852286e-01	-4.132065e-01
1.973372e+14	9.858794e-01	-5.206545e-01
1.973112e+14	9.866695e-01	-6.281977e-01
1.972852e+14	9.875783e-01	-7.358563e-01
1.972592e+14	9.885820e-01	-8.436464e-01
1.972332e+14	9.896546e-01	-9.515795e-01
1.972072e+14	9.907687e-01	-1.059662e+00
1.971812e+14	9.918968e-01	-1.167894e+00
1.971553e+14	9.930116e-01	-1.276273e+00
1.971293e+14	9.940879e-01	-1.384789e+00
1.971034e+14	9.951031e-01	-1.493429e+00
1.970774e+14	9.960381e-01	-1.602177e+00
1.970515e+14	9.968779e-01	-1.711012e+00
1.970255e+14	9.976124e-01	-1.819913e+00
1.969996e+14	9.982362e-01	-1.928858e+00
1.969737e+14	9.987490e-01	-2.037827e+00
1.969478e+14	9.991550e-01	-2.146799e+00
1.969219e+14	9.994625e-01	-2.255756e+00
1.968960e+14	9.996833e-01	-2.364686e+00
1.968701e+14	9.998314e-01	-2.473578e+00
1.968442e+14	9.999221e-01	-2.582428e+00
1.968183e+14	9.999710e-01	-2.691234e+00
1.967924e+14	9.999926e-01	-2.800001e+00
1.967666e+14	9.999992e-01	-2.908737e+00
1.967407e+14	1.000000e+00	-3.017455e+00
1.967148e+14	1.000000e+00	-3.126169e+00
1.966890e+14	9.999995e-01	3.048290e+00
1.966632e+14	9.999936e-01	2.939533e+00
1.966373e+14	9.999721e-01	2.830729e+00
1.966115e+14	9.999194e-01	2.721865e+00
1.965857e+14	9.998152e-01	2.612929e+00
1.965599e+14	9.996350e-01	2.503914e+00
1.965341e+14	9.993514e-01	2.394821e+00
1.965083e+14	9.989351e-01	2.285655e+00
1.964825e+14	9.983568e-01	2.176429e+00
1.964567e+14	9.975886e-01	2.067163e+00
1.964309e+14	9.966057e-01	1.957886e+00
1.964051e+14	9.953884e-01	1.848631e+00
1.963794e+14	9.939234e-01	1.739438e+00
1.963536e+14	9.922056e-01	1.630353e+00
1.963279e+14	9.902385e-01	1.521422e+00
1.963021e+14	9.880355e-01	1.412694e+00
1.962764e+14	9.856196e-01	1.304216e+00
1.962507e+14	9.830234e-01	1.196033e+00
1.962249e+14	9.802880e-01	1.088185e+00
1.961992e+14	9.774625e-01	9.807030e-01
1.961735e+14	9.746015e-01	8.736118e-01
1.961478e+14	9.717645e-01	7.669257e-01
1.961221e+14	9.690131e-01	6.606480e-01
1.960964e+14	9.664095e-01	5.547711e-01
1.960707e+14	9.640143e-01	4.492761e-01
1.960450e+14	9.618849e-01	3.441326e-01
1.960194e+14	9.600739e-01	2.393000e-01
1.959937e+14	9.586272e-01	1.347281e-01
1.959681e+14	9.575829e-01	3.035810e-02
1.959424e+14	9.569705e-01	-7.387551e-02
1.959168e+14	9.568093e-01	-1.780436e-01
1.958911e+14	9.571085e-01	-2.822206e-01
1.958655e+14	9.578663e-01	-3.864821e-01
1.958399e+14	9.590695e-01	-4.909034e-01
1.958143e+14	9.606941e-01	-5.955570e-01
1.957886e+14	9.627048e-01	-7.005104e-01
1.957630e+14	9.650563e-01	-8.058243e-01
1.957374e+14	9.676937e-01	-9.115504e-01
1.957119e+14	9.705543e-01	-1.017730e+00
1.956863e+14	9.735690e-01	-1.124391e+00
1.956607e+14	9.766646e-01	-1.231549e+00
1.956351e+14	9.797663e-01	-1.339206e+00
1.956096e+14	9.828006e-01	-1.447348e+00
1.955840e+14	9.856984e-01	-1.555950e+00
1.955585e+14	9.883978e-01	-1.664974e+00
1.955329e+14	9.908471e-01	-1.774372e+00
1.955074e+14	9.930073e-01	-1.884087e+00
1.954818e+14	9.948537e-01	-1.994060e+00
1.954563e+14	9.963769e-01	-2.104231e+00
1.954308e+14	9.975830e-01	-2.214544e+00
1.954053e+14	9.984923e-01	-2.324949e+00
1.953798e+14	9.991377e-01	-2.435408e+00
1.953543e+14	9.995614e-01	-2.545895e+00
1.953288e+14	9.998116e-01	-2.656401e+00
1.953033e+14	9.999380e-01	-2.766937e+00
1.952779e+14	9.999876e-01	-2.877528e+00
1.952524e+14	9.999993e-01	-2.988220e+00
1.952269e+14	1.000000e+00	-3.099076e+00
1.952015e+14	9.999993e-01	3.073014e+00
1.951760e+14	9.999859e-01	2.961594e+00
1.951506e+14	9.999239e-01	2.849755e+00
1.951251e+14	9.997497e-01	2.737405e+00
1.950997e+14	9.993708e-01	2.624455e+00
1.950743e+14	9.986653e-01	2.510831e+00
1.950489e+14	9.974836e-01	2.396480e+00
1.950234e+14	9.956523e-01	2.281374e+00
1.949980e+14	9.929804e-01	2.165527e+00
1.949726e+14	9.892690e-01	2.048991e+00
1.949473e+14	9.843227e-01	1.931870e+00
1.949219e+14	9.779640e-01	1.814317e+00
1.948965e+14	9.700478e-01	1.696536e+00
1.948711e+14	9.604759e-01	1.578778e+00
1.948458e+14	9.492086e-01	1.461328e+00
1.948204e+14	9.362728e-01	1.344502e+00
1.947951e+14	9.217643e-01	1.228625e+00
1.947697e+14	9.058435e-01	1.114018e+00
1.947444e+14	8.887269e-01	1.000983e+00
1.947190e+14	8.706730e-01	8.897927e-01
1.946937e+14	8.519668e-01	7.806733e-01
1.946684e+14	8.329033e-01	6.738036e-01
1.946431e+14	8.137729e-01	5.693095e-01
1.946178e+14	7.948493e-01	4.672640e-01
1.945925e+14	7.763810e-01	3.676911e-01
1.945672e+14	7.585861e-01	2.705697e-01
1.945419e+14	7.416504e-01	1.758398e-01
1.945166e+14	7.257278e-01	8.340906e-02
1.944914e+14	7.109429e-01	-6.841883e-03
1.944661e+14	6.973942e-01	-9.505330e-02
1.944408e+14	6.851585e-01	-1.813818e-01
1.944156e+14	6.742952e-01	-2.659967e-01
1.943903e+14	6.648501e-01	-3.490765e-01
1.943651e+14	6.568600e-01	-4.308074e-01
1.943399e+14	6.503553e-01	-5.113814e-01
1.943146e+14	6.453640e-01	-5.909963e-01
1.942894e+14	6.419137e-01	-6.698548e-01
1.942642e+14	6.400340e-01	-7.481659e-01
1.942390e+14	6.397584e-01	-8.261455e-01
1.942138e+14	6.411254e-01	-9.040179e-01
1.941886e+14	6.441799e-01	-9.820178e-01
1.941634e+14	6.489735e-01	-1.060392e+00
1.941382e+14	6.555642e-01	-1.139404e+00
1.941131e+14	6.640160e-01	-1.219333e+00
1.940879e+14	6.743966e-01	-1.300481e+00
1.940627e+14	6.867747e-01	-1.383174e+00
1.940376e+14	7.012137e-01	-1.467762e+00
1.940124e+14	7.177647e-01	-1.554628e+00
1.939873e+14	7.364542e-01	-1.644180e+00
1.939622e+14	7.572677e-01	-1.736855e+00
1.939370e+14	7.801276e-01	-1.833114e+00
1.939119e+14	8.048635e-01	-1.933423e+00
1.938868e+14	8.311767e-01	-2.038241e+00
1.938617e+14	8.585999e-01	-2.147985e+00
1.938366e+14	8.864574e-01	-2.262985e+00
1.938115e+14	9.138375e-01	-2.383426e+00
1.937864e+14	9.395926e-01	-2.509279e+00
1.937613e+14	9.623873e-01	-2.640230e+00
1.937362e+14	9.808093e-01	-2.775625e+00
1.937112e+14	9.935434e-01	-2.914452e+00
1.936861e+14	9.995811e-01	-3.055382e+00
1.936611e+14	9.984091e-01	3.086314e+00
1.936360e+14	9.901155e-01	2.945871e+00
1.936110e+14	9.753705e-01	2.807973e+00
1.935859e+14	9.552921e-01	2.673867e+00
1.935609e+14	9.312442e-01	2.544468e+00
1.935359e+14	9.046326e-01	2.420333e+00
1.935109e+14	8.767473e-01	2.301691e+00
1.934858e+14	8.486702e-01	2.188504e+00
1.934608e+14	8.212427e-01	2.080543e+00
1.934358e+14	7.950758e-01	1.977449e+00
1.934109e+14	7.705823e-01	1.878792e+00
1.933859e+14	7.480180e-01	1.784112e+00
1.933609e+14	7.275207e-01	1.692943e+00
1.933359e+14	7.091448e-01	1.604835e+00
1.933110e+14	6.928884e-01	1.519362e+00
1.932860e+14	6.787138e-01	1.436125e+00
1.932610e+14	6.665626e-01	1.354756e+00
1.932361e+14	6.563663e-01	1.274916e+00
1.932112e+14	6.480536e-01	1.196291e+00
1.931862e+14	6.415548e-01	1.118592e+00
1.931613e+14	6.368047e-01	1.041549e+00
1.931364e+14	6.337446e-01	9.649112e-01
1.931115e+14	6.323226e-01	8.884424e-01
1.930865e+14	6.324938e-01	8.119184e-01
1.930616e+14	6.342194e-01	7.351255e-01
1.930368e+14	6.374663e-01	6.578582e-01
1.930119e+14	6.422057e-01	5.799181e-01
1.929870e+14	6.484111e-01	5.011124e-01
1.929621e+14	6.560566e-01	4.212538e-01
1.929372e+14	6.651147e-01	3.401598e-01
1.929124e+14	6.755533e-01	2.576534e-01
1.928875e+14	6.873328e-01	1.735642e-01
1.928627e+14	7.004024e-01	8.772985e-02
1.928378e+14	7.146965e-01	-1.268097e-06
1.928130e+14	7.301308e-01	-8.976701e-02
1.927882e+14	7.465980e-01	-1.816873e-01
1.927633e+14	7.639650e-01	-2.758596e-01
1.927385e+14	7.820693e-01	-3.723530e-01
1.927137e+14	8.007184e-01	-4.712033e-01
1.926889e+14	8.196901e-01	-5.724071e-01
1.926641e+14	8.387357e-01	-6.759165e-01
1.926393e+14	8.575863e-01	-7.816365e-01
1.926145e+14	8.759622e-01	-8.894224e-01
1.925897e+14	8.935850e-01	-9.990818e-01
1.925650e+14	9.101920e-01	-1.110379e+00
1.925402e+14	9.255513e-01	-1.223041e+00
1.925154e+14	9.394753e-01	-1.336772e+00
1.924907e+14	9.518320e-01	-1.451263e+00
1.924659e+14	9.625517e-01	-1.566205e+00
1.924412e+14	9.716286e-01	-1.681307e+00
1.924165e+14	9.791170e-01	-1.796305e+00
1.923917e+14	9.851228e-01	-1.910974e+00
1.923670e+14	9.897922e-01	-2.025131e+00
1.923423e+14	9.932983e-01	-2.138642e+00
1.923176e+14	9.958273e-01	-2.251418e+00
1.922929e+14	9.975672e-01	-2.363416e+00
1.922682e+14	9.986963e-01	-2.474630e+00
1.922435e+14	9.993763e-01	-2.585088e+00
1.922188e+14	9.997464e-01	-2.694842e+00
1.921941e+14	9.999202e-01	-2.803964e+00
1.921694e+14	9.999843e-01	-2.912535e+00
1.921448e+14	9.999991e-01	-3.020643e+00
1.921201e+14	1.000000e+00	-3.128374e+00
1.920955e+14	9.999998e-01	3.047375e+00
1.920708e+14	9.999924e-01	2.940161e+00
1.920462e+14	9.999557e-01	2.833111e+00
1.920215e+14	9.998561e-01	2.726179e+00
1.919969e+14	9.996523e-01	2.619335e+00
1.919723e+14	9.992994e-01	2.512567e+00
1.919477e+14	9.987531e-01	2.405878e+00
1.919231e+14	9.979732e-01	2.299285e+00
1.918985e+14	9.969266e-01	2.192818e+00
1.918739e+14	9.955906e-01	2.086519e+00
1.918493e+14	9.939542e-01	1.980435e+00
1.918247e+14	9.920196e-01	1.874619e+00
1.918001e+14	9.898024e-01	1.769125e+00
1.917756e+14	9.873311e-01	1.664005e+00
1.917510e+14	9.846460e-01	1.559304e+00
1.917264e+14	9.817972e-01	1.455064e+00
1.917019e+14	9.788428e-01	1.351313e+00
1.916773e+14	9.758458e-01	1.248070e+00
1.916528e+14	9.728723e-01	1.145343e+00
1.916283e+14	9.699885e-01	1.043127e+00
1.916037e+14	9.672587e-01	9.414060e-01
1.915792e+14	9.647431e-01	8.401516e-01
1.915547e+14	9.624962e-01	7.393260e-01
1.915302e+14	9.605655e-01	6.388828e-01
1.915057e+14	9.589905e-01	5.387677e-01
1.914812e+14	9.578017e-01	4.389210e-01
1.914567e+14	9.570206e-01	3.392790e-01
1.914322e+14	9.566591e-01	2.397757e-01
1.914077e+14	9.567197e-01	1.403445e-01
1.913833e+14	9.571960e-01	4.091998e-02
1.913588e+14	9.580726e-01	-5.856052e-02
1.913344e+14	9.593258e-01	-1.581556e-01
1.913099e+14	9.609244e-01	-2.579184e-01
1.912855e+14	9.628306e-01	-3.578953e-01
1.912610e+14	9.650009e-01	-4.581250e-01
1.912366e+14	9.673871e-01	-5.586378e-01
1.912122e+14	9.699378e-01	-6.594550e-01
1.911877e+14	9.725996e-01	-7.605884e-01
1.911633e+14	9.753188e-01	-8.620408e-01
1.911389e+14	9.780427e-01	-9.638056e-01
1.911145e+14	9.807213e-01	-1.065868e+00
1.910901e+14	9.833085e-01	-1.168205e+00
1.910657e+14	9.857634e-01	-1.270787e+00
1.910413e+14	9.880519e-01	-1.373580e+00
1.910170e+14	9.901467e-01	-1.476546e+00
1.909926e+14	9.920286e-01	-1.579643e+00
1.909682e+14	9.936860e-01	-1.682830e+00
1.909439e+14	9.951153e-01	-1.786067e+00
1.909195e+14	9.963202e-01	-1.889315e+00
1.908952e+14	9.973109e-01	-1.992539e+00
1.908708e+14	9.981030e-01	-2.095709e+00
1.908465e+14	9.987164e-01	-2.198799e+00
1.908222e+14	9.991742e-01	-2.301790e+00
1.907979e+14	9.995010e-01	-2.404668e+00
1.907735e+14	9.997218e-01	-2.507426e+00
1.907492e+14	9.998609e-01	-2.610061e+00
1.907249e+14	9.999404e-01	-2.712576e+00
1.907006e+14	9.999801e-01	-2.814978e+00
1.906763e+14	9.999958e-01	-2.917277e+00
1.906521e+14	9.999998e-01	-3.019485e+00
1.906278e+14	9.999999e-01	-3.121617e+00
1.906035e+14	1.000000e+00	3.059498e+00
1.905792e+14	9.999995e-01	2.957477e+00
1.905550e+14	9.999946e-01	2.855491e+00
1.905307e+14	9.999780e-01	2.753531e+00
1.905065e+14	9.999398e-01	2.651589e+00
1.904822e+14	9.998685e-01	2.549660e+00
1.904580e+14	9.997515e-01	2.447745e+00
1.904338e+14	9.995761e-01	2.345845e+00
1.904096e+14	9.993301e-01	2.243968e+00
1.903853e+14	9.990033e-01	2.142123e+00
1.903611e+14	9.985871e-01	2.040322e+00
1.903369e+14	9.980763e-01	1.938581e+00
1.903127e+14	9.974686e-01	1.836916e+00
1.902885e+14	9.967654e-01	1.735345e+00
1.902644e+14	9.959720e-01	1.633885e+00
1.902402e+14	9.950972e-01	1.532554e+00
1.902160e+14	9.941535e-01	1.431367e+00
1.901918e+14	9.931562e-01	1.330337e+00
1.901677e+14	9.921236e-01	1.229475e+00
1.901435e+14	9.910758e-01	1.128789e+00
1.901194e+14	9.900343e-01	1.028283e+00
1.900952e+14	9.890212e-01	9.279570e-01
1.900711e+14	9.880587e-01	8.278069e-01
1.900470e+14	9.871681e-01	7.278253e-01
1.900228e+14	9.863693e-01	6.280010e-01
1.899987e+14	9.856801e-01	5.283194e-01
1.899746e+14	9.851158e-01	4.287633e-01
1.899505e+14	9.846888e-01	3.293128e-01
1.899264e+14	9.844080e-01	2.299463e-01
1.899023e+14	9.842791e-01	1.306412e-01
1.898782e+14	9.843039e-01	3.137420e-02
1.898542e+14	9.844807e-01	-6.787785e-02
1.898301e+14	9.848043e-01	-1.671373e-01
1.898060e+14	9.852663e-01	-2.664252e-01
1.897819e+14	9.858550e-01	-3.657606e-01
1.897579e+14	9.865562e-01	-4.651603e-01
1.897338e+14	9.873535e-01	-5.646382e-01
1.897098e+14	9.882287e-01	-6.642052e-01
1.896858e+14	9.891626e-01	-7.638686e-01
1.896617e+14	9.901352e-01	-8.636328e-01
1.896377e+14	9.911267e-01	-9.634983e-01
1.896137e+14	9.921177e-01	-1.063463e+00
1.895897e+14	9.930901e-01	-1.163520e+00
1.895657e+14	9.940272e-01	-1.263663e+00
1.895417e+14	9.949146e-01	-1.363879e+00
1.895177e+14	9.957402e-01	-1.464157e+00
1.894937e+14	9.964946e-01	-1.564483e+00
1.894697e+14	9.971710e-01	-1.664842e+00
1.894457e+14	9.977658e-01	-1.765220e+00
1.894217e+14	9.982778e-01	-1.865600e+00
1.893978e+14	9.987085e-01	-1.965971e+00
1.893738e+14	9.990617e-01	-2.066319e+00
1.893499e+14	9.993432e-01	-2.166633e+00
1.893259e+14	9.995603e-01	-2.266904e+00
1.893020e+14	9.997212e-01	-2.367125e+00
1.892780e+14	9.998351e-01	-2.467291e+00
1.892541e+14	9.999109e-01	-2.567399e+00
1.892302e+14	9.999576e-01	-2.667448e+00
1.892063e+14	9.999834e-01	-2.767440e+00
1.891824e+14	9.999953e-01	-2.867377e+00
1.891585e+14	9.999994e-01	-2.967263e+00
1.891346e+14	1.000000e+00	-3.067103e+00
1.891107e+14	9.999998e-01	3.116283e+00
1.890868e+14	9.999999e-01	3.016518e+00
1.890629e+14	9.999999e-01	2.916783e+00
1.890390e+14	9.999976e-01	2.817072e+00
1.890152e+14	9.999897e-01	2.717381e+00
1.889913e+14	9.999718e-01	2.617707e+00
1.889674e+14	9.999387e-01	2.518049e+00
1.889436e+14	9.998846e-01	2.418406e+00
1.889197e+14	9.998036e-01	2.318780e+00
1.888959e+14	9.996903e-01	2.219173e+00
1.888721e+14	9.995394e-01	2.119589e+00
1.888482e+14	9.993468e-01	2.020036e+00
1.888244e+14	9.991096e-01	1.920518e+00
1.888006e+14	9.988260e-01	1.821044e+00
1.887768e+14	9.984961e-01	1.721622e+00
1.887530e+14	9.981213e-01	1.622260e+00
1.887292e+14	9.977050e-01	1.522967e+00
1.887054e+14	9.972521e-01	1.423751e+00
1.886816e+14	9.967692e-01	1.324618e+00
1.886578e+14	9.962639e-01	1.225575e+00
1.886341e+14	9.957455e-01	1.126625e+00
1.886103e+14	9.952236e-01	1.027774e+00
1.885865e+14	9.947089e-01	9.290202e-01
1.885628e+14	9.942120e-01	8.303650e-01
1.885390e+14	9.937436e-01	7.318057e-01
1.885153e+14	9.933138e-01	6.333382e-01
1.884916e+14	9.929322e-01	5.349566e-01
1.884678e+14	9.926072e-01	4.366537e-01
1.884441e+14	9.923461e-01	3.384207e-01
1.884204e+14	9.921545e-01	2.402479e-01
1.883967e+14	9.920367e-01	1.421246e-01
1.883730e+14	9.919949e-01	4.403963e-02
1.883493e+14	9.920297e-01	-5.401835e-02
1.883256e+14	9.921401e-01	-1.520606e-01
1.883019e+14	9.923228e-01	-2.500980e-01
1.882782e+14	9.925735e-01	-3.481407e-01
1.882545e+14	9.928861e-01	-4.461978e-01
1.882309e+14	9.932531e-01	-5.442773e-01
1.882072e+14	9.936662e-01	-6.423857e-01
1.881835e+14	9.941162e-01	-7.405281e-01
1.881599e+14	9.945934e-01	-8.387079e-01
1.881362e+14	9.950879e-01	-9.369268e-01
1.881126e+14	9.955897e-01	-1.035185e+00
1.880890e+14	9.960894e-01	-1.133480e+00
1.880653e+14	9.965781e-01	-1.231810e+00
1.880417e+14	9.970476e-01	-1.330171e+00
1.880181e+14	9.974911e-01	-1.428556e+00
1.879945e+14	9.979027e-01	-1.526959e+00
1.879709e+14	9.982779e-01	-1.625374e+00
1.879473e+14	9.986136e-01	-1.723793e+00
1.879237e+14	9.989082e-01	-1.822210e+00
1.879001e+14	9.991613e-01	-1.920615e+00
1.878765e+14	9.993737e-01	-2.019004e+00
1.878529e+14	9.995474e-01	-2.117369e+00
1.878294e+14	9.996854e-01	-2.215706e+00
1.878058e+14	9.997914e-01	-2.314009e+00
1.877822e+14	9.998695e-01	-2.412275e+00
1.877587e+14	9.999243e-01	-2.510502e+00
1.877351e+14	9.999603e-01	-2.608689e+00
1.877116e+14	9.999820e-01	-2.706834e+00
1.876881e+14	9.999936e-01	-2.804940e+00
1.876645e+14	9.999986e-01	-2.903006e+00
1.876410e+14	1.000000e+00	-3.001036e+00
1.876175e+14	9.999998e-01	-3.099032e+00
1.875940e+14	9.999996e-01	3.086189e+00
1.875705e+14	9.999998e-01	2.988253e+00
1.875470e+14	1.000000e+00	2.890343e+00
1.875235e+14	9.999991e-01	2.792455e+00
1.875000e+14	9.999952e-01	2.694587e+00
("port 2","TE",1,"port 2",1,"modulation")
(1,1)
0.00314
(500,3)
2.000000e+14	2.532373e-02	-4.328126e-01
1.999733e+14	2.049406e-02	-5.441723e-01
1.999466e+14	1.602627e-02	-6.555012e-01
1.999199e+14	1.198138e-02	-7.667953e-01
1.998932e+14	8.415596e-03	-8.780522e-01
1.998665e+14	5.379564e-03	-9.892707e-01
1.998398e+14	2.917758e-03	-1.100451e+00
1.998131e+14	1.067909e-03	-1.211595e+00
1.997865e+14	1.394667e-04	1.818888e+00
1.997598e+14	6.814593e-04	1.707809e+00
1.997332e+14	5.430734e-04	1.596756e+00
1.997065e+14	2.825461e-04	-1.655867e+00
1.996799e+14	1.793971e-03	-1.766880e+00
1.996532e+14	3.981435e-03	-1.877878e+00
1.996266e+14	6.826857e-03	-1.988866e+00
1.996000e+14	1.030397e-02	-2.099844e+00
1.995734e+14	1.437854e-02	-2.210814e+00
1.995468e+14	1.900867e-02	-2.321773e+00
1.995202e+14	2.414524e-02	-2.432720e+00
1.994936e+14	2.973242e-02	-2.543649e+00
1.994670e+14	3.570831e-02	-2.654554e+00
1.994404e+14	4.200570e-02	-2.765427e+00
1.994139e+14	4.855285e-02	-2.876260e+00
1.993873e+14	5.527445e-02	-2.987043e+00
1.993608e+14	6.209259e-02	-3.097765e+00
1.993342e+14	6.892776e-02	3.074770e+00
1.993077e+14	7.569995e-02	2.964200e+00
1.992812e+14	8.232964e-02	2.853721e+00
1.992546e+14	8.873889e-02	2.743341e+00
1.992281e+14	9.485230e-02	2.633065e+00
1.992016e+14	1.005979e-01	2.522897e+00
1.991751e+14	1.059082e-01	2.412839e+00
1.991486e+14	1.107206e-01	2.302890e+00
1.991221e+14	1.149783e-01	2.193047e+00
1.990956e+14	1.186310e-01	2.083302e+00
1.990691e+14	1.216351e-01	1.973649e+00
1.990427e+14	1.239543e-01	1.864075e+00
1.990162e+14	1.255600e-01	1.754568e+00
1.989898e+14	1.264312e-01	1.645113e+00
1.989633e+14	1.265553e-01	1.535696e+00
1.989369e+14	1.259276e-01	1.426300e+00
1.989104e+14	1.245521e-01	1.316911e+00
1.988840e+14	1.224410e-01	1.207511e+00
1.988576e+14	1.196149e-01	1.098089e+00
1.988312e+14	1.161029e-01	9.886312e-01
1.988048e+14	1.119421e-01	8.791273e-01
1.987784e+14	1.071780e-01	7.695693e-01
1.987520e+14	1.018636e-01	6.599521e-01
1.987256e+14	9.605923e-02	5.502730e-01
1.986992e+14	8.983222e-02	4.405324e-01
1.986729e+14	8.325602e-02	3.307331e-01
1.986465e+14	7.640954e-02	2.208806e-01
1.986201e+14	6.937628e-02	1.109825e-01
1.985938e+14	6.224334e-02	1.048162e-03
1.985674e+14	5.510035e-02	-1.089118e-01
1.985411e+14	4.803831e-02	-2.188860e-01
1.985148e+14	4.114845e-02	-3.288631e-01
1.984885e+14	3.452096e-02	-4.388320e-01
1.984622e+14	2.824384e-02	-5.487827e-01
1.984358e+14	2.240168e-02	-6.587064e-01
1.984095e+14	1.707464e-02	-7.685965e-01
1.983832e+14	1.233732e-02	-8.784481e-01
1.983570e+14	8.257920e-03	-9.882589e-01
1.983307e+14	4.897316e-03	-1.098029e+00
1.983044e+14	2.308376e-03	-1.207759e+00
1.982781e+14	5.353013e-04	-1.317455e+00
1.982519e+14	3.869121e-04	1.714471e+00
1.982256e+14	4.329185e-04	1.604828e+00
1.981994e+14	4.126150e-04	-1.646393e+00
1.981732e+14	2.154733e-03	-1.756014e+00
1.981469e+14	4.788004e-03	-1.865633e+00
1.981207e+14	8.296417e-03	-1.975258e+00
1.980945e+14	1.265338e-02	-2.084891e+00
1.980683e+14	1.782183e-02	-2.194535e+00
1.980421e+14	2.375446e-02	-2.304189e+00
1.980159e+14	3.039407e-02	-2.413850e+00
1.979897e+14	3.767412e-02	-2.523510e+00
1.979635e+14	4.551934e-02	-2.633160e+00
1.979373e+14	5.384664e-02	-2.742788e+00
1.979112e+14	6.256604e-02	-2.852377e+00
1.978850e+14	7.158187e-02	-2.961912e+00
1.978588e+14	8.079400e-02	-3.071374e+00
1.978327e+14	9.009922e-02	3.102442e+00
1.978066e+14	9.939269e-02	2.993184e+00
1.977804e+14	1.085694e-01	2.884056e+00
1.977543e+14	1.175255e-01	2.775073e+00
1.977282e+14	1.261598e-01	2.666250e+00
1.977021e+14	1.343751e-01	2.557597e+00
1.976760e+14	1.420792e-01	2.449120e+00
1.976499e+14	1.491857e-01	2.340821e+00
1.976238e+14	1.556156e-01	2.232698e+00
1.975977e+14	1.612970e-01	2.124744e+00
1.975716e+14	1.661665e-01	2.016946e+00
1.975455e+14	1.701693e-01	1.909289e+00
1.975195e+14	1.732593e-01	1.801752e+00
1.974934e+14	1.753998e-01	1.694312e+00
1.974674e+14	1.765636e-01	1.586942e+00
1.974413e+14	1.767329e-01	1.479614e+00
1.974153e+14	1.758997e-01	1.372298e+00
1.973892e+14	1.740662e-01	1.264966e+00
1.973632e+14	1.712445e-01	1.157590e+00
1.973372e+14	1.674571e-01	1.050142e+00
1.973112e+14	1.627370e-01	9.425986e-01
1.972852e+14	1.571279e-01	8.349400e-01
1.972592e+14	1.506841e-01	7.271499e-01
1.972332e+14	1.434706e-01	6.192168e-01
1.972072e+14	1.355629e-01	5.111346e-01
1.971812e+14	1.270466e-01	4.029021e-01
1.971553e+14	1.180170e-01	2.945233e-01
1.971293e+14	1.085783e-01	1.860073e-01
1.971034e+14	9.884230e-02	7.736715e-02
1.970774e+14	8.892778e-02	-3.138021e-02
1.970515e+14	7.895852e-02	-1.402152e-01
1.970255e+14	6.906203e-02	-2.491165e-01
1.969996e+14	5.936766e-02	-3.580622e-01
1.969737e+14	5.000490e-02	-4.670308e-01
1.969478e+14	4.110153e-02	-5.760025e-01
1.969219e+14	3.278180e-02	-6.849602e-01
1.968960e+14	2.516481e-02	-7.938898e-01
1.968701e+14	1.836290e-02	-9.027819e-01
1.968442e+14	1.248025e-02	-1.011631e+00
1.968183e+14	7.611633e-03	-1.120437e+00
1.967924e+14	3.841334e-03	-1.229204e+00
1.967666e+14	1.242214e-03	-1.337941e+00
1.967407e+14	1.251041e-04	1.694934e+00
1.967148e+14	2.129493e-04	1.586220e+00
1.966890e+14	1.012764e-03	-1.664099e+00
1.966632e+14	3.571949e-03	-1.772856e+00
1.966373e+14	7.469812e-03	-1.881660e+00
1.966115e+14	1.269636e-02	-1.990524e+00
1.965857e+14	1.922598e-02	-2.099460e+00
1.965599e+14	2.701712e-02	-2.208475e+00
1.965341e+14	3.601212e-02	-2.317568e+00
1.965083e+14	4.613723e-02	-2.426734e+00
1.964825e+14	5.730292e-02	-2.535960e+00
1.964567e+14	6.940449e-02	-2.645226e+00
1.964309e+14	8.232310e-02	-2.754503e+00
1.964051e+14	9.592709e-02	-2.863758e+00
1.963794e+14	1.100738e-01	-2.972951e+00
1.963536e+14	1.246119e-01	-3.082036e+00
1.963279e+14	1.393833e-01	3.092218e+00
1.963021e+14	1.542266e-01	2.983490e+00
1.962764e+14	1.689792e-01	2.875012e+00
1.962507e+14	1.834804e-01	2.766830e+00
1.962249e+14	1.975737e-01	2.658981e+00
1.961992e+14	2.111093e-01	2.551499e+00
1.961735e+14	2.239460e-01	2.444408e+00
1.961478e+14	2.359527e-01	2.337722e+00
1.961221e+14	2.470092e-01	2.231444e+00
1.960964e+14	2.570072e-01	2.125567e+00
1.960707e+14	2.658505e-01	2.020072e+00
1.960450e+14	2.734545e-01	1.914929e+00
1.960194e+14	2.797465e-01	1.810096e+00
1.959937e+14	2.846646e-01	1.705524e+00
1.959681e+14	2.881578e-01	1.601154e+00
1.959424e+14	2.901854e-01	1.496921e+00
1.959168e+14	2.907163e-01	1.392753e+00
1.958911e+14	2.897297e-01	1.288576e+00
1.958655e+14	2.872145e-01	1.184314e+00
1.958399e+14	2.831707e-01	1.079893e+00
1.958143e+14	2.776093e-01	9.752393e-01
1.957886e+14	2.705541e-01	8.702859e-01
1.957630e+14	2.620428e-01	7.649720e-01
1.957374e+14	2.521287e-01	6.592460e-01
1.957119e+14	2.408824e-01	5.530668e-01
1.956863e+14	2.283931e-01	4.464058e-01
1.956607e+14	2.147704e-01	3.392475e-01
1.956351e+14	2.001451e-01	2.315908e-01
1.956096e+14	1.846700e-01	1.234482e-01
1.955840e+14	1.685192e-01	1.484590e-02
1.955585e+14	1.518876e-01	-9.417799e-02
1.955329e+14	1.349888e-01	-2.035752e-01
1.955074e+14	1.180527e-01	-3.132903e-01
1.954818e+14	1.013217e-01	-4.232635e-01
1.954563e+14	8.504723e-02	-5.334350e-01
1.954308e+14	6.948516e-02	-6.437479e-01
1.954053e+14	5.489186e-02	-7.541529e-01
1.953798e+14	4.151997e-02	-8.646113e-01
1.953543e+14	2.961487e-02	-9.750982e-01
1.953288e+14	1.941164e-02	-1.085605e+00
1.953033e+14	1.113269e-02	-1.196140e+00
1.952779e+14	4.985967e-03	-1.306732e+00
1.952524e+14	1.163582e-03	-1.417424e+00
1.952269e+14	1.593046e-04	1.613313e+00
1.952015e+14	1.174310e-03	-1.639375e+00
1.951760e+14	5.301701e-03	-1.750795e+00
1.951506e+14	1.233815e-02	-1.862634e+00
1.951251e+14	2.237371e-02	-1.974984e+00
1.950997e+14	3.546883e-02	-2.087934e+00
1.950743e+14	5.164879e-02	-2.201558e+00
1.950489e+14	7.089700e-02	-2.315909e+00
1.950234e+14	9.314776e-02	-2.431015e+00
1.949980e+14	1.182790e-01	-2.546862e+00
1.949726e+14	1.461058e-01	-2.663398e+00
1.949473e+14	1.763769e-01	-2.780519e+00
1.949219e+14	2.087735e-01	-2.898072e+00
1.948965e+14	2.429140e-01	-3.015853e+00
1.948711e+14	2.783633e-01	-3.133611e+00
1.948458e+14	3.146476e-01	3.032125e+00
1.948204e+14	3.512736e-01	2.915299e+00
1.947951e+14	3.877507e-01	2.799421e+00
1.947697e+14	4.236125e-01	2.684814e+00
1.947444e+14	4.584370e-01	2.571780e+00
1.947190e+14	4.918623e-01	2.460589e+00
1.946937e+14	5.235958e-01	2.351470e+00
1.946684e+14	5.534185e-01	2.244600e+00
1.946431e+14	5.811830e-01	2.140106e+00
1.946178e+14	6.068069e-01	2.038060e+00
1.945925e+14	6.302639e-01	1.938487e+00
1.945672e+14	6.515728e-01	1.841366e+00
1.945419e+14	6.707867e-01	1.746636e+00
1.945166e+14	6.879820e-01	1.654205e+00
1.944914e+14	7.032498e-01	1.563954e+00
1.944661e+14	7.166878e-01	1.475743e+00
1.944408e+14	7.283940e-01	1.389414e+00
1.944156e+14	7.384619e-01	1.304800e+00
1.943903e+14	7.469768e-01	1.221720e+00
1.943651e+14	7.540126e-01	1.139989e+00
1.943399e+14	7.596302e-01	1.059415e+00
1.943146e+14	7.638752e-01	9.798001e-01
1.942894e+14	7.667769e-01	9.009415e-01
1.942642e+14	7.683466e-01	8.226304e-01
1.942390e+14	7.685761e-01	7.446508e-01
1.942138e+14	7.674361e-01	6.667784e-01
1.941886e+14	7.648740e-01	5.887785e-01
1.941634e+14	7.608110e-01	5.104039e-01
1.941382e+14	7.551395e-01	4.313922e-01
1.941131e+14	7.477184e-01	3.514630e-01
1.940879e+14	7.383693e-01	2.703149e-01
1.940627e+14	7.268704e-01	1.876226e-01
1.940376e+14	7.129512e-01	1.030341e-01
1.940124e+14	6.962857e-01	1.616881e-02
1.939873e+14	6.764874e-01	-7.338318e-02
1.939622e+14	6.531046e-01	-1.660590e-01
1.939370e+14	6.256204e-01	-2.623172e-01
1.939119e+14	5.934600e-01	-3.626264e-01
1.938868e+14	5.560083e-01	-4.674446e-01
1.938617e+14	5.126462e-01	-5.771885e-01
1.938366e+14	4.628102e-01	-6.921883e-01
1.938115e+14	4.060801e-01	-8.126294e-01
1.937864e+14	3.422948e-01	-9.384826e-01
1.937613e+14	2.716811e-01	-1.069434e+00
1.937362e+14	1.949694e-01	-1.204829e+00
1.937112e+14	1.134524e-01	-1.343656e+00
1.936861e+14	2.894335e-02	-1.484586e+00
1.936611e+14	5.638445e-02	1.515518e+00
1.936360e+14	1.402544e-01	1.375075e+00
1.936110e+14	2.205729e-01	1.237176e+00
1.935859e+14	2.956637e-01	1.103071e+00
1.935609e+14	3.643958e-01	9.736721e-01
1.935359e+14	4.261923e-01	8.495370e-01
1.935109e+14	4.809513e-01	7.308944e-01
1.934858e+14	5.289224e-01	6.177079e-01
1.934608e+14	5.705790e-01	5.097466e-01
1.934358e+14	6.065101e-01	4.066526e-01
1.934109e+14	6.373405e-01	3.079961e-01
1.933859e+14	6.636785e-01	2.133157e-01
1.933609e+14	6.860858e-01	1.221468e-01
1.933359e+14	7.050629e-01	3.403885e-02
1.933110e+14	7.210448e-01	-5.143457e-02
1.932860e+14	7.344029e-01	-1.346715e-01
1.932610e+14	7.454491e-01	-2.160401e-01
1.932361e+14	7.544423e-01	-2.958803e-01
1.932112e+14	7.615947e-01	-3.745053e-01
1.931862e+14	7.670772e-01	-4.522047e-01
1.931613e+14	7.710252e-01	-5.292476e-01
1.931364e+14	7.735423e-01	-6.058852e-01
1.931115e+14	7.747052e-01	-6.823540e-01
1.930865e+14	7.745655e-01	-7.588779e-01
1.930616e+14	7.731531e-01	-8.356709e-01
1.930368e+14	7.704782e-01	-9.129381e-01
1.930119e+14	7.665324e-01	-9.908782e-01
1.929870e+14	7.612904e-01	-1.069684e+00
1.929621e+14	7.547117e-01	-1.149543e+00
1.929372e+14	7.467412e-01	-1.230637e+00
1.929124e+14	7.373111e-01	-1.313143e+00
1.928875e+14	7.263426e-01	-1.397232e+00
1.928627e+14	7.137482e-01	-1.483066e+00
1.928378e+14	6.994347e-01	-1.570798e+00
1.928130e+14	6.833075e-01	-1.660563e+00
1.927882e+14	6.652754e-01	-1.752484e+00
1.927633e+14	6.452577e-01	-1.846656e+00
1.927385e+14	6.231915e-01	-1.943149e+00
1.927137e+14	5.990409e-01	-2.042000e+00
1.926889e+14	5.728072e-01	-2.143203e+00
1.926641e+14	5.445387e-01	-2.246713e+00
1.926393e+14	5.143401e-01	-2.352433e+00
1.926145e+14	4.823798e-01	-2.460219e+00
1.925897e+14	4.488941e-01	-2.569878e+00
1.925650e+14	4.141865e-01	-2.681175e+00
1.925402e+14	3.786222e-01	-2.793838e+00
1.925154e+14	3.426166e-01	-2.907569e+00
1.924907e+14	3.066201e-01	-3.022059e+00
1.924659e+14	2.710982e-01	-3.137001e+00
1.924412e+14	2.365119e-01	3.031082e+00
1.924165e+14	2.032976e-01	2.916084e+00
1.923917e+14	1.718518e-01	2.801415e+00
1.923670e+14	1.425178e-01	2.687258e+00
1.923423e+14	1.155793e-01	2.573747e+00
1.923176e+14	9.125736e-02	2.460971e+00
1.922929e+14	6.971195e-02	2.348973e+00
1.922682e+14	5.104609e-02	2.237759e+00
1.922435e+14	3.531198e-02	2.127301e+00
1.922188e+14	2.251771e-02	2.017547e+00
1.921941e+14	1.263400e-02	1.908425e+00
1.921694e+14	5.600204e-03	1.799854e+00
1.921448e+14	1.329404e-03	1.691746e+00
1.921201e+14	2.875622e-04	-1.557578e+00
1.920955e+14	6.208759e-04	1.476578e+00
1.920708e+14	3.909161e-03	1.369365e+00
1.920462e+14	9.416108e-03	1.262315e+00
1.920215e+14	1.696603e-02	1.155382e+00
1.919969e+14	2.636976e-02	1.048539e+00
1.919723e+14	3.742578e-02	9.417709e-01
1.919477e+14	4.992169e-02	8.350817e-01
1.919231e+14	6.363610e-02	7.284885e-01
1.918985e+14	7.834105e-02	6.220219e-01
1.918739e+14	9.380484e-02	5.157225e-01
1.918493e+14	1.097954e-01	4.096386e-01
1.918247e+14	1.260836e-01	3.038228e-01
1.918001e+14	1.424471e-01	1.983288e-01
1.917756e+14	1.586734e-01	9.320834e-02
1.917510e+14	1.745630e-01	-1.149188e-02
1.917264e+14	1.899321e-01	-1.157325e-01
1.917019e+14	2.046139e-01	-2.194837e-01
1.916773e+14	2.184606e-01	-3.227264e-01
1.916528e+14	2.313429e-01	-4.254533e-01
1.916283e+14	2.431508e-01	-5.276690e-01
1.916037e+14	2.537925e-01	-6.293903e-01
1.915792e+14	2.631935e-01	-7.306448e-01
1.915547e+14	2.712952e-01	-8.314703e-01
1.915302e+14	2.780536e-01	-9.319136e-01
1.915057e+14	2.834381e-01	-1.032029e+00
1.914812e+14	2.874297e-01	-1.131875e+00
1.914567e+14	2.900199e-01	-1.231517e+00
1.914322e+14	2.912103e-01	-1.331021e+00
1.914077e+14	2.910109e-01	-1.430452e+00
1.913833e+14	2.894404e-01	-1.529876e+00
1.913588e+14	2.865256e-01	-1.629357e+00
1.913344e+14	2.823014e-01	-1.728952e+00
1.913099e+14	2.768110e-01	-1.828715e+00
1.912855e+14	2.701058e-01	-1.928692e+00
1.912610e+14	2.622465e-01	-2.028921e+00
1.912366e+14	2.533026e-01	-2.129434e+00
1.912122e+14	2.433531e-01	-2.230251e+00
1.911877e+14	2.324867e-01	-2.331385e+00
1.911633e+14	2.208014e-01	-2.432837e+00
1.911389e+14	2.084045e-01	-2.534602e+00
1.911145e+14	1.954117e-01	-2.636664e+00
1.910901e+14	1.819463e-01	-2.739001e+00
1.910657e+14	1.681381e-01	-2.841583e+00
1.910413e+14	1.541214e-01	-2.944377e+00
1.910170e+14	1.400337e-01	-3.047342e+00
1.909926e+14	1.260131e-01	3.132746e+00
1.909682e+14	1.121970e-01	3.029559e+00
1.909439e+14	9.871930e-02	2.926322e+00
1.909195e+14	8.570876e-02	2.823074e+00
1.908952e+14	7.328702e-02	2.719850e+00
1.908708e+14	6.156697e-02	2.616680e+00
1.908465e+14	5.065137e-02	2.513590e+00
1.908222e+14	4.063175e-02	2.410599e+00
1.907979e+14	3.158765e-02	2.307721e+00
1.907735e+14	2.358603e-02	2.204963e+00
1.907492e+14	1.668109e-02	2.102328e+00
1.907249e+14	1.091412e-02	1.999813e+00
1.907006e+14	6.313684e-03	1.897411e+00
1.906763e+14	2.895791e-03	1.795112e+00
1.906521e+14	6.642668e-04	1.692904e+00
1.906278e+14	3.888824e-04	-1.550821e+00
1.906035e+14	2.830378e-04	-1.652891e+00
1.905792e+14	9.514854e-04	1.386680e+00
1.905550e+14	3.273920e-03	1.284695e+00
1.905307e+14	6.633562e-03	1.182735e+00
1.905065e+14	1.097033e-02	1.080792e+00
1.904822e+14	1.621540e-02	9.788641e-01
1.904580e+14	2.229186e-02	8.769487e-01
1.904338e+14	2.911557e-02	7.750492e-01
1.904096e+14	3.659598e-02	6.731719e-01
1.903853e+14	4.463717e-02	5.713267e-01
1.903611e+14	5.313892e-02	4.695261e-01
1.903369e+14	6.199791e-02	3.677850e-01
1.903127e+14	7.110894e-02	2.661201e-01
1.902885e+14	8.036623e-02	1.645488e-01
1.902644e+14	8.966473e-02	6.308903e-02
1.902402e+14	9.890133e-02	-3.824238e-02
1.902160e+14	1.079761e-01	-1.394298e-01
1.901918e+14	1.167933e-01	-2.404596e-01
1.901677e+14	1.252627e-01	-3.413212e-01
1.901435e+14	1.332997e-01	-4.420070e-01
1.901194e+14	1.408268e-01	-5.425131e-01
1.900952e+14	1.477737e-01	-6.428393e-01
1.900711e+14	1.540778e-01	-7.429894e-01
1.900470e+14	1.596843e-01	-8.429711e-01
1.900228e+14	1.645465e-01	-9.427954e-01
1.899987e+14	1.686258e-01	-1.042477e+00
1.899746e+14	1.718917e-01	-1.142033e+00
1.899505e+14	1.743214e-01	-1.241484e+00
1.899264e+14	1.759000e-01	-1.340850e+00
1.899023e+14	1.766201e-01	-1.440155e+00
1.898782e+14	1.764819e-01	-1.539422e+00
1.898542e+14	1.754929e-01	-1.638674e+00
1.898301e+14	1.736675e-01	-1.737934e+00
1.898060e+14	1.710273e-01	-1.837222e+00
1.897819e+14	1.676007e-01	-1.936557e+00
1.897579e+14	1.634225e-01	-2.035957e+00
1.897338e+14	1.585343e-01	-2.135435e+00
1.897098e+14	1.529836e-01	-2.235001e+00
1.896858e+14	1.468241e-01	-2.334665e+00
1.896617e+14	1.401149e-01	-2.434429e+00
1.896377e+14	1.329203e-01	-2.534295e+00
1.896137e+14	1.253092e-01	-2.634259e+00
1.895897e+14	1.173545e-01	-2.734317e+00
1.895657e+14	1.091324e-01	-2.834459e+00
1.895417e+14	1.007217e-01	-2.934675e+00
1.895177e+14	9.220290e-02	-3.034954e+00
1.894937e+14	8.365725e-02	-3.135280e+00
1.894697e+14	7.516587e-02	3.047547e+00
1.894457e+14	6.680883e-02	2.947169e+00
1.894217e+14	5.866418e-02	2.846789e+00
1.893978e+14	5.080706e-02	2.746418e+00
1.893738e+14	4.330888e-02	2.646070e+00
1.893499e+14	3.623652e-02	2.545756e+00
1.893259e+14	2.965167e-02	2.445485e+00
1.893020e+14	2.361024e-02	2.345264e+00
1.892780e+14	1.816184e-02	2.245098e+00
1.892541e+14	1.334945e-02	2.144990e+00
1.892302e+14	9.209039e-03	2.044941e+00
1.892063e+14	5.769435e-03	1.944949e+00
1.891824e+14	3.052152e-03	1.845012e+00
1.891585e+14	1.071354e-03	1.745126e+00
1.891346e+14	1.661338e-04	-1.496307e+00
1.891107e+14	6.607543e-04	-1.596106e+00
1.890868e+14	4.200956e-04	-1.695871e+00
1.890629e+14	5.412821e-04	1.345986e+00
1.890390e+14	2.202066e-03	1.246275e+00
1.890152e+14	4.534456e-03	1.146585e+00
1.889913e+14	7.504479e-03	1.046911e+00
1.889674e+14	1.107235e-02	9.472527e-01
1.889436e+14	1.519290e-02	8.476097e-01
1.889197e+14	1.981601e-02	7.479833e-01
1.888959e+14	2.488717e-02	6.483763e-01
1.888721e+14	3.034803e-02	5.487930e-01
1.888482e+14	3.613702e-02	4.492392e-01
1.888244e+14	4.219004e-02	3.497215e-01
1.888006e+14	4.844111e-02	2.502475e-01
1.887768e+14	5.482313e-02	1.508256e-01
1.887530e+14	6.126858e-02	5.146394e-02
1.887292e+14	6.771028e-02	-4.782901e-02
1.887054e+14	7.408210e-02	-1.470455e-01
1.886816e+14	8.031961e-02	-2.461783e-01
1.886578e+14	8.636078e-02	-3.452217e-01
1.886341e+14	9.214652e-02	-4.441708e-01
1.886103e+14	9.762125e-02	-5.430228e-01
1.885865e+14	1.027334e-01	-6.417761e-01
1.885628e+14	1.074356e-01	-7.404313e-01
1.885390e+14	1.116855e-01	-8.389906e-01
1.885153e+14	1.154453e-01	-9.374582e-01
1.884916e+14	1.186828e-01	-1.035840e+00
1.884678e+14	1.213709e-01	-1.134143e+00
1.884441e+14	1.234879e-01	-1.232376e+00
1.884204e+14	1.250176e-01	-1.330548e+00
1.883967e+14	1.259494e-01	-1.428672e+00
1.883730e+14	1.262781e-01	-1.526757e+00
1.883493e+14	1.260039e-01	-1.624815e+00
1.883256e+14	1.251324e-01	-1.722857e+00
1.883019e+14	1.236745e-01	-1.820894e+00
1.882782e+14	1.216460e-01	-1.918937e+00
1.882545e+14	1.190682e-01	-2.016994e+00
1.882309e+14	1.159666e-01	-2.115074e+00
1.882072e+14	1.123718e-01	-2.213182e+00
1.881835e+14	1.083185e-01	-2.311324e+00
1.881599e+14	1.038455e-01	-2.409504e+00
1.881362e+14	9.899542e-02	-2.507723e+00
1.881126e+14	9.381426e-02	-2.605981e+00
1.880890e+14	8.835093e-02	-2.704277e+00
1.880653e+14	8.265690e-02	-2.802607e+00
1.880417e+14	7.678564e-02	-2.900967e+00
1.880181e+14	7.079212e-02	-2.999352e+00
1.879945e+14	6.473223e-02	-3.097755e+00
1.879709e+14	5.866226e-02	3.087015e+00
1.879473e+14	5.263823e-02	2.988595e+00
1.879237e+14	4.671540e-02	2.890179e+00
1.879001e+14	4.094763e-02	2.791774e+00
1.878765e+14	3.538686e-02	2.693385e+00
1.878529e+14	3.008257e-02	2.595020e+00
1.878294e+14	2.508129e-02	2.496683e+00
1.878058e+14	2.042620e-02	2.398380e+00
1.877822e+14	1.615669e-02	2.300114e+00
1.877587e+14	1.230802e-02	2.201887e+00
1.877351e+14	8.911061e-03	2.103700e+00
1.877116e+14	5.992048e-03	2.005555e+00
1.876881e+14	3.572384e-03	1.907449e+00
1.876645e+14	1.668519e-03	1.809383e+00
1.876410e+14	2.918647e-04	1.711353e+00
1.876175e+14	5.512448e-04	-1.528235e+00
1.875940e+14	8.595460e-04	-1.626200e+00
1.875705e+14	6.368005e-04	-1.724136e+00
1.875470e+14	1.082926e-04	1.319546e+00
1.875235e+14	1.362222e-03	1.221659e+00
1.875000e+14	3.106827e-03	1.123791e+00
