("port 1","TE",1,"port 1",1,"modulation")
(1,1)
0.00343
(500,3)
2.000000e+14	3.195358e-02	-2.897239e-01
1.999733e+14	2.675530e-02	-4.011091e-01
1.999466e+14	2.183466e-02	-5.124702e-01
1.999199e+14	1.725772e-02	-6.238018e-01
1.998932e+14	1.308672e-02	-7.350997e-01
1.998665e+14	9.379303e-03	-8.463609e-01
1.998398e+14	6.187758e-03	-9.575838e-01
1.998131e+14	3.558368e-03	-1.068768e+00
1.997865e+14	1.530831e-03	-1.179916e+00
1.997598e+14	1.377565e-04	-1.291028e+00
1.997332e+14	5.957468e-04	1.739483e+00
1.997065e+14	6.524039e-04	1.628430e+00
1.996799e+14	2.302196e-05	1.517400e+00
1.996532e+14	1.293343e-03	-1.735204e+00
1.996266e+14	3.289303e-03	-1.846200e+00
1.996000e+14	5.949146e-03	-1.957184e+00
1.995734e+14	9.248928e-03	-2.068158e+00
1.995468e+14	1.315666e-02	-2.179124e+00
1.995202e+14	1.763261e-02	-2.290080e+00
1.994936e+14	2.262967e-02	-2.401024e+00
1.994670e+14	2.809389e-02	-2.511952e+00
1.994404e+14	3.396503e-02	-2.622858e+00
1.994139e+14	4.017733e-02	-2.733735e+00
1.993873e+14	4.666026e-02	-2.844575e+00
1.993608e+14	5.333947e-02	-2.955367e+00
1.993342e+14	6.013768e-02	-3.066101e+00
1.993077e+14	6.697576e-02	3.106419e+00
1.992812e+14	7.377373e-02	2.995832e+00
1.992546e+14	8.045186e-02	2.885333e+00
1.992281e+14	8.693165e-02	2.774930e+00
1.992016e+14	9.313689e-02	2.664629e+00
1.991751e+14	9.899459e-02	2.554437e+00
1.991486e+14	1.044358e-01	2.444354e+00
1.991221e+14	1.093966e-01	2.334380e+00
1.990956e+14	1.138184e-01	2.224513e+00
1.990691e+14	1.176489e-01	2.114748e+00
1.990427e+14	1.208428e-01	2.005075e+00
1.990162e+14	1.233614e-01	1.895486e+00
1.989898e+14	1.251740e-01	1.785967e+00
1.989633e+14	1.262574e-01	1.676506e+00
1.989369e+14	1.265966e-01	1.567086e+00
1.989104e+14	1.261846e-01	1.457692e+00
1.988840e+14	1.250228e-01	1.348308e+00
1.988576e+14	1.231212e-01	1.238919e+00
1.988312e+14	1.204978e-01	1.129511e+00
1.988048e+14	1.171794e-01	1.020071e+00
1.987784e+14	1.132009e-01	9.105876e-01
1.987520e+14	1.086052e-01	8.010521e-01
1.987256e+14	1.034433e-01	6.914585e-01
1.986992e+14	9.777341e-02	5.818035e-01
1.986729e+14	9.166095e-02	4.720867e-01
1.986465e+14	8.517762e-02	3.623100e-01
1.986201e+14	7.840086e-02	2.524784e-01
1.985938e+14	7.141292e-02	1.425987e-01
1.985674e+14	6.429995e-02	3.268004e-02
1.985411e+14	5.715097e-02	-7.726742e-02
1.985148e+14	5.005669e-02	-1.872325e-01
1.984885e+14	4.310836e-02	-2.972037e-01
1.984622e+14	3.639660e-02	-4.071698e-01
1.984358e+14	3.001013e-02	-5.171204e-01
1.984095e+14	2.403464e-02	-6.270465e-01
1.983832e+14	1.855165e-02	-7.369406e-01
1.983570e+14	1.363745e-02	-8.467974e-01
1.983307e+14	9.362163e-03	-9.566139e-01
1.983044e+14	5.788845e-03	-1.066389e+00
1.982781e+14	2.972733e-03	-1.176125e+00
1.982519e+14	9.605756e-04	-1.285824e+00
1.982256e+14	2.099325e-04	1.746101e+00
1.981994e+14	5.106272e-04	1.636458e+00
1.981732e+14	7.674080e-05	-1.614760e+00
1.981469e+14	1.560206e-03	-1.724376e+00
1.981207e+14	3.937373e-03	-1.833989e+00
1.980945e+14	7.195292e-03	-1.943606e+00
1.980683e+14	1.131042e-02	-2.053230e+00
1.980421e+14	1.624871e-02	-2.162865e+00
1.980159e+14	2.196579e-02	-2.272510e+00
1.979897e+14	2.840727e-02	-2.382163e+00
1.979635e+14	3.550926e-02	-2.491818e+00
1.979373e+14	4.319895e-02	-2.601466e+00
1.979112e+14	5.139542e-02	-2.711095e+00
1.978850e+14	6.001060e-02	-2.820692e+00
1.978588e+14	6.895035e-02	-2.930238e+00
1.978327e+14	7.811569e-02	-3.039717e+00
1.978066e+14	8.740420e-02	3.134077e+00
1.977804e+14	9.671137e-02	3.024791e+00
1.977543e+14	1.059321e-01	2.915629e+00
1.977282e+14	1.149621e-01	2.806609e+00
1.977021e+14	1.236992e-01	2.697745e+00
1.976760e+14	1.320451e-01	2.589048e+00
1.976499e+14	1.399059e-01	2.480525e+00
1.976238e+14	1.471936e-01	2.372181e+00
1.975977e+14	1.538268e-01	2.264014e+00
1.975716e+14	1.597317e-01	2.156017e+00
1.975455e+14	1.648422e-01	2.048182e+00
1.975195e+14	1.691011e-01	1.940492e+00
1.974934e+14	1.724597e-01	1.832928e+00
1.974674e+14	1.748786e-01	1.725469e+00
1.974413e+14	1.763278e-01	1.618087e+00
1.974153e+14	1.767868e-01	1.510756e+00
1.973892e+14	1.762447e-01	1.403445e+00
1.973632e+14	1.747008e-01	1.296127e+00
1.973372e+14	1.721642e-01	1.188772e+00
1.973112e+14	1.686543e-01	1.081354e+00
1.972852e+14	1.642013e-01	9.738464e-01
1.972592e+14	1.588455e-01	8.662291e-01
1.972332e+14	1.526383e-01	7.584845e-01
1.972072e+14	1.456414e-01	6.505998e-01
1.971812e+14	1.379275e-01	5.425673e-01
1.971553e+14	1.295791e-01	4.343842e-01
1.971293e+14	1.206889e-01	3.260532e-01
1.971034e+14	1.113584e-01	2.175819e-01
1.970774e+14	1.016974e-01	1.089822e-01
1.970515e+14	9.182279e-02	2.701314e-04
1.970255e+14	8.185699e-02	-1.085355e-01
1.969996e+14	7.192658e-02	-2.174138e-01
1.969737e+14	6.216054e-02	-3.263428e-01
1.969478e+14	5.268850e-02	-4.353009e-01
1.969219e+14	4.363888e-02	-5.442677e-01
1.968960e+14	3.513713e-02	-6.532250e-01
1.968701e+14	2.730400e-02	-7.621580e-01
1.968442e+14	2.025392e-02	-8.710558e-01
1.968183e+14	1.409358e-02	-9.799118e-01
1.967924e+14	8.920580e-03	-1.088724e+00
1.967666e+14	4.822362e-03	-1.197496e+00
1.967407e+14	1.875190e-03	-1.306234e+00
1.967148e+14	1.433198e-04	-1.414950e+00
1.966890e+14	3.217401e-04	1.617935e+00
1.966632e+14	5.181134e-04	-1.632373e+00
1.966373e+14	2.686981e-03	-1.741114e+00
1.966115e+14	6.194410e-03	-1.849896e+00
1.965857e+14	1.103489e-02	-1.958735e+00
1.965599e+14	1.718741e-02	-2.067644e+00
1.965341e+14	2.461510e-02	-2.176629e+00
1.965083e+14	3.326502e-02	-2.285693e+00
1.964825e+14	4.306811e-02	-2.394833e+00
1.964567e+14	5.393941e-02	-2.504038e+00
1.964309e+14	6.577860e-02	-2.613288e+00
1.964051e+14	7.847084e-02	-2.722560e+00
1.963794e+14	9.188808e-02	-2.831819e+00
1.963536e+14	1.058907e-01	-2.941029e+00
1.963279e+14	1.203296e-01	-3.050144e+00
1.963021e+14	1.350486e-01	3.124066e+00
1.962764e+14	1.498869e-01	3.015279e+00
1.962507e+14	1.646820e-01	2.906730e+00
1.962249e+14	1.792724e-01	2.798462e+00
1.961992e+14	1.935001e-01	2.690518e+00
1.961735e+14	2.072132e-01	2.582932e+00
1.961478e+14	2.202679e-01	2.475730e+00
1.961221e+14	2.325299e-01	2.368930e+00
1.960964e+14	2.438758e-01	2.262539e+00
1.960707e+14	2.541938e-01	2.156552e+00
1.960450e+14	2.633841e-01	2.050953e+00
1.960194e+14	2.713589e-01	1.945716e+00
1.959937e+14	2.780419e-01	1.840803e+00
1.959681e+14	2.833682e-01	1.736166e+00
1.959424e+14	2.872836e-01	1.631749e+00
1.959168e+14	2.897445e-01	1.527488e+00
1.958911e+14	2.907169e-01	1.423314e+00
1.958655e+14	2.901770e-01	1.319153e+00
1.958399e+14	2.881110e-01	1.214930e+00
1.958143e+14	2.845153e-01	1.110568e+00
1.957886e+14	2.793977e-01	1.005996e+00
1.957630e+14	2.727781e-01	9.011428e-01
1.957374e+14	2.646900e-01	7.959462e-01
1.957119e+14	2.551819e-01	6.903516e-01
1.956863e+14	2.443191e-01	5.843147e-01
1.956607e+14	2.321851e-01	4.778031e-01
1.956351e+14	2.188835e-01	3.707975e-01
1.956096e+14	2.045388e-01	2.632923e-01
1.955840e+14	1.892972e-01	1.552962e-01
1.955585e+14	1.733265e-01	4.683138e-02
1.955329e+14	1.568158e-01	-6.206734e-02
1.955074e+14	1.399734e-01	-1.713544e-01
1.954818e+14	1.230245e-01	-2.809762e-01
1.954563e+14	1.062083e-01	-3.908740e-01
1.954308e+14	8.977391e-02	-5.009873e-01
1.954053e+14	7.397634e-02	-6.112582e-01
1.953798e+14	5.907221e-02	-7.216348e-01
1.953543e+14	4.531559e-02	-8.320749e-01
1.953288e+14	3.295431e-02	-9.425492e-01
1.953033e+14	2.222671e-02	-1.053044e+00
1.952779e+14	1.335912e-02	-1.163563e+00
1.952524e+14	6.563866e-03	-1.274128e+00
1.952269e+14	2.037811e-03	-1.384779e+00
1.952015e+14	3.880027e-05	1.646019e+00
1.951760e+14	4.965008e-04	-1.606583e+00
1.951506e+14	3.786980e-03	-1.717892e+00
1.951251e+14	9.954672e-03	-1.829592e+00
1.950997e+14	1.909746e-02	-1.941776e+00
1.950743e+14	3.128503e-02	-2.054535e+00
1.950489e+14	4.655369e-02	-2.167947e+00
1.950234e+14	6.489994e-02	-2.282074e+00
1.949980e+14	8.627335e-02	-2.396950e+00
1.949726e+14	1.105692e-01	-2.512576e+00
1.949473e+14	1.376218e-01	-2.628910e+00
1.949219e+14	1.671996e-01	-2.745866e+00
1.948965e+14	1.990037e-01	-2.863304e+00
1.948711e+14	2.326703e-01	-2.981035e+00
1.948458e+14	2.677789e-01	-3.098823e+00
1.948204e+14	3.038653e-01	3.066796e+00
1.947951e+14	3.404400e-01	2.949758e+00
1.947697e+14	3.770092e-01	2.833573e+00
1.947444e+14	4.130972e-01	2.718563e+00
1.947190e+14	4.482672e-01	2.605040e+00
1.946937e+14	4.821382e-01	2.493284e+00
1.946684e+14	5.143966e-01	2.383537e+00
1.946431e+14	5.448016e-01	2.275992e+00
1.946178e+14	5.731850e-01	2.170790e+00
1.945925e+14	5.994462e-01	2.068021e+00
1.945672e+14	6.235432e-01	1.967721e+00
1.945419e+14	6.454829e-01	1.869884e+00
1.945166e+14	6.653090e-01	1.774459e+00
1.944914e+14	6.830923e-01	1.681363e+00
1.944661e+14	6.989203e-01	1.590485e+00
1.944408e+14	7.128894e-01	1.501689e+00
1.944156e+14	7.250981e-01	1.414825e+00
1.943903e+14	7.356418e-01	1.329724e+00
1.943651e+14	7.446083e-01	1.246213e+00
1.943399e+14	7.520753e-01	1.164106e+00
1.943146e+14	7.581076e-01	1.083213e+00
1.942894e+14	7.627557e-01	1.003339e+00
1.942642e+14	7.660536e-01	9.242815e-01
1.942390e+14	7.680184e-01	8.458341e-01
1.942138e+14	7.686476e-01	7.677830e-01
1.941886e+14	7.679185e-01	6.899067e-01
1.941634e+14	7.657856e-01	6.119737e-01
1.941382e+14	7.621782e-01	5.337409e-01
1.941131e+14	7.569976e-01	4.549507e-01
1.940879e+14	7.501133e-01	3.753284e-01
1.940627e+14	7.413583e-01	2.945792e-01
1.940376e+14	7.305245e-01	2.123853e-01
1.940124e+14	7.173564e-01	1.284028e-01
1.939873e+14	7.015454e-01	4.225987e-02
1.939622e+14	6.827233e-01	-4.644468e-02
1.939370e+14	6.604581e-01	-1.381402e-01
1.939119e+14	6.342523e-01	-2.332797e-01
1.938868e+14	6.035469e-01	-3.323305e-01
1.938617e+14	5.677361e-01	-4.357563e-01
1.938366e+14	5.261970e-01	-5.439901e-01
1.938115e+14	4.783418e-01	-6.573934e-01
1.937864e+14	4.236968e-01	-7.762013e-01
1.937613e+14	3.620106e-01	-9.004561e-01
1.937362e+14	2.933812e-01	-1.029935e+00
1.937112e+14	2.183793e-01	-1.164090e+00
1.936861e+14	1.381291e-01	-1.302015e+00
1.936611e+14	5.430018e-02	-1.442466e+00
1.936360e+14	3.101835e-02	1.557644e+00
1.936110e+14	1.155508e-01	1.416732e+00
1.935859e+14	1.971210e-01	1.277938e+00
1.935609e+14	2.739099e-01	1.142597e+00
1.935359e+14	3.446182e-01	1.011728e+00
1.935109e+14	4.085091e-01	8.859923e-01
1.934858e+14	4.653508e-01	7.657114e-01
1.934608e+14	5.153019e-01	6.509204e-01
1.934358e+14	5.587815e-01	5.414390e-01
1.934109e+14	5.963536e-01	4.369410e-01
1.933859e+14	6.286391e-01	3.370131e-01
1.933609e+14	6.562550e-01	2.411999e-01
1.933359e+14	6.797789e-01	1.490357e-01
1.933110e+14	6.997305e-01	6.006445e-02
1.932860e+14	7.165642e-01	-2.614812e-02
1.932610e+14	7.306698e-01	-1.100087e-01
1.932361e+14	7.423765e-01	-1.918943e-01
1.932112e+14	7.519583e-01	-2.721530e-01
1.931862e+14	7.596407e-01	-3.511056e-01
1.931613e+14	7.656062e-01	-4.290485e-01
1.931364e+14	7.700004e-01	-5.062565e-01
1.931115e+14	7.729360e-01	-5.829859e-01
1.930865e+14	7.744972e-01	-6.594772e-01
1.930616e+14	7.747429e-01	-7.359579e-01
1.930368e+14	7.737094e-01	-8.126445e-01
1.930119e+14	7.714124e-01	-8.897448e-01
1.929870e+14	7.678489e-01	-9.674591e-01
1.929621e+14	7.629987e-01	-1.045982e+00
1.929372e+14	7.568256e-01	-1.125502e+00
1.929124e+14	7.492788e-01	-1.206203e+00
1.928875e+14	7.402941e-01	-1.288264e+00
1.928627e+14	7.297957e-01	-1.371857e+00
1.928378e+14	7.176985e-01	-1.457148e+00
1.928130e+14	7.039107e-01	-1.544292e+00
1.927882e+14	6.883376e-01	-1.633430e+00
1.927633e+14	6.708864e-01	-1.724688e+00
1.927385e+14	6.514725e-01	-1.818172e+00
1.927137e+14	6.300267e-01	-1.913959e+00
1.926889e+14	6.065040e-01	-2.012097e+00
1.926641e+14	5.808936e-01	-2.112592e+00
1.926393e+14	5.532286e-01	-2.215413e+00
1.926145e+14	5.235958e-01	-2.320477e+00
1.925897e+14	4.921440e-01	-2.427656e+00
1.925650e+14	4.590888e-01	-2.536771e+00
1.925402e+14	4.247139e-01	-2.647598e+00
1.925154e+14	3.893668e-01	-2.759875e+00
1.924907e+14	3.534494e-01	-2.873312e+00
1.924659e+14	3.174033e-01	-2.987601e+00
1.924412e+14	2.816916e-01	-3.102434e+00
1.924165e+14	2.467785e-01	3.065674e+00
1.923917e+14	2.131098e-01	2.950624e+00
1.923670e+14	1.810953e-01	2.835841e+00
1.923423e+14	1.510954e-01	2.721520e+00
1.923176e+14	1.234120e-01	2.607809e+00
1.922929e+14	9.828503e-02	2.494811e+00
1.922682e+14	7.589242e-02	2.382582e+00
1.922435e+14	5.635375e-02	2.271139e+00
1.922188e+14	3.973580e-02	2.160464e+00
1.921941e+14	2.605919e-02	2.050510e+00
1.921694e+14	1.530524e-02	1.941212e+00
1.921448e+14	7.422133e-03	1.832489e+00
1.921201e+14	2.330422e-03	1.724257e+00
1.920955e+14	7.270916e-05	-1.525167e+00
1.920708e+14	8.986792e-05	1.508914e+00
1.920462e+14	2.677593e-03	1.401646e+00
1.920215e+14	7.533878e-03	1.294557e+00
1.919969e+14	1.448732e-02	1.187598e+00
1.919723e+14	2.335274e-02	1.080735e+00
1.919477e+14	3.393222e-02	9.739500e-01
1.919231e+14	4.601650e-02	8.672411e-01
1.918985e+14	5.938671e-02	7.606215e-01
1.918739e+14	7.381660e-02	6.541181e-01
1.918493e+14	8.907532e-02	5.477686e-01
1.918247e+14	1.049306e-01	4.416195e-01
1.918001e+14	1.211520e-01	3.357223e-01
1.917756e+14	1.375149e-01	2.301308e-01
1.917510e+14	1.538035e-01	1.248976e-01
1.917264e+14	1.698141e-01	2.007108e-02
1.917019e+14	1.853579e-01	-8.430683e-02
1.916773e+14	2.002630e-01	-1.882032e-01
1.916528e+14	2.143756e-01	-2.915957e-01
1.916283e+14	2.275609e-01	-3.944734e-01
1.916037e+14	2.397032e-01	-4.968374e-01
1.915792e+14	2.507053e-01	-5.987007e-01
1.915547e+14	2.604876e-01	-7.000877e-01
1.915302e+14	2.689868e-01	-8.010334e-01
1.915057e+14	2.761547e-01	-9.015820e-01
1.914812e+14	2.819567e-01	-1.001785e+00
1.914567e+14	2.863705e-01	-1.101702e+00
1.914322e+14	2.893846e-01	-1.201394e+00
1.914077e+14	2.909975e-01	-1.300927e+00
1.913833e+14	2.912169e-01	-1.400369e+00
1.913588e+14	2.900588e-01	-1.499784e+00
1.913344e+14	2.875476e-01	-1.599236e+00
1.913099e+14	2.837156e-01	-1.698786e+00
1.912855e+14	2.786036e-01	-1.798488e+00
1.912610e+14	2.722605e-01	-1.898390e+00
1.912366e+14	2.647441e-01	-1.998535e+00
1.912122e+14	2.561211e-01	-2.098955e+00
1.911877e+14	2.464677e-01	-2.199673e+00
1.911633e+14	2.358696e-01	-2.300705e+00
1.911389e+14	2.244220e-01	-2.402057e+00
1.911145e+14	2.122294e-01	-2.503723e+00
1.910901e+14	1.994051e-01	-2.605692e+00
1.910657e+14	1.860702e-01	-2.707944e+00
1.910413e+14	1.723526e-01	-2.810450e+00
1.910170e+14	1.583853e-01	-2.913179e+00
1.909926e+14	1.443052e-01	-3.016091e+00
1.909682e+14	1.302503e-01	-3.119148e+00
1.909439e+14	1.163585e-01	3.060878e+00
1.909195e+14	1.027649e-01	2.957657e+00
1.908952e+14	8.960003e-02	2.854413e+00
1.908708e+14	7.698784e-02	2.751184e+00
1.908465e+14	6.504403e-02	2.648000e+00
1.908222e+14	5.387453e-02	2.544888e+00
1.907979e+14	4.357439e-02	2.441870e+00
1.907735e+14	3.422683e-02	2.338961e+00
1.907492e+14	2.590267e-02	2.236171e+00
1.907249e+14	1.865998e-02	2.133504e+00
1.907006e+14	1.254397e-02	2.030958e+00
1.906763e+14	7.587043e-03	1.928527e+00
1.906521e+14	3.808988e-03	1.826203e+00
1.906278e+14	1.217296e-03	1.723973e+00
1.906035e+14	1.924781e-04	-1.519768e+00
1.905792e+14	4.362976e-04	-1.621850e+00
1.905550e+14	4.588005e-04	1.417712e+00
1.905307e+14	2.455180e-03	1.315722e+00
1.905065e+14	5.505110e-03	1.213760e+00
1.904822e+14	9.551307e-03	1.111817e+00
1.904580e+14	1.452754e-02	1.009890e+00
1.904338e+14	2.035930e-02	9.079751e-01
1.904096e+14	2.696456e-02	8.060750e-01
1.903853e+14	3.425464e-02	7.041949e-01
1.903611e+14	4.213516e-02	6.023435e-01
1.903369e+14	5.050709e-02	5.005326e-01
1.903127e+14	5.926794e-02	3.987764e-01
1.902885e+14	6.831297e-02	2.970913e-01
1.902644e+14	7.753646e-02	1.954944e-01
1.902402e+14	8.683300e-02	9.400353e-02
1.902160e+14	9.609878e-02	-7.363996e-03
1.901918e+14	1.052328e-01	-1.085921e-01
1.901677e+14	1.141380e-01	-2.096665e-01
1.901435e+14	1.227222e-01	-3.105757e-01
1.901194e+14	1.308992e-01	-4.113109e-01
1.900952e+14	1.385893e-01	-5.118673e-01
1.900711e+14	1.457198e-01	-6.122435e-01
1.900470e+14	1.522259e-01	-7.124420e-01
1.900228e+14	1.580503e-01	-8.124694e-01
1.899987e+14	1.631439e-01	-9.123357e-01
1.899746e+14	1.674656e-01	-1.012054e+00
1.899505e+14	1.709824e-01	-1.111642e+00
1.899264e+14	1.736692e-01	-1.211118e+00
1.899023e+14	1.755087e-01	-1.310503e+00
1.898782e+14	1.764913e-01	-1.409820e+00
1.898542e+14	1.766148e-01	-1.509092e+00
1.898301e+14	1.758845e-01	-1.608341e+00
1.898060e+14	1.743128e-01	-1.707592e+00
1.897819e+14	1.719190e-01	-1.806864e+00
1.897579e+14	1.687295e-01	-1.906178e+00
1.897338e+14	1.647771e-01	-2.005552e+00
1.897098e+14	1.601014e-01	-2.105000e+00
1.896858e+14	1.547481e-01	-2.204535e+00
1.896617e+14	1.487691e-01	-2.304163e+00
1.896377e+14	1.422218e-01	-2.403892e+00
1.896137e+14	1.351689e-01	-2.503722e+00
1.895897e+14	1.276779e-01	-2.603652e+00
1.895657e+14	1.198208e-01	-2.703677e+00
1.895417e+14	1.116726e-01	-2.803790e+00
1.895177e+14	1.033116e-01	-2.903980e+00
1.894937e+14	9.481764e-02	-3.004236e+00
1.894697e+14	8.627195e-02	-3.104545e+00
1.894457e+14	7.775577e-02	3.078295e+00
1.894217e+14	6.934957e-02	2.977926e+00
1.893978e+14	6.113210e-02	2.877549e+00
1.893738e+14	5.317948e-02	2.777179e+00
1.893499e+14	4.556434e-02	2.676827e+00
1.893259e+14	3.835500e-02	2.576506e+00
1.893020e+14	3.161481e-02	2.476226e+00
1.892780e+14	2.540150e-02	2.375994e+00
1.892541e+14	1.976666e-02	2.275815e+00
1.892302e+14	1.475531e-02	2.175694e+00
1.892063e+14	1.040561e-02	2.075631e+00
1.891824e+14	6.748577e-03	1.975626e+00
1.891585e+14	3.807983e-03	1.875677e+00
1.891346e+14	1.600245e-03	1.775781e+00
1.891107e+14	1.344328e-04	1.675932e+00
1.890868e+14	5.876777e-04	-1.565468e+00
1.890629e+14	5.714966e-04	-1.665238e+00
1.890390e+14	1.705365e-04	1.376615e+00
1.890152e+14	1.619159e-03	1.276902e+00
1.889913e+14	3.748534e-03	1.177210e+00
1.889674e+14	6.526554e-03	1.077536e+00
1.889436e+14	9.915183e-03	9.778772e-01
1.889197e+14	1.387086e-02	8.782339e-01
1.888959e+14	1.834494e-02	7.786067e-01
1.888721e+14	2.328422e-02	6.789979e-01
1.888482e+14	2.863147e-02	5.794113e-01
1.888244e+14	3.432606e-02	4.798522e-01
1.888006e+14	4.030458e-02	3.803271e-01
1.887768e+14	4.650157e-02	2.808433e-01
1.887530e+14	5.285021e-02	1.814089e-01
1.887292e+14	5.928304e-02	8.203230e-02
1.887054e+14	6.573271e-02	-1.727817e-02
1.886816e+14	7.213269e-02	-1.165145e-01
1.886578e+14	7.841798e-02	-2.156693e-01
1.886341e+14	8.452575e-02	-3.147363e-01
1.886103e+14	9.039594e-02	-4.137105e-01
1.885865e+14	9.597186e-02	-5.125881e-01
1.885628e+14	1.012006e-01	-6.113674e-01
1.885390e+14	1.060337e-01	-7.100483e-01
1.885153e+14	1.104269e-01	-8.086324e-01
1.884916e+14	1.143412e-01	-9.071232e-01
1.884678e+14	1.177426e-01	-1.005526e+00
1.884441e+14	1.206024e-01	-1.103848e+00
1.884204e+14	1.228973e-01	-1.202097e+00
1.883967e+14	1.246094e-01	-1.300283e+00
1.883730e+14	1.257262e-01	-1.398416e+00
1.883493e+14	1.262411e-01	-1.496507e+00
1.883256e+14	1.261524e-01	-1.594568e+00
1.883019e+14	1.254643e-01	-1.692610e+00
1.882782e+14	1.241858e-01	-1.790643e+00
1.882545e+14	1.223314e-01	-1.888679e+00
1.882309e+14	1.199206e-01	-1.986726e+00
1.882072e+14	1.169778e-01	-2.084794e+00
1.881835e+14	1.135318e-01	-2.182888e+00
1.881599e+14	1.096163e-01	-2.281015e+00
1.881362e+14	1.052686e-01	-2.379179e+00
1.881126e+14	1.005305e-01	-2.477381e+00
1.880890e+14	9.544668e-02	-2.575623e+00
1.880653e+14	9.006535e-02	-2.673903e+00
1.880417e+14	8.443722e-02	-2.772218e+00
1.880181e+14	7.861516e-02	-2.870565e+00
1.879945e+14	7.265374e-02	-2.968939e+00
1.879709e+14	6.660863e-02	-3.067333e+00
1.879473e+14	6.053604e-02	3.117444e+00
1.879237e+14	5.449213e-02	3.019030e+00
1.879001e+14	4.853245e-02	2.920616e+00
1.878765e+14	4.271135e-02	2.822211e+00
1.878529e+14	3.708140e-02	2.723820e+00
1.878294e+14	3.169291e-02	2.625452e+00
1.878058e+14	2.659335e-02	2.527110e+00
1.877822e+14	2.182698e-02	2.428801e+00
1.877587e+14	1.743439e-02	2.330527e+00
1.877351e+14	1.345215e-02	2.232292e+00
1.877116e+14	9.912517e-03	2.134097e+00
1.876881e+14	6.843178e-03	2.035943e+00
1.876645e+14	4.267042e-03	1.937829e+00
1.876410e+14	2.202102e-03	1.839755e+00
1.876175e+14	6.613351e-04	1.741719e+00
1.875940e+14	3.473522e-04	-1.497876e+00
1.875705e+14	8.211295e-04	-1.595845e+00
1.875470e+14	7.622086e-04	-1.693785e+00
1.875235e+14	1.777696e-04	-1.791699e+00
1.875000e+14	9.201531e-04	1.252003e+00
("port 1","TE",1,"port 2",1,"modulation")
(1,1)
0.00343
(500,3)
2.000000e+14	3.195358e-02	-2.897239e-01
1.999733e+14	2.675530e-02	-4.011091e-01
1.999466e+14	2.183466e-02	-5.124702e-01
1.999199e+14	1.725772e-02	-6.238018e-01
1.998932e+14	1.308672e-02	-7.350997e-01
1.998665e+14	9.379303e-03	-8.463609e-01
1.998398e+14	6.187758e-03	-9.575838e-01
1.998131e+14	3.558368e-03	-1.068768e+00
1.997865e+14	1.530831e-03	-1.179916e+00
1.997598e+14	1.377565e-04	-1.291028e+00
1.997332e+14	5.957468e-04	1.739483e+00
1.997065e+14	6.524039e-04	1.628430e+00
1.996799e+14	2.302196e-05	1.517400e+00
1.996532e+14	1.293343e-03	-1.735204e+00
1.996266e+14	3.289303e-03	-1.846200e+00
1.996000e+14	5.949146e-03	-1.957184e+00
1.995734e+14	9.248928e-03	-2.068158e+00
1.995468e+14	1.315666e-02	-2.179124e+00
1.995202e+14	1.763261e-02	-2.290080e+00
1.994936e+14	2.262967e-02	-2.401024e+00
1.994670e+14	2.809389e-02	-2.511952e+00
1.994404e+14	3.396503e-02	-2.622858e+00
1.994139e+14	4.017733e-02	-2.733735e+00
1.993873e+14	4.666026e-02	-2.844575e+00
1.993608e+14	5.333947e-02	-2.955367e+00
1.993342e+14	6.013768e-02	-3.066101e+00
1.993077e+14	6.697576e-02	3.106419e+00
1.992812e+14	7.377373e-02	2.995832e+00
1.992546e+14	8.045186e-02	2.885333e+00
1.992281e+14	8.693165e-02	2.774930e+00
1.992016e+14	9.313689e-02	2.664629e+00
1.991751e+14	9.899459e-02	2.554437e+00
1.991486e+14	1.044358e-01	2.444354e+00
1.991221e+14	1.093966e-01	2.334380e+00
1.990956e+14	1.138184e-01	2.224513e+00
1.990691e+14	1.176489e-01	2.114748e+00
1.990427e+14	1.208428e-01	2.005075e+00
1.990162e+14	1.233614e-01	1.895486e+00
1.989898e+14	1.251740e-01	1.785967e+00
1.989633e+14	1.262574e-01	1.676506e+00
1.989369e+14	1.265966e-01	1.567086e+00
1.989104e+14	1.261846e-01	1.457692e+00
1.988840e+14	1.250228e-01	1.348308e+00
1.988576e+14	1.231212e-01	1.238919e+00
1.988312e+14	1.204978e-01	1.129511e+00
1.988048e+14	1.171794e-01	1.020071e+00
1.987784e+14	1.132009e-01	9.105876e-01
1.987520e+14	1.086052e-01	8.010521e-01
1.987256e+14	1.034433e-01	6.914585e-01
1.986992e+14	9.777341e-02	5.818035e-01
1.986729e+14	9.166095e-02	4.720867e-01
1.986465e+14	8.517762e-02	3.623100e-01
1.986201e+14	7.840086e-02	2.524784e-01
1.985938e+14	7.141292e-02	1.425987e-01
1.985674e+14	6.429995e-02	3.268004e-02
1.985411e+14	5.715097e-02	-7.726742e-02
1.985148e+14	5.005669e-02	-1.872325e-01
1.984885e+14	4.310836e-02	-2.972037e-01
1.984622e+14	3.639660e-02	-4.071698e-01
1.984358e+14	3.001013e-02	-5.171204e-01
1.984095e+14	2.403464e-02	-6.270465e-01
1.983832e+14	1.855165e-02	-7.369406e-01
1.983570e+14	1.363745e-02	-8.467974e-01
1.983307e+14	9.362163e-03	-9.566139e-01
1.983044e+14	5.788845e-03	-1.066389e+00
1.982781e+14	2.972733e-03	-1.176125e+00
1.982519e+14	9.605756e-04	-1.285824e+00
1.982256e+14	2.099325e-04	1.746101e+00
1.981994e+14	5.106272e-04	1.636458e+00
1.981732e+14	7.674080e-05	-1.614760e+00
1.981469e+14	1.560206e-03	-1.724376e+00
1.981207e+14	3.937373e-03	-1.833989e+00
1.980945e+14	7.195292e-03	-1.943606e+00
1.980683e+14	1.131042e-02	-2.053230e+00
1.980421e+14	1.624871e-02	-2.162865e+00
1.980159e+14	2.196579e-02	-2.272510e+00
1.979897e+14	2.840727e-02	-2.382163e+00
1.979635e+14	3.550926e-02	-2.491818e+00
1.979373e+14	4.319895e-02	-2.601466e+00
1.979112e+14	5.139542e-02	-2.711095e+00
1.978850e+14	6.001060e-02	-2.820692e+00
1.978588e+14	6.895035e-02	-2.930238e+00
1.978327e+14	7.811569e-02	-3.039717e+00
1.978066e+14	8.740420e-02	3.134077e+00
1.977804e+14	9.671137e-02	3.024791e+00
1.977543e+14	1.059321e-01	2.915629e+00
1.977282e+14	1.149621e-01	2.806609e+00
1.977021e+14	1.236992e-01	2.697745e+00
1.976760e+14	1.320451e-01	2.589048e+00
1.976499e+14	1.399059e-01	2.480525e+00
1.976238e+14	1.471936e-01	2.372181e+00
1.975977e+14	1.538268e-01	2.264014e+00
1.975716e+14	1.597317e-01	2.156017e+00
1.975455e+14	1.648422e-01	2.048182e+00
1.975195e+14	1.691011e-01	1.940492e+00
1.974934e+14	1.724597e-01	1.832928e+00
1.974674e+14	1.748786e-01	1.725469e+00
1.974413e+14	1.763278e-01	1.618087e+00
1.974153e+14	1.767868e-01	1.510756e+00
1.973892e+14	1.762447e-01	1.403445e+00
1.973632e+14	1.747008e-01	1.296127e+00
1.973372e+14	1.721642e-01	1.188772e+00
1.973112e+14	1.686543e-01	1.081354e+00
1.972852e+14	1.642013e-01	9.738464e-01
1.972592e+14	1.588455e-01	8.662291e-01
1.972332e+14	1.526383e-01	7.584845e-01
1.972072e+14	1.456414e-01	6.505998e-01
1.971812e+14	1.379275e-01	5.425673e-01
1.971553e+14	1.295791e-01	4.343842e-01
1.971293e+14	1.206889e-01	3.260532e-01
1.971034e+14	1.113584e-01	2.175819e-01
1.970774e+14	1.016974e-01	1.089822e-01
1.970515e+14	9.182279e-02	2.701314e-04
1.970255e+14	8.185699e-02	-1.085355e-01
1.969996e+14	7.192658e-02	-2.174138e-01
1.969737e+14	6.216054e-02	-3.263428e-01
1.969478e+14	5.268850e-02	-4.353009e-01
1.969219e+14	4.363888e-02	-5.442677e-01
1.968960e+14	3.513713e-02	-6.532250e-01
1.968701e+14	2.730400e-02	-7.621580e-01
1.968442e+14	2.025392e-02	-8.710558e-01
1.968183e+14	1.409358e-02	-9.799118e-01
1.967924e+14	8.920580e-03	-1.088724e+00
1.967666e+14	4.822362e-03	-1.197496e+00
1.967407e+14	1.875190e-03	-1.306234e+00
1.967148e+14	1.433198e-04	-1.414950e+00
1.966890e+14	3.217401e-04	1.617935e+00
1.966632e+14	5.181134e-04	-1.632373e+00
1.966373e+14	2.686981e-03	-1.741114e+00
1.966115e+14	6.194410e-03	-1.849896e+00
1.965857e+14	1.103489e-02	-1.958735e+00
1.965599e+14	1.718741e-02	-2.067644e+00
1.965341e+14	2.461510e-02	-2.176629e+00
1.965083e+14	3.326502e-02	-2.285693e+00
1.964825e+14	4.306811e-02	-2.394833e+00
1.964567e+14	5.393941e-02	-2.504038e+00
1.964309e+14	6.577860e-02	-2.613288e+00
1.964051e+14	7.847084e-02	-2.722560e+00
1.963794e+14	9.188808e-02	-2.831819e+00
1.963536e+14	1.058907e-01	-2.941029e+00
1.963279e+14	1.203296e-01	-3.050144e+00
1.963021e+14	1.350486e-01	3.124066e+00
1.962764e+14	1.498869e-01	3.015279e+00
1.962507e+14	1.646820e-01	2.906730e+00
1.962249e+14	1.792724e-01	2.798462e+00
1.961992e+14	1.935001e-01	2.690518e+00
1.961735e+14	2.072132e-01	2.582932e+00
1.961478e+14	2.202679e-01	2.475730e+00
1.961221e+14	2.325299e-01	2.368930e+00
1.960964e+14	2.438758e-01	2.262539e+00
1.960707e+14	2.541938e-01	2.156552e+00
1.960450e+14	2.633841e-01	2.050953e+00
1.960194e+14	2.713589e-01	1.945716e+00
1.959937e+14	2.780419e-01	1.840803e+00
1.959681e+14	2.833682e-01	1.736166e+00
1.959424e+14	2.872836e-01	1.631749e+00
1.959168e+14	2.897445e-01	1.527488e+00
1.958911e+14	2.907169e-01	1.423314e+00
1.958655e+14	2.901770e-01	1.319153e+00
1.958399e+14	2.881110e-01	1.214930e+00
1.958143e+14	2.845153e-01	1.110568e+00
1.957886e+14	2.793977e-01	1.005996e+00
1.957630e+14	2.727781e-01	9.011428e-01
1.957374e+14	2.646900e-01	7.959462e-01
1.957119e+14	2.551819e-01	6.903516e-01
1.956863e+14	2.443191e-01	5.843147e-01
1.956607e+14	2.321851e-01	4.778031e-01
1.956351e+14	2.188835e-01	3.707975e-01
1.956096e+14	2.045388e-01	2.632923e-01
1.955840e+14	1.892972e-01	1.552962e-01
1.955585e+14	1.733265e-01	4.683138e-02
1.955329e+14	1.568158e-01	-6.206734e-02
1.955074e+14	1.399734e-01	-1.713544e-01
1.954818e+14	1.230245e-01	-2.809762e-01
1.954563e+14	1.062083e-01	-3.908740e-01
1.954308e+14	8.977391e-02	-5.009873e-01
1.954053e+14	7.397634e-02	-6.112582e-01
1.953798e+14	5.907221e-02	-7.216348e-01
1.953543e+14	4.531559e-02	-8.320749e-01
1.953288e+14	3.295431e-02	-9.425492e-01
1.953033e+14	2.222671e-02	-1.053044e+00
1.952779e+14	1.335912e-02	-1.163563e+00
1.952524e+14	6.563866e-03	-1.274128e+00
1.952269e+14	2.037811e-03	-1.384779e+00
1.952015e+14	3.880027e-05	1.646019e+00
1.951760e+14	4.965008e-04	-1.606583e+00
1.951506e+14	3.786980e-03	-1.717892e+00
1.951251e+14	9.954672e-03	-1.829592e+00
1.950997e+14	1.909746e-02	-1.941776e+00
1.950743e+14	3.128503e-02	-2.054535e+00
1.950489e+14	4.655369e-02	-2.167947e+00
1.950234e+14	6.489994e-02	-2.282074e+00
1.949980e+14	8.627335e-02	-2.396950e+00
1.949726e+14	1.105692e-01	-2.512576e+00
1.949473e+14	1.376218e-01	-2.628910e+00
1.949219e+14	1.671996e-01	-2.745866e+00
1.948965e+14	1.990037e-01	-2.863304e+00
1.948711e+14	2.326703e-01	-2.981035e+00
1.948458e+14	2.677789e-01	-3.098823e+00
1.948204e+14	3.038653e-01	3.066796e+00
1.947951e+14	3.404400e-01	2.949758e+00
1.947697e+14	3.770092e-01	2.833573e+00
1.947444e+14	4.130972e-01	2.718563e+00
1.947190e+14	4.482672e-01	2.605040e+00
1.946937e+14	4.821382e-01	2.493284e+00
1.946684e+14	5.143966e-01	2.383537e+00
1.946431e+14	5.448016e-01	2.275992e+00
1.946178e+14	5.731850e-01	2.170790e+00
1.945925e+14	5.994462e-01	2.068021e+00
1.945672e+14	6.235432e-01	1.967721e+00
1.945419e+14	6.454829e-01	1.869884e+00
1.945166e+14	6.653090e-01	1.774459e+00
1.944914e+14	6.830923e-01	1.681363e+00
1.944661e+14	6.989203e-01	1.590485e+00
1.944408e+14	7.128894e-01	1.501689e+00
1.944156e+14	7.250981e-01	1.414825e+00
1.943903e+14	7.356418e-01	1.329724e+00
1.943651e+14	7.446083e-01	1.246213e+00
1.943399e+14	7.520753e-01	1.164106e+00
1.943146e+14	7.581076e-01	1.083213e+00
1.942894e+14	7.627557e-01	1.003339e+00
1.942642e+14	7.660536e-01	9.242815e-01
1.942390e+14	7.680184e-01	8.458341e-01
1.942138e+14	7.686476e-01	7.677830e-01
1.941886e+14	7.679185e-01	6.899067e-01
1.941634e+14	7.657856e-01	6.119737e-01
1.941382e+14	7.621782e-01	5.337409e-01
1.941131e+14	7.569976e-01	4.549507e-01
1.940879e+14	7.501133e-01	3.753284e-01
1.940627e+14	7.413583e-01	2.945792e-01
1.940376e+14	7.305245e-01	2.123853e-01
1.940124e+14	7.173564e-01	1.284028e-01
1.939873e+14	7.015454e-01	4.225987e-02
1.939622e+14	6.827233e-01	-4.644468e-02
1.939370e+14	6.604581e-01	-1.381402e-01
1.939119e+14	6.342523e-01	-2.332797e-01
1.938868e+14	6.035469e-01	-3.323305e-01
1.938617e+14	5.677361e-01	-4.357563e-01
1.938366e+14	5.261970e-01	-5.439901e-01
1.938115e+14	4.783418e-01	-6.573934e-01
1.937864e+14	4.236968e-01	-7.762013e-01
1.937613e+14	3.620106e-01	-9.004561e-01
1.937362e+14	2.933812e-01	-1.029935e+00
1.937112e+14	2.183793e-01	-1.164090e+00
1.936861e+14	1.381291e-01	-1.302015e+00
1.936611e+14	5.430018e-02	-1.442466e+00
1.936360e+14	3.101835e-02	1.557644e+00
1.936110e+14	1.155508e-01	1.416732e+00
1.935859e+14	1.971210e-01	1.277938e+00
1.935609e+14	2.739099e-01	1.142597e+00
1.935359e+14	3.446182e-01	1.011728e+00
1.935109e+14	4.085091e-01	8.859923e-01
1.934858e+14	4.653508e-01	7.657114e-01
1.934608e+14	5.153019e-01	6.509204e-01
1.934358e+14	5.587815e-01	5.414390e-01
1.934109e+14	5.963536e-01	4.369410e-01
1.933859e+14	6.286391e-01	3.370131e-01
1.933609e+14	6.562550e-01	2.411999e-01
1.933359e+14	6.797789e-01	1.490357e-01
1.933110e+14	6.997305e-01	6.006445e-02
1.932860e+14	7.165642e-01	-2.614812e-02
1.932610e+14	7.306698e-01	-1.100087e-01
1.932361e+14	7.423765e-01	-1.918943e-01
1.932112e+14	7.519583e-01	-2.721530e-01
1.931862e+14	7.596407e-01	-3.511056e-01
1.931613e+14	7.656062e-01	-4.290485e-01
1.931364e+14	7.700004e-01	-5.062565e-01
1.931115e+14	7.729360e-01	-5.829859e-01
1.930865e+14	7.744972e-01	-6.594772e-01
1.930616e+14	7.747429e-01	-7.359579e-01
1.930368e+14	7.737094e-01	-8.126445e-01
1.930119e+14	7.714124e-01	-8.897448e-01
1.929870e+14	7.678489e-01	-9.674591e-01
1.929621e+14	7.629987e-01	-1.045982e+00
1.929372e+14	7.568256e-01	-1.125502e+00
1.929124e+14	7.492788e-01	-1.206203e+00
1.928875e+14	7.402941e-01	-1.288264e+00
1.928627e+14	7.297957e-01	-1.371857e+00
1.928378e+14	7.176985e-01	-1.457148e+00
1.928130e+14	7.039107e-01	-1.544292e+00
1.927882e+14	6.883376e-01	-1.633430e+00
1.927633e+14	6.708864e-01	-1.724688e+00
1.927385e+14	6.514725e-01	-1.818172e+00
1.927137e+14	6.300267e-01	-1.913959e+00
1.926889e+14	6.065040e-01	-2.012097e+00
1.926641e+14	5.808936e-01	-2.112592e+00
1.926393e+14	5.532286e-01	-2.215413e+00
1.926145e+14	5.235958e-01	-2.320477e+00
1.925897e+14	4.921440e-01	-2.427656e+00
1.925650e+14	4.590888e-01	-2.536771e+00
1.925402e+14	4.247139e-01	-2.647598e+00
1.925154e+14	3.893668e-01	-2.759875e+00
1.924907e+14	3.534494e-01	-2.873312e+00
1.924659e+14	3.174033e-01	-2.987601e+00
1.924412e+14	2.816916e-01	-3.102434e+00
1.924165e+14	2.467785e-01	3.065674e+00
1.923917e+14	2.131098e-01	2.950624e+00
1.923670e+14	1.810953e-01	2.835841e+00
1.923423e+14	1.510954e-01	2.721520e+00
1.923176e+14	1.234120e-01	2.607809e+00
1.922929e+14	9.828503e-02	2.494811e+00
1.922682e+14	7.589242e-02	2.382582e+00
1.922435e+14	5.635375e-02	2.271139e+00
1.922188e+14	3.973580e-02	2.160464e+00
1.921941e+14	2.605919e-02	2.050510e+00
1.921694e+14	1.530524e-02	1.941212e+00
1.921448e+14	7.422133e-03	1.832489e+00
1.921201e+14	2.330422e-03	1.724257e+00
1.920955e+14	7.270916e-05	-1.525167e+00
1.920708e+14	8.986792e-05	1.508914e+00
1.920462e+14	2.677593e-03	1.401646e+00
1.920215e+14	7.533878e-03	1.294557e+00
1.919969e+14	1.448732e-02	1.187598e+00
1.919723e+14	2.335274e-02	1.080735e+00
1.919477e+14	3.393222e-02	9.739500e-01
1.919231e+14	4.601650e-02	8.672411e-01
1.918985e+14	5.938671e-02	7.606215e-01
1.918739e+14	7.381660e-02	6.541181e-01
1.918493e+14	8.907532e-02	5.477686e-01
1.918247e+14	1.049306e-01	4.416195e-01
1.918001e+14	1.211520e-01	3.357223e-01
1.917756e+14	1.375149e-01	2.301308e-01
1.917510e+14	1.538035e-01	1.248976e-01
1.917264e+14	1.698141e-01	2.007108e-02
1.917019e+14	1.853579e-01	-8.430683e-02
1.916773e+14	2.002630e-01	-1.882032e-01
1.916528e+14	2.143756e-01	-2.915957e-01
1.916283e+14	2.275609e-01	-3.944734e-01
1.916037e+14	2.397032e-01	-4.968374e-01
1.915792e+14	2.507053e-01	-5.987007e-01
1.915547e+14	2.604876e-01	-7.000877e-01
1.915302e+14	2.689868e-01	-8.010334e-01
1.915057e+14	2.761547e-01	-9.015820e-01
1.914812e+14	2.819567e-01	-1.001785e+00
1.914567e+14	2.863705e-01	-1.101702e+00
1.914322e+14	2.893846e-01	-1.201394e+00
1.914077e+14	2.909975e-01	-1.300927e+00
1.913833e+14	2.912169e-01	-1.400369e+00
1.913588e+14	2.900588e-01	-1.499784e+00
1.913344e+14	2.875476e-01	-1.599236e+00
1.913099e+14	2.837156e-01	-1.698786e+00
1.912855e+14	2.786036e-01	-1.798488e+00
1.912610e+14	2.722605e-01	-1.898390e+00
1.912366e+14	2.647441e-01	-1.998535e+00
1.912122e+14	2.561211e-01	-2.098955e+00
1.911877e+14	2.464677e-01	-2.199673e+00
1.911633e+14	2.358696e-01	-2.300705e+00
1.911389e+14	2.244220e-01	-2.402057e+00
1.911145e+14	2.122294e-01	-2.503723e+00
1.910901e+14	1.994051e-01	-2.605692e+00
1.910657e+14	1.860702e-01	-2.707944e+00
1.910413e+14	1.723526e-01	-2.810450e+00
1.910170e+14	1.583853e-01	-2.913179e+00
1.909926e+14	1.443052e-01	-3.016091e+00
1.909682e+14	1.302503e-01	-3.119148e+00
1.909439e+14	1.163585e-01	3.060878e+00
1.909195e+14	1.027649e-01	2.957657e+00
1.908952e+14	8.960003e-02	2.854413e+00
1.908708e+14	7.698784e-02	2.751184e+00
1.908465e+14	6.504403e-02	2.648000e+00
1.908222e+14	5.387453e-02	2.544888e+00
1.907979e+14	4.357439e-02	2.441870e+00
1.907735e+14	3.422683e-02	2.338961e+00
1.907492e+14	2.590267e-02	2.236171e+00
1.907249e+14	1.865998e-02	2.133504e+00
1.907006e+14	1.254397e-02	2.030958e+00
1.906763e+14	7.587043e-03	1.928527e+00
1.906521e+14	3.808988e-03	1.826203e+00
1.906278e+14	1.217296e-03	1.723973e+00
1.906035e+14	1.924781e-04	-1.519768e+00
1.905792e+14	4.362976e-04	-1.621850e+00
1.905550e+14	4.588005e-04	1.417712e+00
1.905307e+14	2.455180e-03	1.315722e+00
1.905065e+14	5.505110e-03	1.213760e+00
1.904822e+14	9.551307e-03	1.111817e+00
1.904580e+14	1.452754e-02	1.009890e+00
1.904338e+14	2.035930e-02	9.079751e-01
1.904096e+14	2.696456e-02	8.060750e-01
1.903853e+14	3.425464e-02	7.041949e-01
1.903611e+14	4.213516e-02	6.023435e-01
1.903369e+14	5.050709e-02	5.005326e-01
1.903127e+14	5.926794e-02	3.987764e-01
1.902885e+14	6.831297e-02	2.970913e-01
1.902644e+14	7.753646e-02	1.954944e-01
1.902402e+14	8.683300e-02	9.400353e-02
1.902160e+14	9.609878e-02	-7.363996e-03
1.901918e+14	1.052328e-01	-1.085921e-01
1.901677e+14	1.141380e-01	-2.096665e-01
1.901435e+14	1.227222e-01	-3.105757e-01
1.901194e+14	1.308992e-01	-4.113109e-01
1.900952e+14	1.385893e-01	-5.118673e-01
1.900711e+14	1.457198e-01	-6.122435e-01
1.900470e+14	1.522259e-01	-7.124420e-01
1.900228e+14	1.580503e-01	-8.124694e-01
1.899987e+14	1.631439e-01	-9.123357e-01
1.899746e+14	1.674656e-01	-1.012054e+00
1.899505e+14	1.709824e-01	-1.111642e+00
1.899264e+14	1.736692e-01	-1.211118e+00
1.899023e+14	1.755087e-01	-1.310503e+00
1.898782e+14	1.764913e-01	-1.409820e+00
1.898542e+14	1.766148e-01	-1.509092e+00
1.898301e+14	1.758845e-01	-1.608341e+00
1.898060e+14	1.743128e-01	-1.707592e+00
1.897819e+14	1.719190e-01	-1.806864e+00
1.897579e+14	1.687295e-01	-1.906178e+00
1.897338e+14	1.647771e-01	-2.005552e+00
1.897098e+14	1.601014e-01	-2.105000e+00
1.896858e+14	1.547481e-01	-2.204535e+00
1.896617e+14	1.487691e-01	-2.304163e+00
1.896377e+14	1.422218e-01	-2.403892e+00
1.896137e+14	1.351689e-01	-2.503722e+00
1.895897e+14	1.276779e-01	-2.603652e+00
1.895657e+14	1.198208e-01	-2.703677e+00
1.895417e+14	1.116726e-01	-2.803790e+00
1.895177e+14	1.033116e-01	-2.903980e+00
1.894937e+14	9.481764e-02	-3.004236e+00
1.894697e+14	8.627195e-02	-3.104545e+00
1.894457e+14	7.775577e-02	3.078295e+00
1.894217e+14	6.934957e-02	2.977926e+00
1.893978e+14	6.113210e-02	2.877549e+00
1.893738e+14	5.317948e-02	2.777179e+00
1.893499e+14	4.556434e-02	2.676827e+00
1.893259e+14	3.835500e-02	2.576506e+00
1.893020e+14	3.161481e-02	2.476226e+00
1.892780e+14	2.540150e-02	2.375994e+00
1.892541e+14	1.976666e-02	2.275815e+00
1.892302e+14	1.475531e-02	2.175694e+00
1.892063e+14	1.040561e-02	2.075631e+00
1.891824e+14	6.748577e-03	1.975626e+00
1.891585e+14	3.807983e-03	1.875677e+00
1.891346e+14	1.600245e-03	1.775781e+00
1.891107e+14	1.344328e-04	1.675932e+00
1.890868e+14	5.876777e-04	-1.565468e+00
1.890629e+14	5.714966e-04	-1.665238e+00
1.890390e+14	1.705365e-04	1.376615e+00
1.890152e+14	1.619159e-03	1.276902e+00
1.889913e+14	3.748534e-03	1.177210e+00
1.889674e+14	6.526554e-03	1.077536e+00
1.889436e+14	9.915183e-03	9.778772e-01
1.889197e+14	1.387086e-02	8.782339e-01
1.888959e+14	1.834494e-02	7.786067e-01
1.888721e+14	2.328422e-02	6.789979e-01
1.888482e+14	2.863147e-02	5.794113e-01
1.888244e+14	3.432606e-02	4.798522e-01
1.888006e+14	4.030458e-02	3.803271e-01
1.887768e+14	4.650157e-02	2.808433e-01
1.887530e+14	5.285021e-02	1.814089e-01
1.887292e+14	5.928304e-02	8.203230e-02
1.887054e+14	6.573271e-02	-1.727817e-02
1.886816e+14	7.213269e-02	-1.165145e-01
1.886578e+14	7.841798e-02	-2.156693e-01
1.886341e+14	8.452575e-02	-3.147363e-01
1.886103e+14	9.039594e-02	-4.137105e-01
1.885865e+14	9.597186e-02	-5.125881e-01
1.885628e+14	1.012006e-01	-6.113674e-01
1.885390e+14	1.060337e-01	-7.100483e-01
1.885153e+14	1.104269e-01	-8.086324e-01
1.884916e+14	1.143412e-01	-9.071232e-01
1.884678e+14	1.177426e-01	-1.005526e+00
1.884441e+14	1.206024e-01	-1.103848e+00
1.884204e+14	1.228973e-01	-1.202097e+00
1.883967e+14	1.246094e-01	-1.300283e+00
1.883730e+14	1.257262e-01	-1.398416e+00
1.883493e+14	1.262411e-01	-1.496507e+00
1.883256e+14	1.261524e-01	-1.594568e+00
1.883019e+14	1.254643e-01	-1.692610e+00
1.882782e+14	1.241858e-01	-1.790643e+00
1.882545e+14	1.223314e-01	-1.888679e+00
1.882309e+14	1.199206e-01	-1.986726e+00
1.882072e+14	1.169778e-01	-2.084794e+00
1.881835e+14	1.135318e-01	-2.182888e+00
1.881599e+14	1.096163e-01	-2.281015e+00
1.881362e+14	1.052686e-01	-2.379179e+00
1.881126e+14	1.005305e-01	-2.477381e+00
1.880890e+14	9.544668e-02	-2.575623e+00
1.880653e+14	9.006535e-02	-2.673903e+00
1.880417e+14	8.443722e-02	-2.772218e+00
1.880181e+14	7.861516e-02	-2.870565e+00
1.879945e+14	7.265374e-02	-2.968939e+00
1.879709e+14	6.660863e-02	-3.067333e+00
1.879473e+14	6.053604e-02	3.117444e+00
1.879237e+14	5.449213e-02	3.019030e+00
1.879001e+14	4.853245e-02	2.920616e+00
1.878765e+14	4.271135e-02	2.822211e+00
1.878529e+14	3.708140e-02	2.723820e+00
1.878294e+14	3.169291e-02	2.625452e+00
1.878058e+14	2.659335e-02	2.527110e+00
1.877822e+14	2.182698e-02	2.428801e+00
1.877587e+14	1.743439e-02	2.330527e+00
1.877351e+14	1.345215e-02	2.232292e+00
1.877116e+14	9.912517e-03	2.134097e+00
1.876881e+14	6.843178e-03	2.035943e+00
1.876645e+14	4.267042e-03	1.937829e+00
1.876410e+14	2.202102e-03	1.839755e+00
1.876175e+14	6.613351e-04	1.741719e+00
1.875940e+14	3.473522e-04	-1.497876e+00
1.875705e+14	8.211295e-04	-1.595845e+00
1.875470e+14	7.622086e-04	-1.693785e+00
1.875235e+14	1.777696e-04	-1.791699e+00
1.875000e+14	9.201531e-04	1.252003e+00
("port 2","TE",1,"port 1",1,"modulation")
(1,1)
0.00343
(500,3)
2.000000e+14	9.994894e-01	-1.860520e+00
1.999733e+14	9.996420e-01	-1.971905e+00
1.999466e+14	9.997616e-01	-2.083267e+00
1.999199e+14	9.998511e-01	-2.194598e+00
1.998932e+14	9.999144e-01	-2.305896e+00
1.998665e+14	9.999560e-01	-2.417157e+00
1.998398e+14	9.999809e-01	-2.528380e+00
1.998131e+14	9.999937e-01	-2.639565e+00
1.997865e+14	9.999988e-01	-2.750712e+00
1.997598e+14	1.000000e+00	-2.861825e+00
1.997332e+14	9.999998e-01	-2.972906e+00
1.997065e+14	9.999998e-01	-3.083959e+00
1.996799e+14	1.000000e+00	3.088196e+00
1.996532e+14	9.999992e-01	2.977185e+00
1.996266e+14	9.999946e-01	2.866189e+00
1.996000e+14	9.999823e-01	2.755205e+00
1.995734e+14	9.999572e-01	2.644231e+00
1.995468e+14	9.999134e-01	2.533265e+00
1.995202e+14	9.998445e-01	2.422309e+00
1.994936e+14	9.997439e-01	2.311365e+00
1.994670e+14	9.996053e-01	2.200437e+00
1.994404e+14	9.994230e-01	2.089531e+00
1.994139e+14	9.991926e-01	1.978653e+00
1.993873e+14	9.989108e-01	1.867814e+00
1.993608e+14	9.985764e-01	1.757022e+00
1.993342e+14	9.981901e-01	1.646288e+00
1.993077e+14	9.977546e-01	1.535623e+00
1.992812e+14	9.972750e-01	1.425036e+00
1.992546e+14	9.967585e-01	1.314536e+00
1.992281e+14	9.962143e-01	1.204133e+00
1.992016e+14	9.956533e-01	1.093833e+00
1.991751e+14	9.950880e-01	9.836403e-01
1.991486e+14	9.945316e-01	8.735572e-01
1.991221e+14	9.939982e-01	7.635838e-01
1.990956e+14	9.935016e-01	6.537169e-01
1.990691e+14	9.930552e-01	5.439514e-01
1.990427e+14	9.926717e-01	4.342791e-01
1.990162e+14	9.923618e-01	3.246897e-01
1.989898e+14	9.921348e-01	2.151711e-01
1.989633e+14	9.919975e-01	1.057093e-01
1.989369e+14	9.919543e-01	-3.710706e-03
1.989104e+14	9.920068e-01	-1.131046e-01
1.988840e+14	9.921539e-01	-2.224882e-01
1.988576e+14	9.923916e-01	-3.318768e-01
1.988312e+14	9.927136e-01	-4.412849e-01
1.988048e+14	9.931108e-01	-5.507252e-01
1.987784e+14	9.935721e-01	-6.602088e-01
1.987520e+14	9.940850e-01	-7.697443e-01
1.987256e+14	9.946354e-01	-8.793378e-01
1.986992e+14	9.952087e-01	-9.889928e-01
1.986729e+14	9.957903e-01	-1.098710e+00
1.986465e+14	9.963658e-01	-1.208486e+00
1.986201e+14	9.969219e-01	-1.318318e+00
1.985938e+14	9.974468e-01	-1.428198e+00
1.985674e+14	9.979306e-01	-1.538116e+00
1.985411e+14	9.983655e-01	-1.648064e+00
1.985148e+14	9.987464e-01	-1.758029e+00
1.984885e+14	9.990704e-01	-1.868000e+00
1.984622e+14	9.993374e-01	-1.977966e+00
1.984358e+14	9.995496e-01	-2.087917e+00
1.984095e+14	9.997111e-01	-2.197843e+00
1.983832e+14	9.998279e-01	-2.307737e+00
1.983570e+14	9.999070e-01	-2.417594e+00
1.983307e+14	9.999562e-01	-2.527410e+00
1.983044e+14	9.999832e-01	-2.637185e+00
1.982781e+14	9.999956e-01	-2.746921e+00
1.982519e+14	9.999995e-01	-2.856620e+00
1.982256e+14	1.000000e+00	-2.966288e+00
1.981994e+14	9.999999e-01	-3.075931e+00
1.981732e+14	1.000000e+00	3.097628e+00
1.981469e+14	9.999988e-01	2.988013e+00
1.981207e+14	9.999922e-01	2.878400e+00
1.980945e+14	9.999741e-01	2.768783e+00
1.980683e+14	9.999360e-01	2.659159e+00
1.980421e+14	9.998680e-01	2.549524e+00
1.980159e+14	9.997587e-01	2.439879e+00
1.979897e+14	9.995964e-01	2.330226e+00
1.979635e+14	9.993693e-01	2.220571e+00
1.979373e+14	9.990665e-01	2.110923e+00
1.979112e+14	9.986784e-01	2.001293e+00
1.978850e+14	9.981977e-01	1.891697e+00
1.978588e+14	9.976201e-01	1.782151e+00
1.978327e+14	9.969443e-01	1.672672e+00
1.978066e+14	9.961729e-01	1.563280e+00
1.977804e+14	9.953125e-01	1.453994e+00
1.977543e+14	9.943734e-01	1.344833e+00
1.977282e+14	9.933699e-01	1.235813e+00
1.977021e+14	9.923198e-01	1.126949e+00
1.976760e+14	9.912437e-01	1.018251e+00
1.976499e+14	9.901648e-01	9.097289e-01
1.976238e+14	9.891077e-01	8.013846e-01
1.975977e+14	9.880978e-01	6.932173e-01
1.975716e+14	9.871605e-01	5.852211e-01
1.975455e+14	9.863200e-01	4.773856e-01
1.975195e+14	9.855987e-01	3.696957e-01
1.974934e+14	9.850166e-01	2.621321e-01
1.974674e+14	9.845900e-01	1.546723e-01
1.974413e+14	9.843315e-01	4.729059e-02
1.974153e+14	9.842492e-01	-6.004081e-02
1.973892e+14	9.843464e-01	-1.673509e-01
1.973632e+14	9.846216e-01	-2.746690e-01
1.973372e+14	9.850683e-01	-3.820239e-01
1.973112e+14	9.856753e-01	-4.894426e-01
1.972852e+14	9.864269e-01	-5.969499e-01
1.972592e+14	9.873034e-01	-7.045672e-01
1.972332e+14	9.882821e-01	-8.123118e-01
1.972072e+14	9.893374e-01	-9.201965e-01
1.971812e+14	9.904423e-01	-1.028229e+00
1.971553e+14	9.915691e-01	-1.136412e+00
1.971293e+14	9.926904e-01	-1.244743e+00
1.971034e+14	9.937803e-01	-1.353214e+00
1.970774e+14	9.948154e-01	-1.461814e+00
1.970515e+14	9.957754e-01	-1.570526e+00
1.970255e+14	9.966441e-01	-1.679332e+00
1.969996e+14	9.974099e-01	-1.788210e+00
1.969737e+14	9.980662e-01	-1.897139e+00
1.969478e+14	9.986110e-01	-2.006097e+00
1.969219e+14	9.990474e-01	-2.115064e+00
1.968960e+14	9.993825e-01	-2.224021e+00
1.968701e+14	9.996272e-01	-2.332954e+00
1.968442e+14	9.997949e-01	-2.441852e+00
1.968183e+14	9.999007e-01	-2.550708e+00
1.967924e+14	9.999602e-01	-2.659521e+00
1.967666e+14	9.999884e-01	-2.768292e+00
1.967407e+14	9.999982e-01	-2.877031e+00
1.967148e+14	1.000000e+00	-2.985746e+00
1.966890e+14	9.999999e-01	-3.094454e+00
1.966632e+14	9.999999e-01	3.080016e+00
1.966373e+14	9.999964e-01	2.971275e+00
1.966115e+14	9.999808e-01	2.862493e+00
1.965857e+14	9.999391e-01	2.753654e+00
1.965599e+14	9.998523e-01	2.644745e+00
1.965341e+14	9.996970e-01	2.535760e+00
1.965083e+14	9.994466e-01	2.426696e+00
1.964825e+14	9.990721e-01	2.317556e+00
1.964567e+14	9.985442e-01	2.208351e+00
1.964309e+14	9.978342e-01	2.099101e+00
1.964051e+14	9.969164e-01	1.989829e+00
1.963794e+14	9.957693e-01	1.880570e+00
1.963536e+14	9.943778e-01	1.771360e+00
1.963279e+14	9.927340e-01	1.662245e+00
1.963021e+14	9.908390e-01	1.553269e+00
1.962764e+14	9.887031e-01	1.444483e+00
1.962507e+14	9.863467e-01	1.335933e+00
1.962249e+14	9.837995e-01	1.227666e+00
1.961992e+14	9.811003e-01	1.119721e+00
1.961735e+14	9.782958e-01	1.012135e+00
1.961478e+14	9.754394e-01	9.049336e-01
1.961221e+14	9.725893e-01	7.981338e-01
1.960964e+14	9.698065e-01	6.917425e-01
1.960707e+14	9.671533e-01	5.857554e-01
1.960450e+14	9.646910e-01	4.801568e-01
1.960194e+14	9.624782e-01	3.749197e-01
1.959937e+14	9.605690e-01	2.700065e-01
1.959681e+14	9.590112e-01	1.653695e-01
1.959424e+14	9.578456e-01	6.095249e-02
1.959168e+14	9.571040e-01	-4.330835e-02
1.958911e+14	9.568091e-01	-1.474825e-01
1.958655e+14	9.569730e-01	-2.516434e-01
1.958399e+14	9.575970e-01	-3.558667e-01
1.958143e+14	9.586715e-01	-4.602279e-01
1.957886e+14	9.601755e-01	-5.648004e-01
1.957630e+14	9.620770e-01	-6.696535e-01
1.957374e+14	9.643336e-01	-7.748501e-01
1.957119e+14	9.668931e-01	-8.804447e-01
1.956863e+14	9.696949e-01	-9.864816e-01
1.956607e+14	9.726716e-01	-1.092993e+00
1.956351e+14	9.757510e-01	-1.199999e+00
1.956096e+14	9.788585e-01	-1.307504e+00
1.955840e+14	9.819198e-01	-1.415500e+00
1.955585e+14	9.848644e-01	-1.523965e+00
1.955329e+14	9.876279e-01	-1.632864e+00
1.955074e+14	9.901553e-01	-1.742151e+00
1.954818e+14	9.924036e-01	-1.851773e+00
1.954563e+14	9.943439e-01	-1.961670e+00
1.954308e+14	9.959622e-01	-2.071784e+00
1.954053e+14	9.972600e-01	-2.182055e+00
1.953798e+14	9.982537e-01	-2.292431e+00
1.953543e+14	9.989727e-01	-2.402871e+00
1.953288e+14	9.994569e-01	-2.513346e+00
1.953033e+14	9.997530e-01	-2.623840e+00
1.952779e+14	9.999108e-01	-2.734359e+00
1.952524e+14	9.999785e-01	-2.844924e+00
1.952269e+14	9.999979e-01	-2.955576e+00
1.952015e+14	1.000000e+00	-3.066370e+00
1.951760e+14	9.999999e-01	3.105806e+00
1.951506e+14	9.999928e-01	2.994497e+00
1.951251e+14	9.999505e-01	2.882797e+00
1.950997e+14	9.998176e-01	2.770613e+00
1.950743e+14	9.995105e-01	2.657854e+00
1.950489e+14	9.989158e-01	2.544442e+00
1.950234e+14	9.978918e-01	2.430315e+00
1.949980e+14	9.962715e-01	2.315439e+00
1.949726e+14	9.938684e-01	2.199813e+00
1.949473e+14	9.904849e-01	2.083479e+00
1.949219e+14	9.859231e-01	1.966523e+00
1.948965e+14	9.799987e-01	1.849085e+00
1.948711e+14	9.725557e-01	1.731354e+00
1.948458e+14	9.634804e-01	1.613566e+00
1.948204e+14	9.527150e-01	1.496000e+00
1.947951e+14	9.402663e-01	1.378962e+00
1.947697e+14	9.262095e-01	1.262776e+00
1.947444e+14	9.106869e-01	1.147767e+00
1.947190e+14	8.938996e-01	1.034244e+00
1.946937e+14	8.760952e-01	9.224879e-01
1.946684e+14	8.575524e-01	8.127406e-01
1.946431e+14	8.385650e-01	7.051954e-01
1.946178e+14	8.194260e-01	5.999938e-01
1.945925e+14	8.004151e-01	4.972243e-01
1.945672e+14	7.817889e-01	3.969249e-01
1.945419e+14	7.637747e-01	2.990873e-01
1.945166e+14	7.465681e-01	2.036625e-01
1.944914e+14	7.303321e-01	1.105669e-01
1.944661e+14	7.151996e-01	1.968861e-02
1.944408e+14	7.012765e-01	-6.910687e-02
1.944156e+14	6.886456e-01	-1.559718e-01
1.943903e+14	6.773708e-01	-2.410720e-01
1.943651e+14	6.675017e-01	-3.245835e-01
1.943399e+14	6.590772e-01	-4.066904e-01
1.943146e+14	6.521295e-01	-4.875830e-01
1.942894e+14	6.466868e-01	-5.674574e-01
1.942642e+14	6.427766e-01	-6.465148e-01
1.942390e+14	6.404278e-01	-7.249622e-01
1.942138e+14	6.396725e-01	-8.030133e-01
1.941886e+14	6.405476e-01	-8.808896e-01
1.941634e+14	6.430960e-01	-9.588226e-01
1.941382e+14	6.473673e-01	-1.037055e+00
1.941131e+14	6.534176e-01	-1.115846e+00
1.940879e+14	6.613094e-01	-1.195468e+00
1.940627e+14	6.711094e-01	-1.276217e+00
1.940376e+14	6.828865e-01	-1.358411e+00
1.940124e+14	6.967064e-01	-1.442394e+00
1.939873e+14	7.126248e-01	-1.528536e+00
1.939622e+14	7.306770e-01	-1.617241e+00
1.939370e+14	7.508629e-01	-1.708937e+00
1.939119e+14	7.731261e-01	-1.804076e+00
1.938868e+14	7.973275e-01	-1.903127e+00
1.938617e+14	8.232106e-01	-2.006553e+00
1.938366e+14	8.503627e-01	-2.114786e+00
1.938115e+14	8.781738e-01	-2.228190e+00
1.937864e+14	9.058041e-01	-2.346998e+00
1.937613e+14	9.321740e-01	-2.471252e+00
1.937362e+14	9.559956e-01	-2.600732e+00
1.937112e+14	9.758640e-01	-2.734887e+00
1.936861e+14	9.904142e-01	-2.872811e+00
1.936611e+14	9.985247e-01	-3.013262e+00
1.936360e+14	9.995188e-01	3.128440e+00
1.936110e+14	9.933016e-01	2.987528e+00
1.935859e+14	9.803792e-01	2.848734e+00
1.935609e+14	9.617553e-01	2.713393e+00
1.935359e+14	9.387429e-01	2.582524e+00
1.935109e+14	9.127543e-01	2.456789e+00
1.934858e+14	8.851263e-01	2.336508e+00
1.934608e+14	8.570087e-01	2.221717e+00
1.934358e+14	8.293149e-01	2.112235e+00
1.934109e+14	8.027218e-01	2.007737e+00
1.933859e+14	7.776972e-01	1.907809e+00
1.933609e+14	7.545392e-01	1.811996e+00
1.933359e+14	7.334171e-01	1.719832e+00
1.933110e+14	7.144069e-01	1.630861e+00
1.932860e+14	6.975212e-01	1.544648e+00
1.932610e+14	6.827310e-01	1.460788e+00
1.932361e+14	6.699829e-01	1.378902e+00
1.932112e+14	6.592106e-01	1.298643e+00
1.931862e+14	6.503430e-01	1.219691e+00
1.931613e+14	6.433095e-01	1.141748e+00
1.931364e+14	6.380434e-01	1.064540e+00
1.931115e+14	6.344840e-01	9.878104e-01
1.930865e+14	6.325773e-01	9.113191e-01
1.930616e+14	6.322764e-01	8.348384e-01
1.930368e+14	6.335406e-01	7.581518e-01
1.930119e+14	6.363355e-01	6.810515e-01
1.929870e+14	6.406309e-01	6.033372e-01
1.929621e+14	6.464000e-01	5.248145e-01
1.929372e+14	6.536168e-01	4.452946e-01
1.929124e+14	6.622547e-01	3.645934e-01
1.928875e+14	6.722832e-01	2.825323e-01
1.928627e+14	6.836653e-01	1.989388e-01
1.928378e+14	6.963540e-01	1.136481e-01
1.928130e+14	7.102885e-01	2.650482e-02
1.927882e+14	7.253905e-01	-6.263324e-02
1.927633e+14	7.415601e-01	-1.538919e-01
1.927385e+14	7.586723e-01	-2.473757e-01
1.927137e+14	7.765735e-01	-3.431630e-01
1.926889e+14	7.950804e-01	-4.413002e-01
1.926641e+14	8.139795e-01	-5.417960e-01
1.926393e+14	8.330295e-01	-6.446165e-01
1.926145e+14	8.519668e-01	-7.496810e-01
1.925897e+14	8.705138e-01	-8.568597e-01
1.925650e+14	8.883904e-01	-9.659744e-01
1.925402e+14	9.053276e-01	-1.076802e+00
1.925154e+14	9.210828e-01	-1.189079e+00
1.924907e+14	9.354536e-01	-1.302516e+00
1.924659e+14	9.482906e-01	-1.416805e+00
1.924412e+14	9.595050e-01	-1.531637e+00
1.924165e+14	9.690719e-01	-1.646715e+00
1.923917e+14	9.770283e-01	-1.761765e+00
1.923670e+14	9.834655e-01	-1.876548e+00
1.923423e+14	9.885192e-01	-1.990869e+00
1.923176e+14	9.923555e-01	-2.104580e+00
1.922929e+14	9.951583e-01	-2.217578e+00
1.922682e+14	9.971160e-01	-2.329807e+00
1.922435e+14	9.984109e-01	-2.441250e+00
1.922188e+14	9.992102e-01	-2.551925e+00
1.921941e+14	9.996604e-01	-2.661879e+00
1.921694e+14	9.998829e-01	-2.771177e+00
1.921448e+14	9.999725e-01	-2.879900e+00
1.921201e+14	9.999973e-01	-2.988132e+00
1.920955e+14	1.000000e+00	-3.095963e+00
1.920708e+14	1.000000e+00	3.079710e+00
1.920462e+14	9.999964e-01	2.972442e+00
1.920215e+14	9.999716e-01	2.865353e+00
1.919969e+14	9.998951e-01	2.758394e+00
1.919723e+14	9.997273e-01	2.651531e+00
1.919477e+14	9.994241e-01	2.544746e+00
1.919231e+14	9.989407e-01	2.438037e+00
1.918985e+14	9.982351e-01	2.331418e+00
1.918739e+14	9.972718e-01	2.224914e+00
1.918493e+14	9.960249e-01	2.118565e+00
1.918247e+14	9.944796e-01	2.012416e+00
1.918001e+14	9.926340e-01	1.906519e+00
1.917756e+14	9.904997e-01	1.800927e+00
1.917510e+14	9.881015e-01	1.695694e+00
1.917264e+14	9.854761e-01	1.590867e+00
1.917019e+14	9.826711e-01	1.486490e+00
1.916773e+14	9.797422e-01	1.382593e+00
1.916528e+14	9.767513e-01	1.279201e+00
1.916283e+14	9.737639e-01	1.176323e+00
1.916037e+14	9.708462e-01	1.073959e+00
1.915792e+14	9.680634e-01	9.720956e-01
1.915547e+14	9.654772e-01	8.707086e-01
1.915302e+14	9.631439e-01	7.697629e-01
1.915057e+14	9.611132e-01	6.692144e-01
1.914812e+14	9.594271e-01	5.690110e-01
1.914567e+14	9.581190e-01	4.690945e-01
1.914322e+14	9.572129e-01	3.694024e-01
1.914077e+14	9.567238e-01	2.698689e-01
1.913833e+14	9.566571e-01	1.704277e-01
1.913588e+14	9.570088e-01	7.101278e-02
1.913344e+14	9.577664e-01	-2.843958e-02
1.913099e+14	9.589085e-01	-1.279893e-01
1.912855e+14	9.604062e-01	-2.276913e-01
1.912610e+14	9.622236e-01	-3.275942e-01
1.912366e+14	9.643187e-01	-4.277389e-01
1.912122e+14	9.666447e-01	-5.281585e-01
1.911877e+14	9.691510e-01	-6.288770e-01
1.911633e+14	9.717847e-01	-7.299091e-01
1.911389e+14	9.744921e-01	-8.312602e-01
1.911145e+14	9.772199e-01	-9.329267e-01
1.910901e+14	9.799171e-01	-1.034896e+00
1.910657e+14	9.825365e-01	-1.137147e+00
1.910413e+14	9.850353e-01	-1.239654e+00
1.910170e+14	9.873774e-01	-1.342382e+00
1.909926e+14	9.895332e-01	-1.445295e+00
1.909682e+14	9.914811e-01	-1.548352e+00
1.909439e+14	9.932073e-01	-1.651511e+00
1.909195e+14	9.947057e-01	-1.754732e+00
1.908952e+14	9.959778e-01	-1.857976e+00
1.908708e+14	9.970320e-01	-1.961205e+00
1.908465e+14	9.978824e-01	-2.064389e+00
1.908222e+14	9.985477e-01	-2.167501e+00
1.907979e+14	9.990502e-01	-2.270519e+00
1.907735e+14	9.994141e-01	-2.373428e+00
1.907492e+14	9.996645e-01	-2.476218e+00
1.907249e+14	9.998259e-01	-2.578885e+00
1.907006e+14	9.999213e-01	-2.681431e+00
1.906763e+14	9.999712e-01	-2.783862e+00
1.906521e+14	9.999927e-01	-2.886186e+00
1.906278e+14	9.999993e-01	-2.988416e+00
1.906035e+14	1.000000e+00	-3.090564e+00
1.905792e+14	9.999999e-01	3.090539e+00
1.905550e+14	9.999999e-01	2.988509e+00
1.905307e+14	9.999970e-01	2.886518e+00
1.905065e+14	9.999848e-01	2.784556e+00
1.904822e+14	9.999544e-01	2.682614e+00
1.904580e+14	9.998945e-01	2.580686e+00
1.904338e+14	9.997927e-01	2.478771e+00
1.904096e+14	9.996364e-01	2.376871e+00
1.903853e+14	9.994131e-01	2.274991e+00
1.903611e+14	9.991119e-01	2.173140e+00
1.903369e+14	9.987237e-01	2.071329e+00
1.903127e+14	9.982421e-01	1.969573e+00
1.902885e+14	9.976639e-01	1.867888e+00
1.902644e+14	9.969895e-01	1.766291e+00
1.902402e+14	9.962229e-01	1.664800e+00
1.902160e+14	9.953718e-01	1.563432e+00
1.901918e+14	9.944476e-01	1.462204e+00
1.901677e+14	9.934649e-01	1.361130e+00
1.901435e+14	9.924411e-01	1.260221e+00
1.901194e+14	9.913957e-01	1.159485e+00
1.900952e+14	9.903499e-01	1.058929e+00
1.900711e+14	9.893259e-01	9.585528e-01
1.900470e+14	9.883457e-01	8.583543e-01
1.900228e+14	9.874311e-01	7.583269e-01
1.899987e+14	9.866023e-01	6.584607e-01
1.899746e+14	9.858779e-01	5.587419e-01
1.899505e+14	9.852741e-01	4.591541e-01
1.899264e+14	9.848040e-01	3.596782e-01
1.899023e+14	9.844779e-01	2.602930e-01
1.898782e+14	9.843022e-01	1.609763e-01
1.898542e+14	9.842800e-01	6.170471e-02
1.898301e+14	9.844108e-01	-3.754489e-02
1.898060e+14	9.846903e-01	-1.367952e-01
1.897819e+14	9.851111e-01	-2.360677e-01
1.897579e+14	9.856624e-01	-3.353821e-01
1.897338e+14	9.863308e-01	-4.347559e-01
1.897098e+14	9.871006e-01	-5.342040e-01
1.896858e+14	9.879540e-01	-6.337382e-01
1.896617e+14	9.888720e-01	-7.333669e-01
1.896377e+14	9.898348e-01	-8.330955e-01
1.896137e+14	9.908226e-01	-9.329255e-01
1.895897e+14	9.918157e-01	-1.032855e+00
1.895657e+14	9.927955e-01	-1.132881e+00
1.895417e+14	9.937451e-01	-1.232993e+00
1.895177e+14	9.946490e-01	-1.333184e+00
1.894937e+14	9.954947e-01	-1.433440e+00
1.894697e+14	9.962716e-01	-1.533748e+00
1.894457e+14	9.969724e-01	-1.634094e+00
1.894217e+14	9.975924e-01	-1.734463e+00
1.893978e+14	9.981297e-01	-1.834840e+00
1.893738e+14	9.985850e-01	-1.935210e+00
1.893499e+14	9.989614e-01	-2.035562e+00
1.893259e+14	9.992642e-01	-2.135882e+00
1.893020e+14	9.995001e-01	-2.236163e+00
1.892780e+14	9.996773e-01	-2.336395e+00
1.892541e+14	9.998046e-01	-2.436574e+00
1.892302e+14	9.998911e-01	-2.536695e+00
1.892063e+14	9.999459e-01	-2.636758e+00
1.891824e+14	9.999772e-01	-2.736763e+00
1.891585e+14	9.999927e-01	-2.836712e+00
1.891346e+14	9.999987e-01	-2.936608e+00
1.891107e+14	1.000000e+00	-3.036457e+00
1.890868e+14	9.999998e-01	-3.136264e+00
1.890629e+14	9.999998e-01	3.047151e+00
1.890390e+14	1.000000e+00	2.947412e+00
1.890152e+14	9.999987e-01	2.847698e+00
1.889913e+14	9.999930e-01	2.748006e+00
1.889674e+14	9.999787e-01	2.648332e+00
1.889436e+14	9.999508e-01	2.548673e+00
1.889197e+14	9.999038e-01	2.449030e+00
1.888959e+14	9.998317e-01	2.349403e+00
1.888721e+14	9.997289e-01	2.249794e+00
1.888482e+14	9.995900e-01	2.150208e+00
1.888244e+14	9.994107e-01	2.050649e+00
1.888006e+14	9.991874e-01	1.951123e+00
1.887768e+14	9.989182e-01	1.851640e+00
1.887530e+14	9.986025e-01	1.752205e+00
1.887292e+14	9.982412e-01	1.652829e+00
1.887054e+14	9.978373e-01	1.553518e+00
1.886816e+14	9.973950e-01	1.454282e+00
1.886578e+14	9.969206e-01	1.355127e+00
1.886341e+14	9.964213e-01	1.256060e+00
1.886103e+14	9.959059e-01	1.157086e+00
1.885865e+14	9.953840e-01	1.058208e+00
1.885628e+14	9.948660e-01	9.594289e-01
1.885390e+14	9.943625e-01	8.607480e-01
1.885153e+14	9.938843e-01	7.621640e-01
1.884916e+14	9.934415e-01	6.636731e-01
1.884678e+14	9.930441e-01	5.652701e-01
1.884441e+14	9.927009e-01	4.669482e-01
1.884204e+14	9.924194e-01	3.686991e-01
1.883967e+14	9.922059e-01	2.705132e-01
1.883730e+14	9.920650e-01	1.723802e-01
1.883493e+14	9.919996e-01	7.428895e-02
1.883256e+14	9.920109e-01	-2.377177e-02
1.883019e+14	9.920981e-01	-1.218133e-01
1.882782e+14	9.922590e-01	-2.198468e-01
1.882545e+14	9.924893e-01	-3.178824e-01
1.882309e+14	9.927835e-01	-4.159298e-01
1.882072e+14	9.931345e-01	-5.139973e-01
1.881835e+14	9.935344e-01	-6.120919e-01
1.881599e+14	9.939740e-01	-7.102190e-01
1.881362e+14	9.944438e-01	-8.083827e-01
1.881126e+14	9.949340e-01	-9.065850e-01
1.880890e+14	9.954345e-01	-1.004827e+00
1.880653e+14	9.959359e-01	-1.103107e+00
1.880417e+14	9.964288e-01	-1.201422e+00
1.880181e+14	9.969050e-01	-1.299769e+00
1.879945e+14	9.973572e-01	-1.398143e+00
1.879709e+14	9.977792e-01	-1.496537e+00
1.879473e+14	9.981660e-01	-1.594945e+00
1.879237e+14	9.985142e-01	-1.693359e+00
1.879001e+14	9.988216e-01	-1.791773e+00
1.878765e+14	9.990875e-01	-1.890178e+00
1.878529e+14	9.993122e-01	-1.988569e+00
1.878294e+14	9.994977e-01	-2.086937e+00
1.878058e+14	9.996463e-01	-2.185279e+00
1.877822e+14	9.997618e-01	-2.283588e+00
1.877587e+14	9.998480e-01	-2.381862e+00
1.877351e+14	9.999095e-01	-2.480097e+00
1.877116e+14	9.999509e-01	-2.578292e+00
1.876881e+14	9.999766e-01	-2.676446e+00
1.876645e+14	9.999909e-01	-2.774560e+00
1.876410e+14	9.999976e-01	-2.872634e+00
1.876175e+14	9.999998e-01	-2.970670e+00
1.875940e+14	9.999999e-01	-3.068672e+00
1.875705e+14	9.999997e-01	3.116544e+00
1.875470e+14	9.999997e-01	3.018604e+00
1.875235e+14	1.000000e+00	2.920690e+00
1.875000e+14	9.999996e-01	2.822799e+00
("port 2","TE",1,"port 2",1,"modulation")
(1,1)
0.00343
(500,3)
2.000000e+14	3.195358e-02	-2.897239e-01
1.999733e+14	2.675530e-02	-4.011091e-01
1.999466e+14	2.183466e-02	-5.124702e-01
1.999199e+14	1.725772e-02	-6.238018e-01
1.998932e+14	1.308672e-02	-7.350997e-01
1.998665e+14	9.379303e-03	-8.463609e-01
1.998398e+14	6.187758e-03	-9.575838e-01
1.998131e+14	3.558368e-03	-1.068768e+00
1.997865e+14	1.530831e-03	-1.179916e+00
1.997598e+14	1.377565e-04	-1.291028e+00
1.997332e+14	5.957468e-04	1.739483e+00
1.997065e+14	6.524039e-04	1.628430e+00
1.996799e+14	2.302196e-05	1.517400e+00
1.996532e+14	1.293343e-03	-1.735204e+00
1.996266e+14	3.289303e-03	-1.846200e+00
1.996000e+14	5.949146e-03	-1.957184e+00
1.995734e+14	9.248928e-03	-2.068158e+00
1.995468e+14	1.315666e-02	-2.179124e+00
1.995202e+14	1.763261e-02	-2.290080e+00
1.994936e+14	2.262967e-02	-2.401024e+00
1.994670e+14	2.809389e-02	-2.511952e+00
1.994404e+14	3.396503e-02	-2.622858e+00
1.994139e+14	4.017733e-02	-2.733735e+00
1.993873e+14	4.666026e-02	-2.844575e+00
1.993608e+14	5.333947e-02	-2.955367e+00
1.993342e+14	6.013768e-02	-3.066101e+00
1.993077e+14	6.697576e-02	3.106419e+00
1.992812e+14	7.377373e-02	2.995832e+00
1.992546e+14	8.045186e-02	2.885333e+00
1.992281e+14	8.693165e-02	2.774930e+00
1.992016e+14	9.313689e-02	2.664629e+00
1.991751e+14	9.899459e-02	2.554437e+00
1.991486e+14	1.044358e-01	2.444354e+00
1.991221e+14	1.093966e-01	2.334380e+00
1.990956e+14	1.138184e-01	2.224513e+00
1.990691e+14	1.176489e-01	2.114748e+00
1.990427e+14	1.208428e-01	2.005075e+00
1.990162e+14	1.233614e-01	1.895486e+00
1.989898e+14	1.251740e-01	1.785967e+00
1.989633e+14	1.262574e-01	1.676506e+00
1.989369e+14	1.265966e-01	1.567086e+00
1.989104e+14	1.261846e-01	1.457692e+00
1.988840e+14	1.250228e-01	1.348308e+00
1.988576e+14	1.231212e-01	1.238919e+00
1.988312e+14	1.204978e-01	1.129511e+00
1.988048e+14	1.171794e-01	1.020071e+00
1.987784e+14	1.132009e-01	9.105876e-01
1.987520e+14	1.086052e-01	8.010521e-01
1.987256e+14	1.034433e-01	6.914585e-01
1.986992e+14	9.777341e-02	5.818035e-01
1.986729e+14	9.166095e-02	4.720867e-01
1.986465e+14	8.517762e-02	3.623100e-01
1.986201e+14	7.840086e-02	2.524784e-01
1.985938e+14	7.141292e-02	1.425987e-01
1.985674e+14	6.429995e-02	3.268004e-02
1.985411e+14	5.715097e-02	-7.726742e-02
1.985148e+14	5.005669e-02	-1.872325e-01
1.984885e+14	4.310836e-02	-2.972037e-01
1.984622e+14	3.639660e-02	-4.071698e-01
1.984358e+14	3.001013e-02	-5.171204e-01
1.984095e+14	2.403464e-02	-6.270465e-01
1.983832e+14	1.855165e-02	-7.369406e-01
1.983570e+14	1.363745e-02	-8.467974e-01
1.983307e+14	9.362163e-03	-9.566139e-01
1.983044e+14	5.788845e-03	-1.066389e+00
1.982781e+14	2.972733e-03	-1.176125e+00
1.982519e+14	9.605756e-04	-1.285824e+00
1.982256e+14	2.099325e-04	1.746101e+00
1.981994e+14	5.106272e-04	1.636458e+00
1.981732e+14	7.674080e-05	-1.614760e+00
1.981469e+14	1.560206e-03	-1.724376e+00
1.981207e+14	3.937373e-03	-1.833989e+00
1.980945e+14	7.195292e-03	-1.943606e+00
1.980683e+14	1.131042e-02	-2.053230e+00
1.980421e+14	1.624871e-02	-2.162865e+00
1.980159e+14	2.196579e-02	-2.272510e+00
1.979897e+14	2.840727e-02	-2.382163e+00
1.979635e+14	3.550926e-02	-2.491818e+00
1.979373e+14	4.319895e-02	-2.601466e+00
1.979112e+14	5.139542e-02	-2.711095e+00
1.978850e+14	6.001060e-02	-2.820692e+00
1.978588e+14	6.895035e-02	-2.930238e+00
1.978327e+14	7.811569e-02	-3.039717e+00
1.978066e+14	8.740420e-02	3.134077e+00
1.977804e+14	9.671137e-02	3.024791e+00
1.977543e+14	1.059321e-01	2.915629e+00
1.977282e+14	1.149621e-01	2.806609e+00
1.977021e+14	1.236992e-01	2.697745e+00
1.976760e+14	1.320451e-01	2.589048e+00
1.976499e+14	1.399059e-01	2.480525e+00
1.976238e+14	1.471936e-01	2.372181e+00
1.975977e+14	1.538268e-01	2.264014e+00
1.975716e+14	1.597317e-01	2.156017e+00
1.975455e+14	1.648422e-01	2.048182e+00
1.975195e+14	1.691011e-01	1.940492e+00
1.974934e+14	1.724597e-01	1.832928e+00
1.974674e+14	1.748786e-01	1.725469e+00
1.974413e+14	1.763278e-01	1.618087e+00
1.974153e+14	1.767868e-01	1.510756e+00
1.973892e+14	1.762447e-01	1.403445e+00
1.973632e+14	1.747008e-01	1.296127e+00
1.973372e+14	1.721642e-01	1.188772e+00
1.973112e+14	1.686543e-01	1.081354e+00
1.972852e+14	1.642013e-01	9.738464e-01
1.972592e+14	1.588455e-01	8.662291e-01
1.972332e+14	1.526383e-01	7.584845e-01
1.972072e+14	1.456414e-01	6.505998e-01
1.971812e+14	1.379275e-01	5.425673e-01
1.971553e+14	1.295791e-01	4.343842e-01
1.971293e+14	1.206889e-01	3.260532e-01
1.971034e+14	1.113584e-01	2.175819e-01
1.970774e+14	1.016974e-01	1.089822e-01
1.970515e+14	9.182279e-02	2.701314e-04
1.970255e+14	8.185699e-02	-1.085355e-01
1.969996e+14	7.192658e-02	-2.174138e-01
1.969737e+14	6.216054e-02	-3.263428e-01
1.969478e+14	5.268850e-02	-4.353009e-01
1.969219e+14	4.363888e-02	-5.442677e-01
1.968960e+14	3.513713e-02	-6.532250e-01
1.968701e+14	2.730400e-02	-7.621580e-01
1.968442e+14	2.025392e-02	-8.710558e-01
1.968183e+14	1.409358e-02	-9.799118e-01
1.967924e+14	8.920580e-03	-1.088724e+00
1.967666e+14	4.822362e-03	-1.197496e+00
1.967407e+14	1.875190e-03	-1.306234e+00
1.967148e+14	1.433198e-04	-1.414950e+00
1.966890e+14	3.217401e-04	1.617935e+00
1.966632e+14	5.181134e-04	-1.632373e+00
1.966373e+14	2.686981e-03	-1.741114e+00
1.966115e+14	6.194410e-03	-1.849896e+00
1.965857e+14	1.103489e-02	-1.958735e+00
1.965599e+14	1.718741e-02	-2.067644e+00
1.965341e+14	2.461510e-02	-2.176629e+00
1.965083e+14	3.326502e-02	-2.285693e+00
1.964825e+14	4.306811e-02	-2.394833e+00
1.964567e+14	5.393941e-02	-2.504038e+00
1.964309e+14	6.577860e-02	-2.613288e+00
1.964051e+14	7.847084e-02	-2.722560e+00
1.963794e+14	9.188808e-02	-2.831819e+00
1.963536e+14	1.058907e-01	-2.941029e+00
1.963279e+14	1.203296e-01	-3.050144e+00
1.963021e+14	1.350486e-01	3.124066e+00
1.962764e+14	1.498869e-01	3.015279e+00
1.962507e+14	1.646820e-01	2.906730e+00
1.962249e+14	1.792724e-01	2.798462e+00
1.961992e+14	1.935001e-01	2.690518e+00
1.961735e+14	2.072132e-01	2.582932e+00
1.961478e+14	2.202679e-01	2.475730e+00
1.961221e+14	2.325299e-01	2.368930e+00
1.960964e+14	2.438758e-01	2.262539e+00
1.960707e+14	2.541938e-01	2.156552e+00
1.960450e+14	2.633841e-01	2.050953e+00
1.960194e+14	2.713589e-01	1.945716e+00
1.959937e+14	2.780419e-01	1.840803e+00
1.959681e+14	2.833682e-01	1.736166e+00
1.959424e+14	2.872836e-01	1.631749e+00
1.959168e+14	2.897445e-01	1.527488e+00
1.958911e+14	2.907169e-01	1.423314e+00
1.958655e+14	2.901770e-01	1.319153e+00
1.958399e+14	2.881110e-01	1.214930e+00
1.958143e+14	2.845153e-01	1.110568e+00
1.957886e+14	2.793977e-01	1.005996e+00
1.957630e+14	2.727781e-01	9.011428e-01
1.957374e+14	2.646900e-01	7.959462e-01
1.957119e+14	2.551819e-01	6.903516e-01
1.956863e+14	2.443191e-01	5.843147e-01
1.956607e+14	2.321851e-01	4.778031e-01
1.956351e+14	2.188835e-01	3.707975e-01
1.956096e+14	2.045388e-01	2.632923e-01
1.955840e+14	1.892972e-01	1.552962e-01
1.955585e+14	1.733265e-01	4.683138e-02
1.955329e+14	1.568158e-01	-6.206734e-02
1.955074e+14	1.399734e-01	-1.713544e-01
1.954818e+14	1.230245e-01	-2.809762e-01
1.954563e+14	1.062083e-01	-3.908740e-01
1.954308e+14	8.977391e-02	-5.009873e-01
1.954053e+14	7.397634e-02	-6.112582e-01
1.953798e+14	5.907221e-02	-7.216348e-01
1.953543e+14	4.531559e-02	-8.320749e-01
1.953288e+14	3.295431e-02	-9.425492e-01
1.953033e+14	2.222671e-02	-1.053044e+00
1.952779e+14	1.335912e-02	-1.163563e+00
1.952524e+14	6.563866e-03	-1.274128e+00
1.952269e+14	2.037811e-03	-1.384779e+00
1.952015e+14	3.880027e-05	1.646019e+00
1.951760e+14	4.965008e-04	-1.606583e+00
1.951506e+14	3.786980e-03	-1.717892e+00
1.951251e+14	9.954672e-03	-1.829592e+00
1.950997e+14	1.909746e-02	-1.941776e+00
1.950743e+14	3.128503e-02	-2.054535e+00
1.950489e+14	4.655369e-02	-2.167947e+00
1.950234e+14	6.489994e-02	-2.282074e+00
1.949980e+14	8.627335e-02	-2.396950e+00
1.949726e+14	1.105692e-01	-2.512576e+00
1.949473e+14	1.376218e-01	-2.628910e+00
1.949219e+14	1.671996e-01	-2.745866e+00
1.948965e+14	1.990037e-01	-2.863304e+00
1.948711e+14	2.326703e-01	-2.981035e+00
1.948458e+14	2.677789e-01	-3.098823e+00
1.948204e+14	3.038653e-01	3.066796e+00
1.947951e+14	3.404400e-01	2.949758e+00
1.947697e+14	3.770092e-01	2.833573e+00
1.947444e+14	4.130972e-01	2.718563e+00
1.947190e+14	4.482672e-01	2.605040e+00
1.946937e+14	4.821382e-01	2.493284e+00
1.946684e+14	5.143966e-01	2.383537e+00
1.946431e+14	5.448016e-01	2.275992e+00
1.946178e+14	5.731850e-01	2.170790e+00
1.945925e+14	5.994462e-01	2.068021e+00
1.945672e+14	6.235432e-01	1.967721e+00
1.945419e+14	6.454829e-01	1.869884e+00
1.945166e+14	6.653090e-01	1.774459e+00
1.944914e+14	6.830923e-01	1.681363e+00
1.944661e+14	6.989203e-01	1.590485e+00
1.944408e+14	7.128894e-01	1.501689e+00
1.944156e+14	7.250981e-01	1.414825e+00
1.943903e+14	7.356418e-01	1.329724e+00
1.943651e+14	7.446083e-01	1.246213e+00
1.943399e+14	7.520753e-01	1.164106e+00
1.943146e+14	7.581076e-01	1.083213e+00
1.942894e+14	7.627557e-01	1.003339e+00
1.942642e+14	7.660536e-01	9.242815e-01
1.942390e+14	7.680184e-01	8.458341e-01
1.942138e+14	7.686476e-01	7.677830e-01
1.941886e+14	7.679185e-01	6.899067e-01
1.941634e+14	7.657856e-01	6.119737e-01
1.941382e+14	7.621782e-01	5.337409e-01
1.941131e+14	7.569976e-01	4.549507e-01
1.940879e+14	7.501133e-01	3.753284e-01
1.940627e+14	7.413583e-01	2.945792e-01
1.940376e+14	7.305245e-01	2.123853e-01
1.940124e+14	7.173564e-01	1.284028e-01
1.939873e+14	7.015454e-01	4.225987e-02
1.939622e+14	6.827233e-01	-4.644468e-02
1.939370e+14	6.604581e-01	-1.381402e-01
1.939119e+14	6.342523e-01	-2.332797e-01
1.938868e+14	6.035469e-01	-3.323305e-01
1.938617e+14	5.677361e-01	-4.357563e-01
1.938366e+14	5.261970e-01	-5.439901e-01
1.938115e+14	4.783418e-01	-6.573934e-01
1.937864e+14	4.236968e-01	-7.762013e-01
1.937613e+14	3.620106e-01	-9.004561e-01
1.937362e+14	2.933812e-01	-1.029935e+00
1.937112e+14	2.183793e-01	-1.164090e+00
1.936861e+14	1.381291e-01	-1.302015e+00
1.936611e+14	5.430018e-02	-1.442466e+00
1.936360e+14	3.101835e-02	1.557644e+00
1.936110e+14	1.155508e-01	1.416732e+00
1.935859e+14	1.971210e-01	1.277938e+00
1.935609e+14	2.739099e-01	1.142597e+00
1.935359e+14	3.446182e-01	1.011728e+00
1.935109e+14	4.085091e-01	8.859923e-01
1.934858e+14	4.653508e-01	7.657114e-01
1.934608e+14	5.153019e-01	6.509204e-01
1.934358e+14	5.587815e-01	5.414390e-01
1.934109e+14	5.963536e-01	4.369410e-01
1.933859e+14	6.286391e-01	3.370131e-01
1.933609e+14	6.562550e-01	2.411999e-01
1.933359e+14	6.797789e-01	1.490357e-01
1.933110e+14	6.997305e-01	6.006445e-02
1.932860e+14	7.165642e-01	-2.614812e-02
1.932610e+14	7.306698e-01	-1.100087e-01
1.932361e+14	7.423765e-01	-1.918943e-01
1.932112e+14	7.519583e-01	-2.721530e-01
1.931862e+14	7.596407e-01	-3.511056e-01
1.931613e+14	7.656062e-01	-4.290485e-01
1.931364e+14	7.700004e-01	-5.062565e-01
1.931115e+14	7.729360e-01	-5.829859e-01
1.930865e+14	7.744972e-01	-6.594772e-01
1.930616e+14	7.747429e-01	-7.359579e-01
1.930368e+14	7.737094e-01	-8.126445e-01
1.930119e+14	7.714124e-01	-8.897448e-01
1.929870e+14	7.678489e-01	-9.674591e-01
1.929621e+14	7.629987e-01	-1.045982e+00
1.929372e+14	7.568256e-01	-1.125502e+00
1.929124e+14	7.492788e-01	-1.206203e+00
1.928875e+14	7.402941e-01	-1.288264e+00
1.928627e+14	7.297957e-01	-1.371857e+00
1.928378e+14	7.176985e-01	-1.457148e+00
1.928130e+14	7.039107e-01	-1.544292e+00
1.927882e+14	6.883376e-01	-1.633430e+00
1.927633e+14	6.708864e-01	-1.724688e+00
1.927385e+14	6.514725e-01	-1.818172e+00
1.927137e+14	6.300267e-01	-1.913959e+00
1.926889e+14	6.065040e-01	-2.012097e+00
1.926641e+14	5.808936e-01	-2.112592e+00
1.926393e+14	5.532286e-01	-2.215413e+00
1.926145e+14	5.235958e-01	-2.320477e+00
1.925897e+14	4.921440e-01	-2.427656e+00
1.925650e+14	4.590888e-01	-2.536771e+00
1.925402e+14	4.247139e-01	-2.647598e+00
1.925154e+14	3.893668e-01	-2.759875e+00
1.924907e+14	3.534494e-01	-2.873312e+00
1.924659e+14	3.174033e-01	-2.987601e+00
1.924412e+14	2.816916e-01	-3.102434e+00
1.924165e+14	2.467785e-01	3.065674e+00
1.923917e+14	2.131098e-01	2.950624e+00
1.923670e+14	1.810953e-01	2.835841e+00
1.923423e+14	1.510954e-01	2.721520e+00
1.923176e+14	1.234120e-01	2.607809e+00
1.922929e+14	9.828503e-02	2.494811e+00
1.922682e+14	7.589242e-02	2.382582e+00
1.922435e+14	5.635375e-02	2.271139e+00
1.922188e+14	3.973580e-02	2.160464e+00
1.921941e+14	2.605919e-02	2.050510e+00
1.921694e+14	1.530524e-02	1.941212e+00
1.921448e+14	7.422133e-03	1.832489e+00
1.921201e+14	2.330422e-03	1.724257e+00
1.920955e+14	7.270916e-05	-1.525167e+00
1.920708e+14	8.986792e-05	1.508914e+00
1.920462e+14	2.677593e-03	1.401646e+00
1.920215e+14	7.533878e-03	1.294557e+00
1.919969e+14	1.448732e-02	1.187598e+00
1.919723e+14	2.335274e-02	1.080735e+00
1.919477e+14	3.393222e-02	9.739500e-01
1.919231e+14	4.601650e-02	8.672411e-01
1.918985e+14	5.938671e-02	7.606215e-01
1.918739e+14	7.381660e-02	6.541181e-01
1.918493e+14	8.907532e-02	5.477686e-01
1.918247e+14	1.049306e-01	4.416195e-01
1.918001e+14	1.211520e-01	3.357223e-01
1.917756e+14	1.375149e-01	2.301308e-01
1.917510e+14	1.538035e-01	1.248976e-01
1.917264e+14	1.698141e-01	2.007108e-02
1.917019e+14	1.853579e-01	-8.430683e-02
1.916773e+14	2.002630e-01	-1.882032e-01
1.916528e+14	2.143756e-01	-2.915957e-01
1.916283e+14	2.275609e-01	-3.944734e-01
1.916037e+14	2.397032e-01	-4.968374e-01
1.915792e+14	2.507053e-01	-5.987007e-01
1.915547e+14	2.604876e-01	-7.000877e-01
1.915302e+14	2.689868e-01	-8.010334e-01
1.915057e+14	2.761547e-01	-9.015820e-01
1.914812e+14	2.819567e-01	-1.001785e+00
1.914567e+14	2.863705e-01	-1.101702e+00
1.914322e+14	2.893846e-01	-1.201394e+00
1.914077e+14	2.909975e-01	-1.300927e+00
1.913833e+14	2.912169e-01	-1.400369e+00
1.913588e+14	2.900588e-01	-1.499784e+00
1.913344e+14	2.875476e-01	-1.599236e+00
1.913099e+14	2.837156e-01	-1.698786e+00
1.912855e+14	2.786036e-01	-1.798488e+00
1.912610e+14	2.722605e-01	-1.898390e+00
1.912366e+14	2.647441e-01	-1.998535e+00
1.912122e+14	2.561211e-01	-2.098955e+00
1.911877e+14	2.464677e-01	-2.199673e+00
1.911633e+14	2.358696e-01	-2.300705e+00
1.911389e+14	2.244220e-01	-2.402057e+00
1.911145e+14	2.122294e-01	-2.503723e+00
1.910901e+14	1.994051e-01	-2.605692e+00
1.910657e+14	1.860702e-01	-2.707944e+00
1.910413e+14	1.723526e-01	-2.810450e+00
1.910170e+14	1.583853e-01	-2.913179e+00
1.909926e+14	1.443052e-01	-3.016091e+00
1.909682e+14	1.302503e-01	-3.119148e+00
1.909439e+14	1.163585e-01	3.060878e+00
1.909195e+14	1.027649e-01	2.957657e+00
1.908952e+14	8.960003e-02	2.854413e+00
1.908708e+14	7.698784e-02	2.751184e+00
1.908465e+14	6.504403e-02	2.648000e+00
1.908222e+14	5.387453e-02	2.544888e+00
1.907979e+14	4.357439e-02	2.441870e+00
1.907735e+14	3.422683e-02	2.338961e+00
1.907492e+14	2.590267e-02	2.236171e+00
1.907249e+14	1.865998e-02	2.133504e+00
1.907006e+14	1.254397e-02	2.030958e+00
1.906763e+14	7.587043e-03	1.928527e+00
1.906521e+14	3.808988e-03	1.826203e+00
1.906278e+14	1.217296e-03	1.723973e+00
1.906035e+14	1.924781e-04	-1.519768e+00
1.905792e+14	4.362976e-04	-1.621850e+00
1.905550e+14	4.588005e-04	1.417712e+00
1.905307e+14	2.455180e-03	1.315722e+00
1.905065e+14	5.505110e-03	1.213760e+00
1.904822e+14	9.551307e-03	1.111817e+00
1.904580e+14	1.452754e-02	1.009890e+00
1.904338e+14	2.035930e-02	9.079751e-01
1.904096e+14	2.696456e-02	8.060750e-01
1.903853e+14	3.425464e-02	7.041949e-01
1.903611e+14	4.213516e-02	6.023435e-01
1.903369e+14	5.050709e-02	5.005326e-01
1.903127e+14	5.926794e-02	3.987764e-01
1.902885e+14	6.831297e-02	2.970913e-01
1.902644e+14	7.753646e-02	1.954944e-01
1.902402e+14	8.683300e-02	9.400353e-02
1.902160e+14	9.609878e-02	-7.363996e-03
1.901918e+14	1.052328e-01	-1.085921e-01
1.901677e+14	1.141380e-01	-2.096665e-01
1.901435e+14	1.227222e-01	-3.105757e-01
1.901194e+14	1.308992e-01	-4.113109e-01
1.900952e+14	1.385893e-01	-5.118673e-01
1.900711e+14	1.457198e-01	-6.122435e-01
1.900470e+14	1.522259e-01	-7.124420e-01
1.900228e+14	1.580503e-01	-8.124694e-01
1.899987e+14	1.631439e-01	-9.123357e-01
1.899746e+14	1.674656e-01	-1.012054e+00
1.899505e+14	1.709824e-01	-1.111642e+00
1.899264e+14	1.736692e-01	-1.211118e+00
1.899023e+14	1.755087e-01	-1.310503e+00
1.898782e+14	1.764913e-01	-1.409820e+00
1.898542e+14	1.766148e-01	-1.509092e+00
1.898301e+14	1.758845e-01	-1.608341e+00
1.898060e+14	1.743128e-01	-1.707592e+00
1.897819e+14	1.719190e-01	-1.806864e+00
1.897579e+14	1.687295e-01	-1.906178e+00
1.897338e+14	1.647771e-01	-2.005552e+00
1.897098e+14	1.601014e-01	-2.105000e+00
1.896858e+14	1.547481e-01	-2.204535e+00
1.896617e+14	1.487691e-01	-2.304163e+00
1.896377e+14	1.422218e-01	-2.403892e+00
1.896137e+14	1.351689e-01	-2.503722e+00
1.895897e+14	1.276779e-01	-2.603652e+00
1.895657e+14	1.198208e-01	-2.703677e+00
1.895417e+14	1.116726e-01	-2.803790e+00
1.895177e+14	1.033116e-01	-2.903980e+00
1.894937e+14	9.481764e-02	-3.004236e+00
1.894697e+14	8.627195e-02	-3.104545e+00
1.894457e+14	7.775577e-02	3.078295e+00
1.894217e+14	6.934957e-02	2.977926e+00
1.893978e+14	6.113210e-02	2.877549e+00
1.893738e+14	5.317948e-02	2.777179e+00
1.893499e+14	4.556434e-02	2.676827e+00
1.893259e+14	3.835500e-02	2.576506e+00
1.893020e+14	3.161481e-02	2.476226e+00
1.892780e+14	2.540150e-02	2.375994e+00
1.892541e+14	1.976666e-02	2.275815e+00
1.892302e+14	1.475531e-02	2.175694e+00
1.892063e+14	1.040561e-02	2.075631e+00
1.891824e+14	6.748577e-03	1.975626e+00
1.891585e+14	3.807983e-03	1.875677e+00
1.891346e+14	1.600245e-03	1.775781e+00
1.891107e+14	1.344328e-04	1.675932e+00
1.890868e+14	5.876777e-04	-1.565468e+00
1.890629e+14	5.714966e-04	-1.665238e+00
1.890390e+14	1.705365e-04	1.376615e+00
1.890152e+14	1.619159e-03	1.276902e+00
1.889913e+14	3.748534e-03	1.177210e+00
1.889674e+14	6.526554e-03	1.077536e+00
1.889436e+14	9.915183e-03	9.778772e-01
1.889197e+14	1.387086e-02	8.782339e-01
1.888959e+14	1.834494e-02	7.786067e-01
1.888721e+14	2.328422e-02	6.789979e-01
1.888482e+14	2.863147e-02	5.794113e-01
1.888244e+14	3.432606e-02	4.798522e-01
1.888006e+14	4.030458e-02	3.803271e-01
1.887768e+14	4.650157e-02	2.808433e-01
1.887530e+14	5.285021e-02	1.814089e-01
1.887292e+14	5.928304e-02	8.203230e-02
1.887054e+14	6.573271e-02	-1.727817e-02
1.886816e+14	7.213269e-02	-1.165145e-01
1.886578e+14	7.841798e-02	-2.156693e-01
1.886341e+14	8.452575e-02	-3.147363e-01
1.886103e+14	9.039594e-02	-4.137105e-01
1.885865e+14	9.597186e-02	-5.125881e-01
1.885628e+14	1.012006e-01	-6.113674e-01
1.885390e+14	1.060337e-01	-7.100483e-01
1.885153e+14	1.104269e-01	-8.086324e-01
1.884916e+14	1.143412e-01	-9.071232e-01
1.884678e+14	1.177426e-01	-1.005526e+00
1.884441e+14	1.206024e-01	-1.103848e+00
1.884204e+14	1.228973e-01	-1.202097e+00
1.883967e+14	1.246094e-01	-1.300283e+00
1.883730e+14	1.257262e-01	-1.398416e+00
1.883493e+14	1.262411e-01	-1.496507e+00
1.883256e+14	1.261524e-01	-1.594568e+00
1.883019e+14	1.254643e-01	-1.692610e+00
1.882782e+14	1.241858e-01	-1.790643e+00
1.882545e+14	1.223314e-01	-1.888679e+00
1.882309e+14	1.199206e-01	-1.986726e+00
1.882072e+14	1.169778e-01	-2.084794e+00
1.881835e+14	1.135318e-01	-2.182888e+00
1.881599e+14	1.096163e-01	-2.281015e+00
1.881362e+14	1.052686e-01	-2.379179e+00
1.881126e+14	1.005305e-01	-2.477381e+00
1.880890e+14	9.544668e-02	-2.575623e+00
1.880653e+14	9.006535e-02	-2.673903e+00
1.880417e+14	8.443722e-02	-2.772218e+00
1.880181e+14	7.861516e-02	-2.870565e+00
1.879945e+14	7.265374e-02	-2.968939e+00
1.879709e+14	6.660863e-02	-3.067333e+00
1.879473e+14	6.053604e-02	3.117444e+00
1.879237e+14	5.449213e-02	3.019030e+00
1.879001e+14	4.853245e-02	2.920616e+00
1.878765e+14	4.271135e-02	2.822211e+00
1.878529e+14	3.708140e-02	2.723820e+00
1.878294e+14	3.169291e-02	2.625452e+00
1.878058e+14	2.659335e-02	2.527110e+00
1.877822e+14	2.182698e-02	2.428801e+00
1.877587e+14	1.743439e-02	2.330527e+00
1.877351e+14	1.345215e-02	2.232292e+00
1.877116e+14	9.912517e-03	2.134097e+00
1.876881e+14	6.843178e-03	2.035943e+00
1.876645e+14	4.267042e-03	1.937829e+00
1.876410e+14	2.202102e-03	1.839755e+00
1.876175e+14	6.613351e-04	1.741719e+00
1.875940e+14	3.473522e-04	-1.497876e+00
1.875705e+14	8.211295e-04	-1.595845e+00
1.875470e+14	7.622086e-04	-1.693785e+00
1.875235e+14	1.777696e-04	-1.791699e+00
1.875000e+14	9.201531e-04	1.252003e+00
