("port 1","TE",1,"port 1",1,"modulation")
(1,1)
0.00357
(500,3)
2.000000e+14	4.529173e-03	-2.890798e+00
1.999733e+14	4.728638e-03	-3.063404e+00
1.999466e+14	4.652975e-03	3.051371e+00
1.999199e+14	3.869381e-03	2.920812e+00
1.998932e+14	2.096141e-03	3.030209e+00
1.998665e+14	2.183721e-03	-1.555152e+00
1.998398e+14	7.168508e-03	-1.334455e+00
1.998131e+14	1.432158e-02	-1.460371e+00
1.997865e+14	2.349870e-02	-1.641823e+00
1.997598e+14	3.459629e-02	-1.841779e+00
1.997332e+14	4.739689e-02	-2.050059e+00
1.997065e+14	6.156103e-02	-2.262705e+00
1.996799e+14	7.663752e-02	-2.477822e+00
1.996532e+14	9.208326e-02	-2.694353e+00
1.996266e+14	1.072901e-01	-2.911644e+00
1.996000e+14	1.216163e-01	-3.129267e+00
1.995734e+14	1.344182e-01	2.936243e+00
1.995468e+14	1.450817e-01	2.718680e+00
1.995202e+14	1.530477e-01	2.501296e+00
1.994936e+14	1.578337e-01	2.284072e+00
1.994670e+14	1.590494e-01	2.066920e+00
1.994404e+14	1.564099e-01	1.849702e+00
1.994139e+14	1.497466e-01	1.632259e+00
1.993873e+14	1.390178e-01	1.414442e+00
1.993608e+14	1.243205e-01	1.196153e+00
1.993342e+14	1.059007e-01	9.774005e-01
1.993077e+14	8.416007e-02	7.584068e-01
1.992812e+14	5.965532e-02	5.399384e-01
1.992546e+14	3.308593e-02	3.252414e-01
1.992281e+14	5.283329e-03	1.839141e-01
1.992016e+14	2.293310e-02	2.985731e+00
1.991751e+14	5.056880e-02	2.776020e+00
1.991486e+14	7.677808e-02	2.558111e+00
1.991221e+14	1.007591e-01	2.338986e+00
1.990956e+14	1.218308e-01	2.119901e+00
1.990691e+14	1.394565e-01	1.901234e+00
1.990427e+14	1.532544e-01	1.683058e+00
1.990162e+14	1.629977e-01	1.465294e+00
1.989898e+14	1.686075e-01	1.247772e+00
1.989633e+14	1.701432e-01	1.030276e+00
1.989369e+14	1.677931e-01	8.125734e-01
1.989104e+14	1.618645e-01	5.944483e-01
1.988840e+14	1.527747e-01	3.757156e-01
1.988576e+14	1.410387e-01	1.562335e-01
1.988312e+14	1.272530e-01	-6.409771e-02
1.988048e+14	1.120725e-01	-2.853474e-01
1.987784e+14	9.618147e-02	-5.075784e-01
1.987520e+14	8.025904e-02	-7.308802e-01
1.987256e+14	6.494270e-02	-9.554118e-01
1.986992e+14	5.079279e-02	-1.181449e+00
1.986729e+14	3.826193e-02	-1.409423e+00
1.986465e+14	2.767180e-02	-1.639898e+00
1.986201e+14	1.919844e-02	-1.873299e+00
1.985938e+14	1.286632e-02	-2.108801e+00
1.985674e+14	8.550786e-03	-2.341091e+00
1.985411e+14	5.990705e-03	-2.555623e+00
1.985148e+14	4.814068e-03	-2.735795e+00
1.984885e+14	4.562934e-03	-2.889863e+00
1.984622e+14	4.703485e-03	-3.041486e+00
1.984358e+14	4.657747e-03	3.092687e+00
1.984095e+14	3.865199e-03	2.988182e+00
1.983832e+14	2.002166e-03	-3.064320e+00
1.983570e+14	2.993276e-03	-1.416512e+00
1.983307e+14	8.995638e-03	-1.281424e+00
1.983044e+14	1.768470e-02	-1.411037e+00
1.982781e+14	2.902280e-02	-1.590750e+00
1.982519e+14	4.294736e-02	-1.788213e+00
1.982256e+14	5.924135e-02	-1.993935e+00
1.981994e+14	7.752186e-02	-2.204070e+00
1.981732e+14	9.724983e-02	-2.416699e+00
1.981469e+14	1.177538e-01	-2.630699e+00
1.981207e+14	1.382648e-01	-2.845330e+00
1.980945e+14	1.579592e-01	-3.060074e+00
1.980683e+14	1.760035e-01	3.008611e+00
1.980421e+14	1.915952e-01	2.794574e+00
1.980159e+14	2.039967e-01	2.581085e+00
1.979897e+14	2.125581e-01	2.368100e+00
1.979635e+14	2.167312e-01	2.155462e+00
1.979373e+14	2.160771e-01	1.942919e+00
1.979112e+14	2.102733e-01	1.730154e+00
1.978850e+14	1.991237e-01	1.516833e+00
1.978588e+14	1.825760e-01	1.302647e+00
1.978327e+14	1.607465e-01	1.087376e+00
1.978066e+14	1.339491e-01	8.709603e-01
1.977804e+14	1.027224e-01	6.536395e-01
1.977543e+14	6.784278e-02	4.363926e-01
1.977282e+14	3.031463e-02	2.246420e-01
1.977021e+14	8.696255e-03	3.073024e+00
1.976760e+14	4.784434e-02	2.897711e+00
1.976499e+14	8.585584e-02	2.681594e+00
1.976238e+14	1.214907e-01	2.463616e+00
1.975977e+14	1.536807e-01	2.246124e+00
1.975716e+14	1.815722e-01	2.029754e+00
1.975455e+14	2.045452e-01	1.814663e+00
1.975195e+14	2.222050e-01	1.600749e+00
1.974934e+14	2.343580e-01	1.387740e+00
1.974674e+14	2.409839e-01	1.175258e+00
1.974413e+14	2.422105e-01	9.628722e-01
1.974153e+14	2.382983e-01	7.501486e-01
1.973892e+14	2.296340e-01	5.366946e-01
1.973632e+14	2.167286e-01	3.221895e-01
1.973372e+14	2.002176e-01	1.064039e-01
1.973112e+14	1.808538e-01	-1.107979e-01
1.972852e+14	1.594889e-01	-3.294730e-01
1.972592e+14	1.370410e-01	-5.496352e-01
1.972332e+14	1.144478e-01	-7.713078e-01
1.972072e+14	9.261133e-02	-9.945948e-01
1.971812e+14	7.234082e-02	-1.219768e+00
1.971553e+14	5.430162e-02	-1.447367e+00
1.971293e+14	3.897615e-02	-1.678293e+00
1.971034e+14	2.663921e-02	-1.913767e+00
1.970774e+14	1.734760e-02	-2.154604e+00
1.970515e+14	1.094158e-02	-2.397872e+00
1.970255e+14	7.058550e-03	-2.627651e+00
1.969996e+14	5.170157e-03	-2.811028e+00
1.969737e+14	4.636877e-03	-2.940913e+00
1.969478e+14	4.712697e-03	-3.056814e+00
1.969219e+14	4.565681e-03	3.118375e+00
1.968960e+14	3.412913e-03	3.115491e+00
1.968701e+14	1.821013e-03	-2.128385e+00
1.968442e+14	6.567513e-03	-1.217702e+00
1.968183e+14	1.570855e-02	-1.255433e+00
1.967924e+14	2.870753e-02	-1.408945e+00
1.967666e+14	4.571785e-02	-1.594977e+00
1.967407e+14	6.670500e-02	-1.794668e+00
1.967148e+14	9.137549e-02	-2.001345e+00
1.966890e+14	1.191626e-01	-2.211922e+00
1.966632e+14	1.492410e-01	-2.424627e+00
1.966373e+14	1.805704e-01	-2.638251e+00
1.966115e+14	2.119648e-01	-2.851864e+00
1.965857e+14	2.421778e-01	-3.064736e+00
1.965599e+14	2.699878e-01	3.006861e+00
1.965341e+14	2.942667e-01	2.796883e+00
1.965083e+14	3.140216e-01	2.588611e+00
1.964825e+14	3.284042e-01	2.381895e+00
1.964567e+14	3.366956e-01	2.176350e+00
1.964309e+14	3.382768e-01	1.971389e+00
1.964051e+14	3.325995e-01	1.766261e+00
1.963794e+14	3.191714e-01	1.560119e+00
1.963536e+14	2.975693e-01	1.352094e+00
1.963279e+14	2.674919e-01	1.141398e+00
1.963021e+14	2.288574e-01	9.274462e-01
1.962764e+14	1.819395e-01	7.100213e-01
1.962507e+14	1.275183e-01	4.895453e-01
1.962249e+14	6.699259e-02	2.682428e-01
1.961992e+14	2.431848e-03	2.297637e-01
1.961735e+14	6.378772e-02	2.941428e+00
1.961478e+14	1.288126e-01	2.718779e+00
1.961221e+14	1.901318e-01	2.495931e+00
1.960964e+14	2.456376e-01	2.275921e+00
1.960707e+14	2.938391e-01	2.059750e+00
1.960450e+14	3.338670e-01	1.847655e+00
1.960194e+14	3.653645e-01	1.639338e+00
1.959937e+14	3.883299e-01	1.434115e+00
1.959681e+14	4.029674e-01	1.231045e+00
1.959424e+14	4.095767e-01	1.029047e+00
1.959168e+14	4.084923e-01	8.270034e-01
1.958911e+14	4.000687e-01	6.238449e-01
1.958655e+14	3.847066e-01	4.186230e-01
1.958399e+14	3.629069e-01	2.105750e-01
1.958143e+14	3.353406e-01	-8.260608e-04
1.957886e+14	3.029136e-01	-2.158440e-01
1.957630e+14	2.668053e-01	-4.344871e-01
1.957374e+14	2.284568e-01	-6.565651e-01
1.957119e+14	1.894969e-01	-8.818012e-01
1.956863e+14	1.516138e-01	-1.110000e+00
1.956607e+14	1.163958e-01	-1.341271e+00
1.956351e+14	8.517919e-02	-1.576306e+00
1.956096e+14	5.893188e-02	-1.816752e+00
1.955840e+14	3.818621e-02	-2.065628e+00
1.955585e+14	2.301652e-02	-2.327153e+00
1.955329e+14	1.304342e-02	-2.601714e+00
1.955074e+14	7.451911e-03	-2.860427e+00
1.954818e+14	5.090664e-03	-3.013686e+00
1.954563e+14	4.676261e-03	-3.047928e+00
1.954308e+14	4.670895e-03	-3.058387e+00
1.954053e+14	3.492648e-03	-2.877629e+00
1.953798e+14	3.906701e-03	-1.501057e+00
1.953543e+14	1.357816e-02	-1.123506e+00
1.953288e+14	3.092470e-02	-1.208948e+00
1.953033e+14	5.679613e-02	-1.378820e+00
1.952779e+14	9.206738e-02	-1.578653e+00
1.952524e+14	1.370089e-01	-1.793400e+00
1.952269e+14	1.910288e-01	-2.016919e+00
1.952015e+14	2.525110e-01	-2.245578e+00
1.951760e+14	3.188381e-01	-2.476350e+00
1.951506e+14	3.866868e-01	-2.706262e+00
1.951251e+14	4.525652e-01	-2.932431e+00
1.950997e+14	5.134134e-01	3.130823e+00
1.950743e+14	5.670293e-01	2.918923e+00
1.950489e+14	6.121830e-01	2.715966e+00
1.950234e+14	6.484521e-01	2.521972e+00
1.949980e+14	6.759087e-01	2.336173e+00
1.949726e+14	6.947832e-01	2.157157e+00
1.949473e+14	7.051648e-01	1.982961e+00
1.949219e+14	7.067321e-01	1.811094e+00
1.948965e+14	6.984640e-01	1.638435e+00
1.948711e+14	6.782478e-01	1.461010e+00
1.948458e+14	6.422826e-01	1.273610e+00
1.948204e+14	5.841919e-01	1.069293e+00
1.947951e+14	4.940202e-01	8.390410e-01
1.947697e+14	3.584387e-01	5.726264e-01
1.947444e+14	1.664484e-01	2.637908e-01
1.947190e+14	7.427852e-02	3.048256e+00
1.946937e+14	3.237423e-01	2.695891e+00
1.946684e+14	5.328078e-01	2.365703e+00
1.946431e+14	6.815623e-01	2.082290e+00
1.946178e+14	7.787620e-01	1.846331e+00
1.945925e+14	8.407818e-01	1.648967e+00
1.945672e+14	8.807109e-01	1.480390e+00
1.945419e+14	9.069758e-01	1.332697e+00
1.945166e+14	9.246529e-01	1.200089e+00
1.944914e+14	9.367692e-01	1.078402e+00
1.944661e+14	9.451493e-01	9.646029e-01
1.944408e+14	9.509099e-01	8.564190e-01
1.944156e+14	9.547398e-01	7.520752e-01
1.943903e+14	9.570586e-01	6.501133e-01
1.943651e+14	9.581047e-01	5.492625e-01
1.943399e+14	9.579832e-01	4.483421e-01
1.943146e+14	9.566865e-01	3.461787e-01
1.942894e+14	9.540938e-01	2.415288e-01
1.942642e+14	9.499524e-01	1.329966e-01
1.942390e+14	9.438330e-01	1.893655e-02
1.942138e+14	9.350527e-01	-1.026686e-01
1.941886e+14	9.225463e-01	-2.343640e-01
1.941634e+14	9.046630e-01	-3.794195e-01
1.941382e+14	8.788654e-01	-5.420535e-01
1.941131e+14	8.413482e-01	-7.276184e-01
1.940879e+14	7.867644e-01	-9.425597e-01
1.940627e+14	7.087022e-01	-1.193787e+00
1.940376e+14	6.022580e-01	-1.487197e+00
1.940124e+14	4.696603e-01	-1.826666e+00
1.939873e+14	3.257481e-01	-2.219634e+00
1.939622e+14	1.959554e-01	-2.703503e+00
1.939370e+14	1.079466e-01	2.882782e+00
1.939119e+14	7.836753e-02	2.005069e+00
1.938868e+14	7.693951e-02	1.556627e+00
1.938617e+14	8.577315e-02	1.700163e+00
1.938366e+14	1.426707e-01	1.950038e+00
1.938115e+14	2.534790e-01	1.907785e+00
1.937864e+14	3.930005e-01	1.711175e+00
1.937613e+14	5.338232e-01	1.464334e+00
1.937362e+14	6.548050e-01	1.214760e+00
1.937112e+14	7.474599e-01	9.838836e-01
1.936861e+14	8.137067e-01	7.784228e-01
1.936611e+14	8.596017e-01	5.975314e-01
1.936360e+14	8.911586e-01	4.375203e-01
1.936110e+14	9.129644e-01	2.942501e-01
1.935859e+14	9.281700e-01	1.640336e-01
1.935609e+14	9.388500e-01	4.384076e-02
1.935359e+14	9.463502e-01	-6.875590e-02
1.935109e+14	9.515388e-01	-1.757049e-01
1.934858e+14	9.549706e-01	-2.785994e-01
1.934608e+14	9.569885e-01	-3.787831e-01
1.934358e+14	9.577842e-01	-4.774380e-01
1.934109e+14	9.574305e-01	-5.756590e-01
1.933859e+14	9.558921e-01	-6.745220e-01
1.933609e+14	9.530192e-01	-7.751532e-01
1.933359e+14	9.485183e-01	-8.788083e-01
1.933110e+14	9.418951e-01	-9.869720e-01
1.932860e+14	9.323494e-01	-1.101493e+00
1.932610e+14	9.185912e-01	-1.224779e+00
1.932361e+14	8.985179e-01	-1.360069e+00
1.932112e+14	8.686537e-01	-1.511831e+00
1.931862e+14	8.232232e-01	-1.686232e+00
1.931613e+14	7.528525e-01	-1.891480e+00
1.931364e+14	6.437327e-01	-2.137127e+00
1.931115e+14	4.808180e-01	-2.430143e+00
1.930865e+14	2.615064e-01	-2.765862e+00
1.930616e+14	1.387321e-02	3.138819e+00
1.930368e+14	2.136110e-01	-3.082532e-01
1.930119e+14	3.898486e-01	-6.049137e-01
1.929870e+14	5.131127e-01	-8.597822e-01
1.929621e+14	5.951646e-01	-1.081358e+00
1.929372e+14	6.482111e-01	-1.279493e+00
1.929124e+14	6.810792e-01	-1.462474e+00
1.928875e+14	6.993956e-01	-1.636634e+00
1.928627e+14	7.065248e-01	-1.806754e+00
1.928378e+14	7.043450e-01	-1.976515e+00
1.928130e+14	6.937667e-01	-2.148833e+00
1.927882e+14	6.750773e-01	-2.326065e+00
1.927633e+14	6.481993e-01	-2.510094e+00
1.927385e+14	6.129314e-01	-2.702321e+00
1.927137e+14	5.692155e-01	-2.903590e+00
1.926889e+14	5.174332e-01	-3.114083e+00
1.926641e+14	4.586836e-01	2.949935e+00
1.926393e+14	3.949371e-01	2.723334e+00
1.926145e+14	3.289563e-01	2.491013e+00
1.925897e+14	2.639449e-01	2.254772e+00
1.925650e+14	2.030293e-01	2.016003e+00
1.925402e+14	1.487659e-01	1.775167e+00
1.925154e+14	1.028400e-01	1.531155e+00
1.924907e+14	6.600398e-02	1.280094e+00
1.924659e+14	3.819148e-02	1.011752e+00
1.924412e+14	1.872332e-02	6.945420e-01
1.924165e+14	6.636575e-03	1.711357e-01
1.923917e+14	2.709890e-03	-1.531524e+00
1.923670e+14	4.330761e-03	-2.522547e+00
1.923423e+14	4.716560e-03	-2.978295e+00
1.923176e+14	4.740158e-03	2.889728e+00
1.922929e+14	5.904764e-03	2.540476e+00
1.922682e+14	9.448860e-03	2.324624e+00
1.922435e+14	1.649232e-02	2.165498e+00
1.922188e+14	2.797226e-02	2.002053e+00
1.921941e+14	4.447180e-02	1.823650e+00
1.921694e+14	6.618368e-02	1.633516e+00
1.921448e+14	9.290353e-02	1.435619e+00
1.921201e+14	1.240335e-01	1.232829e+00
1.920955e+14	1.586121e-01	1.027170e+00
1.920708e+14	1.953819e-01	8.201813e-01
1.920462e+14	2.328949e-01	6.131163e-01
1.920215e+14	2.696433e-01	4.070064e-01
1.919969e+14	3.041892e-01	2.026556e-01
1.919723e+14	3.352670e-01	6.071105e-04
1.919477e+14	3.618401e-01	-1.988842e-01
1.919231e+14	3.831081e-01	-3.958585e-01
1.918985e+14	3.984752e-01	-5.906327e-01
1.918739e+14	4.074960e-01	-7.837625e-01
1.918493e+14	4.098182e-01	-9.759919e-01
1.918247e+14	4.051348e-01	-1.168195e+00
1.918001e+14	3.931587e-01	-1.361313e+00
1.917756e+14	3.736262e-01	-1.556286e+00
1.917510e+14	3.463352e-01	-1.753975e+00
1.917264e+14	3.112221e-01	-1.955079e+00
1.917019e+14	2.684718e-01	-2.160045e+00
1.916773e+14	2.186437e-01	-2.368997e+00
1.916528e+14	1.627816e-01	-2.581735e+00
1.916283e+14	1.024570e-01	-2.797999e+00
1.916037e+14	3.970548e-02	-3.020387e+00
1.915792e+14	2.316580e-02	-6.964207e-02
1.915547e+14	8.381683e-02	-2.973559e-01
1.915302e+14	1.401875e-01	-5.128830e-01
1.915057e+14	1.906594e-01	-7.243780e-01
1.914812e+14	2.341460e-01	-9.322107e-01
1.914567e+14	2.700605e-01	-1.136580e+00
1.914322e+14	2.982172e-01	-1.337895e+00
1.914077e+14	3.187119e-01	-1.536766e+00
1.913833e+14	3.318156e-01	-1.733936e+00
1.913588e+14	3.378982e-01	-1.930200e+00
1.913344e+14	3.373864e-01	-2.126340e+00
1.913099e+14	3.307504e-01	-2.323070e+00
1.912855e+14	3.185128e-01	-2.520989e+00
1.912610e+14	3.012693e-01	-2.720554e+00
1.912366e+14	2.797121e-01	-2.922064e+00
1.912122e+14	2.546460e-01	-3.125658e+00
1.911877e+14	2.269873e-01	2.951848e+00
1.911633e+14	1.977426e-01	2.744174e+00
1.911389e+14	1.679650e-01	2.534630e+00
1.911145e+14	1.386941e-01	2.323277e+00
1.910901e+14	1.108905e-01	2.109996e+00
1.910657e+14	8.537509e-02	1.894304e+00
1.910413e+14	6.278336e-02	1.675035e+00
1.910170e+14	4.353947e-02	1.449618e+00
1.909926e+14	2.785037e-02	1.212092e+00
1.909682e+14	1.572038e-02	9.458984e-01
1.909439e+14	7.005749e-03	5.838340e-01
1.909195e+14	1.959744e-03	-4.785044e-01
1.908952e+14	3.023597e-03	-2.172718e+00
1.908708e+14	4.378586e-03	-2.637886e+00
1.908465e+14	4.715538e-03	-2.957318e+00
1.908222e+14	4.638846e-03	3.023181e+00
1.907979e+14	4.843352e-03	2.726111e+00
1.907735e+14	5.974093e-03	2.468583e+00
1.907492e+14	8.589861e-03	2.264575e+00
1.907249e+14	1.317740e-02	2.086625e+00
1.907006e+14	2.011969e-02	1.910969e+00
1.906763e+14	2.965456e-02	1.729942e+00
1.906521e+14	4.185741e-02	1.543113e+00
1.906278e+14	5.663606e-02	1.351751e+00
1.906035e+14	7.373259e-02	1.157162e+00
1.905792e+14	9.273327e-02	9.603836e-01
1.905550e+14	1.130879e-01	7.622127e-01
1.905307e+14	1.341386e-01	5.632734e-01
1.905065e+14	1.551567e-01	3.640613e-01
1.904822e+14	1.753827e-01	1.649650e-01
1.904580e+14	1.940669e-01	-3.372964e-02
1.904338e+14	2.105032e-01	-2.318425e-01
1.904096e+14	2.240557e-01	-4.293031e-01
1.903853e+14	2.341741e-01	-6.261492e-01
1.903611e+14	2.404016e-01	-8.225194e-01
1.903369e+14	2.423758e-01	-1.018638e+00
1.903127e+14	2.398286e-01	-1.214792e+00
1.902885e+14	2.325872e-01	-1.411305e+00
1.902644e+14	2.205802e-01	-1.608505e+00
1.902402e+14	2.038488e-01	-1.806691e+00
1.902160e+14	1.825642e-01	-2.006109e+00
1.901918e+14	1.570467e-01	-2.206926e+00
1.901677e+14	1.277812e-01	-2.409241e+00
1.901435e+14	9.542365e-02	-2.613164e+00
1.901194e+14	6.079032e-02	-2.819225e+00
1.900952e+14	2.482801e-02	-3.032377e+00
1.900711e+14	1.144940e-02	-4.897461e-02
1.900470e+14	4.697834e-02	-2.774681e-01
1.900228e+14	8.078579e-02	-4.845400e-01
1.899987e+14	1.119880e-01	-6.887142e-01
1.899746e+14	1.398551e-01	-8.911778e-01
1.899505e+14	1.638287e-01	-1.092202e+00
1.899264e+14	1.835236e-01	-1.291961e+00
1.899023e+14	1.987156e-01	-1.490667e+00
1.898782e+14	2.093226e-01	-1.688586e+00
1.898542e+14	2.153841e-01	-1.886023e+00
1.898301e+14	2.170444e-01	-2.083299e+00
1.898060e+14	2.145391e-01	-2.280724e+00
1.897819e+14	2.081882e-01	-2.478582e+00
1.897579e+14	1.983898e-01	-2.677105e+00
1.897338e+14	1.856162e-01	-2.876474e+00
1.897098e+14	1.704063e-01	-3.076812e+00
1.896858e+14	1.533541e-01	3.004986e+00
1.896617e+14	1.350907e-01	2.802494e+00
1.896377e+14	1.162610e-01	2.598829e+00
1.896137e+14	9.749623e-02	2.393861e+00
1.895897e+14	7.938478e-02	2.187318e+00
1.895657e+14	6.244517e-02	1.978658e+00
1.895417e+14	4.710351e-02	1.766813e+00
1.895177e+14	3.367756e-02	1.549615e+00
1.894937e+14	2.236871e-02	1.322224e+00
1.894697e+14	1.326352e-02	1.071624e+00
1.894457e+14	6.357472e-03	7.477025e-01
1.894217e+14	1.830484e-03	-8.410095e-02
1.893978e+14	2.392962e-03	-2.019022e+00
1.893738e+14	3.977077e-03	-2.504516e+00
1.893499e+14	4.641808e-03	-2.801907e+00
1.893259e+14	4.699419e-03	-3.068401e+00
1.893020e+14	4.577066e-03	2.950319e+00
1.892780e+14	4.711544e-03	2.688486e+00
1.892541e+14	5.509436e-03	2.448688e+00
1.892302e+14	7.327070e-03	2.242104e+00
1.892063e+14	1.046852e-02	2.056918e+00
1.891824e+14	1.517178e-02	1.877563e+00
1.891585e+14	2.158818e-02	1.696492e+00
1.891346e+14	2.977058e-02	1.511851e+00
1.891107e+14	3.966928e-02	1.323887e+00
1.890868e+14	5.113257e-02	1.133322e+00
1.890629e+14	6.391189e-02	9.408536e-01
1.890390e+14	7.767159e-02	7.470536e-01
1.890152e+14	9.200337e-02	5.523717e-01
1.889913e+14	1.064448e-01	3.571608e-01
1.889674e+14	1.205003e-01	1.616956e-01
1.889436e+14	1.336640e-01	-3.381725e-02
1.889197e+14	1.454408e-01	-2.292345e-01
1.888959e+14	1.553657e-01	-4.244748e-01
1.888721e+14	1.630199e-01	-6.195163e-01
1.888482e+14	1.680429e-01	-8.143935e-01
1.888244e+14	1.701411e-01	-1.009189e+00
1.888006e+14	1.690944e-01	-1.204026e+00
1.887768e+14	1.647616e-01	-1.399049e+00
1.887530e+14	1.570853e-01	-1.594417e+00
1.887292e+14	1.460973e-01	-1.790283e+00
1.887054e+14	1.319238e-01	-1.986783e+00
1.886816e+14	1.147904e-01	-2.184035e+00
1.886578e+14	9.502329e-02	-2.382153e+00
1.886341e+14	7.304730e-02	-2.581328e+00
1.886103e+14	4.937664e-02	-2.782167e+00
1.885865e+14	2.459894e-02	-2.988130e+00
1.885628e+14	7.396975e-04	4.544483e-01
1.885390e+14	2.572215e-02	-2.171758e-01
1.885153e+14	4.995695e-02	-4.225118e-01
1.884916e+14	7.275898e-02	-6.231143e-01
1.884678e+14	9.359109e-02	-8.221044e-01
1.884441e+14	1.120023e-01	-1.020079e+00
1.884204e+14	1.276383e-01	-1.217256e+00
1.883967e+14	1.402458e-01	-1.413780e+00
1.883730e+14	1.496706e-01	-1.609801e+00
1.883493e+14	1.558530e-01	-1.805480e+00
1.883256e+14	1.588214e-01	-2.000994e+00
1.883019e+14	1.586850e-01	-2.196519e+00
1.882782e+14	1.556278e-01	-2.392227e+00
1.882545e+14	1.499017e-01	-2.588272e+00
1.882309e+14	1.418198e-01	-2.784785e+00
1.882072e+14	1.317481e-01	-2.981875e+00
1.881835e+14	1.200957e-01	3.103548e+00
1.881599e+14	1.073013e-01	2.905029e+00
1.881362e+14	9.381882e-02	2.705649e+00
1.881126e+14	8.009982e-02	2.505254e+00
1.880890e+14	6.657574e-02	2.303588e+00
1.880653e+14	5.364052e-02	2.100201e+00
1.880417e+14	4.163511e-02	1.894267e+00
1.880181e+14	3.083512e-02	1.684203e+00
1.879945e+14	2.144245e-02	1.466666e+00
1.879709e+14	1.358213e-02	1.233366e+00
1.879473e+14	7.309339e-03	9.569286e-01
1.879237e+14	2.683187e-03	4.703528e-01
1.879001e+14	1.469597e-03	-1.569985e+00
1.878765e+14	3.274149e-03	-2.311000e+00
1.878529e+14	4.345813e-03	-2.624224e+00
1.878294e+14	4.718704e-03	-2.879800e+00
1.878058e+14	4.668846e-03	-3.123476e+00
1.877822e+14	4.505566e-03	2.915397e+00
1.877587e+14	4.540450e-03	2.671605e+00
1.877351e+14	5.065769e-03	2.440823e+00
1.877116e+14	6.339773e-03	2.233359e+00
1.876881e+14	8.581666e-03	2.044802e+00
1.876645e+14	1.196398e-02	1.864126e+00
1.876410e+14	1.660020e-02	1.684011e+00
1.876175e+14	2.253599e-02	1.501730e+00
1.875940e+14	2.974545e-02	1.316859e+00
1.875705e+14	3.813106e-02	1.129745e+00
1.875470e+14	4.752655e-02	9.408842e-01
1.875235e+14	5.770282e-02	7.507303e-01
1.875000e+14	6.837673e-02	5.596540e-01
("port 1","TE",1,"port 2",1,"modulation")
(1,1)
0.00357
(500,3)
2.000000e+14	4.529173e-03	-2.890798e+00
1.999733e+14	4.728638e-03	-3.063404e+00
1.999466e+14	4.652975e-03	3.051371e+00
1.999199e+14	3.869381e-03	2.920812e+00
1.998932e+14	2.096141e-03	3.030209e+00
1.998665e+14	2.183721e-03	-1.555152e+00
1.998398e+14	7.168508e-03	-1.334455e+00
1.998131e+14	1.432158e-02	-1.460371e+00
1.997865e+14	2.349870e-02	-1.641823e+00
1.997598e+14	3.459629e-02	-1.841779e+00
1.997332e+14	4.739689e-02	-2.050059e+00
1.997065e+14	6.156103e-02	-2.262705e+00
1.996799e+14	7.663752e-02	-2.477822e+00
1.996532e+14	9.208326e-02	-2.694353e+00
1.996266e+14	1.072901e-01	-2.911644e+00
1.996000e+14	1.216163e-01	-3.129267e+00
1.995734e+14	1.344182e-01	2.936243e+00
1.995468e+14	1.450817e-01	2.718680e+00
1.995202e+14	1.530477e-01	2.501296e+00
1.994936e+14	1.578337e-01	2.284072e+00
1.994670e+14	1.590494e-01	2.066920e+00
1.994404e+14	1.564099e-01	1.849702e+00
1.994139e+14	1.497466e-01	1.632259e+00
1.993873e+14	1.390178e-01	1.414442e+00
1.993608e+14	1.243205e-01	1.196153e+00
1.993342e+14	1.059007e-01	9.774005e-01
1.993077e+14	8.416007e-02	7.584068e-01
1.992812e+14	5.965532e-02	5.399384e-01
1.992546e+14	3.308593e-02	3.252414e-01
1.992281e+14	5.283329e-03	1.839141e-01
1.992016e+14	2.293310e-02	2.985731e+00
1.991751e+14	5.056880e-02	2.776020e+00
1.991486e+14	7.677808e-02	2.558111e+00
1.991221e+14	1.007591e-01	2.338986e+00
1.990956e+14	1.218308e-01	2.119901e+00
1.990691e+14	1.394565e-01	1.901234e+00
1.990427e+14	1.532544e-01	1.683058e+00
1.990162e+14	1.629977e-01	1.465294e+00
1.989898e+14	1.686075e-01	1.247772e+00
1.989633e+14	1.701432e-01	1.030276e+00
1.989369e+14	1.677931e-01	8.125734e-01
1.989104e+14	1.618645e-01	5.944483e-01
1.988840e+14	1.527747e-01	3.757156e-01
1.988576e+14	1.410387e-01	1.562335e-01
1.988312e+14	1.272530e-01	-6.409771e-02
1.988048e+14	1.120725e-01	-2.853474e-01
1.987784e+14	9.618147e-02	-5.075784e-01
1.987520e+14	8.025904e-02	-7.308802e-01
1.987256e+14	6.494270e-02	-9.554118e-01
1.986992e+14	5.079279e-02	-1.181449e+00
1.986729e+14	3.826193e-02	-1.409423e+00
1.986465e+14	2.767180e-02	-1.639898e+00
1.986201e+14	1.919844e-02	-1.873299e+00
1.985938e+14	1.286632e-02	-2.108801e+00
1.985674e+14	8.550786e-03	-2.341091e+00
1.985411e+14	5.990705e-03	-2.555623e+00
1.985148e+14	4.814068e-03	-2.735795e+00
1.984885e+14	4.562934e-03	-2.889863e+00
1.984622e+14	4.703485e-03	-3.041486e+00
1.984358e+14	4.657747e-03	3.092687e+00
1.984095e+14	3.865199e-03	2.988182e+00
1.983832e+14	2.002166e-03	-3.064320e+00
1.983570e+14	2.993276e-03	-1.416512e+00
1.983307e+14	8.995638e-03	-1.281424e+00
1.983044e+14	1.768470e-02	-1.411037e+00
1.982781e+14	2.902280e-02	-1.590750e+00
1.982519e+14	4.294736e-02	-1.788213e+00
1.982256e+14	5.924135e-02	-1.993935e+00
1.981994e+14	7.752186e-02	-2.204070e+00
1.981732e+14	9.724983e-02	-2.416699e+00
1.981469e+14	1.177538e-01	-2.630699e+00
1.981207e+14	1.382648e-01	-2.845330e+00
1.980945e+14	1.579592e-01	-3.060074e+00
1.980683e+14	1.760035e-01	3.008611e+00
1.980421e+14	1.915952e-01	2.794574e+00
1.980159e+14	2.039967e-01	2.581085e+00
1.979897e+14	2.125581e-01	2.368100e+00
1.979635e+14	2.167312e-01	2.155462e+00
1.979373e+14	2.160771e-01	1.942919e+00
1.979112e+14	2.102733e-01	1.730154e+00
1.978850e+14	1.991237e-01	1.516833e+00
1.978588e+14	1.825760e-01	1.302647e+00
1.978327e+14	1.607465e-01	1.087376e+00
1.978066e+14	1.339491e-01	8.709603e-01
1.977804e+14	1.027224e-01	6.536395e-01
1.977543e+14	6.784278e-02	4.363926e-01
1.977282e+14	3.031463e-02	2.246420e-01
1.977021e+14	8.696255e-03	3.073024e+00
1.976760e+14	4.784434e-02	2.897711e+00
1.976499e+14	8.585584e-02	2.681594e+00
1.976238e+14	1.214907e-01	2.463616e+00
1.975977e+14	1.536807e-01	2.246124e+00
1.975716e+14	1.815722e-01	2.029754e+00
1.975455e+14	2.045452e-01	1.814663e+00
1.975195e+14	2.222050e-01	1.600749e+00
1.974934e+14	2.343580e-01	1.387740e+00
1.974674e+14	2.409839e-01	1.175258e+00
1.974413e+14	2.422105e-01	9.628722e-01
1.974153e+14	2.382983e-01	7.501486e-01
1.973892e+14	2.296340e-01	5.366946e-01
1.973632e+14	2.167286e-01	3.221895e-01
1.973372e+14	2.002176e-01	1.064039e-01
1.973112e+14	1.808538e-01	-1.107979e-01
1.972852e+14	1.594889e-01	-3.294730e-01
1.972592e+14	1.370410e-01	-5.496352e-01
1.972332e+14	1.144478e-01	-7.713078e-01
1.972072e+14	9.261133e-02	-9.945948e-01
1.971812e+14	7.234082e-02	-1.219768e+00
1.971553e+14	5.430162e-02	-1.447367e+00
1.971293e+14	3.897615e-02	-1.678293e+00
1.971034e+14	2.663921e-02	-1.913767e+00
1.970774e+14	1.734760e-02	-2.154604e+00
1.970515e+14	1.094158e-02	-2.397872e+00
1.970255e+14	7.058550e-03	-2.627651e+00
1.969996e+14	5.170157e-03	-2.811028e+00
1.969737e+14	4.636877e-03	-2.940913e+00
1.969478e+14	4.712697e-03	-3.056814e+00
1.969219e+14	4.565681e-03	3.118375e+00
1.968960e+14	3.412913e-03	3.115491e+00
1.968701e+14	1.821013e-03	-2.128385e+00
1.968442e+14	6.567513e-03	-1.217702e+00
1.968183e+14	1.570855e-02	-1.255433e+00
1.967924e+14	2.870753e-02	-1.408945e+00
1.967666e+14	4.571785e-02	-1.594977e+00
1.967407e+14	6.670500e-02	-1.794668e+00
1.967148e+14	9.137549e-02	-2.001345e+00
1.966890e+14	1.191626e-01	-2.211922e+00
1.966632e+14	1.492410e-01	-2.424627e+00
1.966373e+14	1.805704e-01	-2.638251e+00
1.966115e+14	2.119648e-01	-2.851864e+00
1.965857e+14	2.421778e-01	-3.064736e+00
1.965599e+14	2.699878e-01	3.006861e+00
1.965341e+14	2.942667e-01	2.796883e+00
1.965083e+14	3.140216e-01	2.588611e+00
1.964825e+14	3.284042e-01	2.381895e+00
1.964567e+14	3.366956e-01	2.176350e+00
1.964309e+14	3.382768e-01	1.971389e+00
1.964051e+14	3.325995e-01	1.766261e+00
1.963794e+14	3.191714e-01	1.560119e+00
1.963536e+14	2.975693e-01	1.352094e+00
1.963279e+14	2.674919e-01	1.141398e+00
1.963021e+14	2.288574e-01	9.274462e-01
1.962764e+14	1.819395e-01	7.100213e-01
1.962507e+14	1.275183e-01	4.895453e-01
1.962249e+14	6.699259e-02	2.682428e-01
1.961992e+14	2.431848e-03	2.297637e-01
1.961735e+14	6.378772e-02	2.941428e+00
1.961478e+14	1.288126e-01	2.718779e+00
1.961221e+14	1.901318e-01	2.495931e+00
1.960964e+14	2.456376e-01	2.275921e+00
1.960707e+14	2.938391e-01	2.059750e+00
1.960450e+14	3.338670e-01	1.847655e+00
1.960194e+14	3.653645e-01	1.639338e+00
1.959937e+14	3.883299e-01	1.434115e+00
1.959681e+14	4.029674e-01	1.231045e+00
1.959424e+14	4.095767e-01	1.029047e+00
1.959168e+14	4.084923e-01	8.270034e-01
1.958911e+14	4.000687e-01	6.238449e-01
1.958655e+14	3.847066e-01	4.186230e-01
1.958399e+14	3.629069e-01	2.105750e-01
1.958143e+14	3.353406e-01	-8.260608e-04
1.957886e+14	3.029136e-01	-2.158440e-01
1.957630e+14	2.668053e-01	-4.344871e-01
1.957374e+14	2.284568e-01	-6.565651e-01
1.957119e+14	1.894969e-01	-8.818012e-01
1.956863e+14	1.516138e-01	-1.110000e+00
1.956607e+14	1.163958e-01	-1.341271e+00
1.956351e+14	8.517919e-02	-1.576306e+00
1.956096e+14	5.893188e-02	-1.816752e+00
1.955840e+14	3.818621e-02	-2.065628e+00
1.955585e+14	2.301652e-02	-2.327153e+00
1.955329e+14	1.304342e-02	-2.601714e+00
1.955074e+14	7.451911e-03	-2.860427e+00
1.954818e+14	5.090664e-03	-3.013686e+00
1.954563e+14	4.676261e-03	-3.047928e+00
1.954308e+14	4.670895e-03	-3.058387e+00
1.954053e+14	3.492648e-03	-2.877629e+00
1.953798e+14	3.906701e-03	-1.501057e+00
1.953543e+14	1.357816e-02	-1.123506e+00
1.953288e+14	3.092470e-02	-1.208948e+00
1.953033e+14	5.679613e-02	-1.378820e+00
1.952779e+14	9.206738e-02	-1.578653e+00
1.952524e+14	1.370089e-01	-1.793400e+00
1.952269e+14	1.910288e-01	-2.016919e+00
1.952015e+14	2.525110e-01	-2.245578e+00
1.951760e+14	3.188381e-01	-2.476350e+00
1.951506e+14	3.866868e-01	-2.706262e+00
1.951251e+14	4.525652e-01	-2.932431e+00
1.950997e+14	5.134134e-01	3.130823e+00
1.950743e+14	5.670293e-01	2.918923e+00
1.950489e+14	6.121830e-01	2.715966e+00
1.950234e+14	6.484521e-01	2.521972e+00
1.949980e+14	6.759087e-01	2.336173e+00
1.949726e+14	6.947832e-01	2.157157e+00
1.949473e+14	7.051648e-01	1.982961e+00
1.949219e+14	7.067321e-01	1.811094e+00
1.948965e+14	6.984640e-01	1.638435e+00
1.948711e+14	6.782478e-01	1.461010e+00
1.948458e+14	6.422826e-01	1.273610e+00
1.948204e+14	5.841919e-01	1.069293e+00
1.947951e+14	4.940202e-01	8.390410e-01
1.947697e+14	3.584387e-01	5.726264e-01
1.947444e+14	1.664484e-01	2.637908e-01
1.947190e+14	7.427852e-02	3.048256e+00
1.946937e+14	3.237423e-01	2.695891e+00
1.946684e+14	5.328078e-01	2.365703e+00
1.946431e+14	6.815623e-01	2.082290e+00
1.946178e+14	7.787620e-01	1.846331e+00
1.945925e+14	8.407818e-01	1.648967e+00
1.945672e+14	8.807109e-01	1.480390e+00
1.945419e+14	9.069758e-01	1.332697e+00
1.945166e+14	9.246529e-01	1.200089e+00
1.944914e+14	9.367692e-01	1.078402e+00
1.944661e+14	9.451493e-01	9.646029e-01
1.944408e+14	9.509099e-01	8.564190e-01
1.944156e+14	9.547398e-01	7.520752e-01
1.943903e+14	9.570586e-01	6.501133e-01
1.943651e+14	9.581047e-01	5.492625e-01
1.943399e+14	9.579832e-01	4.483421e-01
1.943146e+14	9.566865e-01	3.461787e-01
1.942894e+14	9.540938e-01	2.415288e-01
1.942642e+14	9.499524e-01	1.329966e-01
1.942390e+14	9.438330e-01	1.893655e-02
1.942138e+14	9.350527e-01	-1.026686e-01
1.941886e+14	9.225463e-01	-2.343640e-01
1.941634e+14	9.046630e-01	-3.794195e-01
1.941382e+14	8.788654e-01	-5.420535e-01
1.941131e+14	8.413482e-01	-7.276184e-01
1.940879e+14	7.867644e-01	-9.425597e-01
1.940627e+14	7.087022e-01	-1.193787e+00
1.940376e+14	6.022580e-01	-1.487197e+00
1.940124e+14	4.696603e-01	-1.826666e+00
1.939873e+14	3.257481e-01	-2.219634e+00
1.939622e+14	1.959554e-01	-2.703503e+00
1.939370e+14	1.079466e-01	2.882782e+00
1.939119e+14	7.836753e-02	2.005069e+00
1.938868e+14	7.693951e-02	1.556627e+00
1.938617e+14	8.577315e-02	1.700163e+00
1.938366e+14	1.426707e-01	1.950038e+00
1.938115e+14	2.534790e-01	1.907785e+00
1.937864e+14	3.930005e-01	1.711175e+00
1.937613e+14	5.338232e-01	1.464334e+00
1.937362e+14	6.548050e-01	1.214760e+00
1.937112e+14	7.474599e-01	9.838836e-01
1.936861e+14	8.137067e-01	7.784228e-01
1.936611e+14	8.596017e-01	5.975314e-01
1.936360e+14	8.911586e-01	4.375203e-01
1.936110e+14	9.129644e-01	2.942501e-01
1.935859e+14	9.281700e-01	1.640336e-01
1.935609e+14	9.388500e-01	4.384076e-02
1.935359e+14	9.463502e-01	-6.875590e-02
1.935109e+14	9.515388e-01	-1.757049e-01
1.934858e+14	9.549706e-01	-2.785994e-01
1.934608e+14	9.569885e-01	-3.787831e-01
1.934358e+14	9.577842e-01	-4.774380e-01
1.934109e+14	9.574305e-01	-5.756590e-01
1.933859e+14	9.558921e-01	-6.745220e-01
1.933609e+14	9.530192e-01	-7.751532e-01
1.933359e+14	9.485183e-01	-8.788083e-01
1.933110e+14	9.418951e-01	-9.869720e-01
1.932860e+14	9.323494e-01	-1.101493e+00
1.932610e+14	9.185912e-01	-1.224779e+00
1.932361e+14	8.985179e-01	-1.360069e+00
1.932112e+14	8.686537e-01	-1.511831e+00
1.931862e+14	8.232232e-01	-1.686232e+00
1.931613e+14	7.528525e-01	-1.891480e+00
1.931364e+14	6.437327e-01	-2.137127e+00
1.931115e+14	4.808180e-01	-2.430143e+00
1.930865e+14	2.615064e-01	-2.765862e+00
1.930616e+14	1.387321e-02	3.138819e+00
1.930368e+14	2.136110e-01	-3.082532e-01
1.930119e+14	3.898486e-01	-6.049137e-01
1.929870e+14	5.131127e-01	-8.597822e-01
1.929621e+14	5.951646e-01	-1.081358e+00
1.929372e+14	6.482111e-01	-1.279493e+00
1.929124e+14	6.810792e-01	-1.462474e+00
1.928875e+14	6.993956e-01	-1.636634e+00
1.928627e+14	7.065248e-01	-1.806754e+00
1.928378e+14	7.043450e-01	-1.976515e+00
1.928130e+14	6.937667e-01	-2.148833e+00
1.927882e+14	6.750773e-01	-2.326065e+00
1.927633e+14	6.481993e-01	-2.510094e+00
1.927385e+14	6.129314e-01	-2.702321e+00
1.927137e+14	5.692155e-01	-2.903590e+00
1.926889e+14	5.174332e-01	-3.114083e+00
1.926641e+14	4.586836e-01	2.949935e+00
1.926393e+14	3.949371e-01	2.723334e+00
1.926145e+14	3.289563e-01	2.491013e+00
1.925897e+14	2.639449e-01	2.254772e+00
1.925650e+14	2.030293e-01	2.016003e+00
1.925402e+14	1.487659e-01	1.775167e+00
1.925154e+14	1.028400e-01	1.531155e+00
1.924907e+14	6.600398e-02	1.280094e+00
1.924659e+14	3.819148e-02	1.011752e+00
1.924412e+14	1.872332e-02	6.945420e-01
1.924165e+14	6.636575e-03	1.711357e-01
1.923917e+14	2.709890e-03	-1.531524e+00
1.923670e+14	4.330761e-03	-2.522547e+00
1.923423e+14	4.716560e-03	-2.978295e+00
1.923176e+14	4.740158e-03	2.889728e+00
1.922929e+14	5.904764e-03	2.540476e+00
1.922682e+14	9.448860e-03	2.324624e+00
1.922435e+14	1.649232e-02	2.165498e+00
1.922188e+14	2.797226e-02	2.002053e+00
1.921941e+14	4.447180e-02	1.823650e+00
1.921694e+14	6.618368e-02	1.633516e+00
1.921448e+14	9.290353e-02	1.435619e+00
1.921201e+14	1.240335e-01	1.232829e+00
1.920955e+14	1.586121e-01	1.027170e+00
1.920708e+14	1.953819e-01	8.201813e-01
1.920462e+14	2.328949e-01	6.131163e-01
1.920215e+14	2.696433e-01	4.070064e-01
1.919969e+14	3.041892e-01	2.026556e-01
1.919723e+14	3.352670e-01	6.071105e-04
1.919477e+14	3.618401e-01	-1.988842e-01
1.919231e+14	3.831081e-01	-3.958585e-01
1.918985e+14	3.984752e-01	-5.906327e-01
1.918739e+14	4.074960e-01	-7.837625e-01
1.918493e+14	4.098182e-01	-9.759919e-01
1.918247e+14	4.051348e-01	-1.168195e+00
1.918001e+14	3.931587e-01	-1.361313e+00
1.917756e+14	3.736262e-01	-1.556286e+00
1.917510e+14	3.463352e-01	-1.753975e+00
1.917264e+14	3.112221e-01	-1.955079e+00
1.917019e+14	2.684718e-01	-2.160045e+00
1.916773e+14	2.186437e-01	-2.368997e+00
1.916528e+14	1.627816e-01	-2.581735e+00
1.916283e+14	1.024570e-01	-2.797999e+00
1.916037e+14	3.970548e-02	-3.020387e+00
1.915792e+14	2.316580e-02	-6.964207e-02
1.915547e+14	8.381683e-02	-2.973559e-01
1.915302e+14	1.401875e-01	-5.128830e-01
1.915057e+14	1.906594e-01	-7.243780e-01
1.914812e+14	2.341460e-01	-9.322107e-01
1.914567e+14	2.700605e-01	-1.136580e+00
1.914322e+14	2.982172e-01	-1.337895e+00
1.914077e+14	3.187119e-01	-1.536766e+00
1.913833e+14	3.318156e-01	-1.733936e+00
1.913588e+14	3.378982e-01	-1.930200e+00
1.913344e+14	3.373864e-01	-2.126340e+00
1.913099e+14	3.307504e-01	-2.323070e+00
1.912855e+14	3.185128e-01	-2.520989e+00
1.912610e+14	3.012693e-01	-2.720554e+00
1.912366e+14	2.797121e-01	-2.922064e+00
1.912122e+14	2.546460e-01	-3.125658e+00
1.911877e+14	2.269873e-01	2.951848e+00
1.911633e+14	1.977426e-01	2.744174e+00
1.911389e+14	1.679650e-01	2.534630e+00
1.911145e+14	1.386941e-01	2.323277e+00
1.910901e+14	1.108905e-01	2.109996e+00
1.910657e+14	8.537509e-02	1.894304e+00
1.910413e+14	6.278336e-02	1.675035e+00
1.910170e+14	4.353947e-02	1.449618e+00
1.909926e+14	2.785037e-02	1.212092e+00
1.909682e+14	1.572038e-02	9.458984e-01
1.909439e+14	7.005749e-03	5.838340e-01
1.909195e+14	1.959744e-03	-4.785044e-01
1.908952e+14	3.023597e-03	-2.172718e+00
1.908708e+14	4.378586e-03	-2.637886e+00
1.908465e+14	4.715538e-03	-2.957318e+00
1.908222e+14	4.638846e-03	3.023181e+00
1.907979e+14	4.843352e-03	2.726111e+00
1.907735e+14	5.974093e-03	2.468583e+00
1.907492e+14	8.589861e-03	2.264575e+00
1.907249e+14	1.317740e-02	2.086625e+00
1.907006e+14	2.011969e-02	1.910969e+00
1.906763e+14	2.965456e-02	1.729942e+00
1.906521e+14	4.185741e-02	1.543113e+00
1.906278e+14	5.663606e-02	1.351751e+00
1.906035e+14	7.373259e-02	1.157162e+00
1.905792e+14	9.273327e-02	9.603836e-01
1.905550e+14	1.130879e-01	7.622127e-01
1.905307e+14	1.341386e-01	5.632734e-01
1.905065e+14	1.551567e-01	3.640613e-01
1.904822e+14	1.753827e-01	1.649650e-01
1.904580e+14	1.940669e-01	-3.372964e-02
1.904338e+14	2.105032e-01	-2.318425e-01
1.904096e+14	2.240557e-01	-4.293031e-01
1.903853e+14	2.341741e-01	-6.261492e-01
1.903611e+14	2.404016e-01	-8.225194e-01
1.903369e+14	2.423758e-01	-1.018638e+00
1.903127e+14	2.398286e-01	-1.214792e+00
1.902885e+14	2.325872e-01	-1.411305e+00
1.902644e+14	2.205802e-01	-1.608505e+00
1.902402e+14	2.038488e-01	-1.806691e+00
1.902160e+14	1.825642e-01	-2.006109e+00
1.901918e+14	1.570467e-01	-2.206926e+00
1.901677e+14	1.277812e-01	-2.409241e+00
1.901435e+14	9.542365e-02	-2.613164e+00
1.901194e+14	6.079032e-02	-2.819225e+00
1.900952e+14	2.482801e-02	-3.032377e+00
1.900711e+14	1.144940e-02	-4.897461e-02
1.900470e+14	4.697834e-02	-2.774681e-01
1.900228e+14	8.078579e-02	-4.845400e-01
1.899987e+14	1.119880e-01	-6.887142e-01
1.899746e+14	1.398551e-01	-8.911778e-01
1.899505e+14	1.638287e-01	-1.092202e+00
1.899264e+14	1.835236e-01	-1.291961e+00
1.899023e+14	1.987156e-01	-1.490667e+00
1.898782e+14	2.093226e-01	-1.688586e+00
1.898542e+14	2.153841e-01	-1.886023e+00
1.898301e+14	2.170444e-01	-2.083299e+00
1.898060e+14	2.145391e-01	-2.280724e+00
1.897819e+14	2.081882e-01	-2.478582e+00
1.897579e+14	1.983898e-01	-2.677105e+00
1.897338e+14	1.856162e-01	-2.876474e+00
1.897098e+14	1.704063e-01	-3.076812e+00
1.896858e+14	1.533541e-01	3.004986e+00
1.896617e+14	1.350907e-01	2.802494e+00
1.896377e+14	1.162610e-01	2.598829e+00
1.896137e+14	9.749623e-02	2.393861e+00
1.895897e+14	7.938478e-02	2.187318e+00
1.895657e+14	6.244517e-02	1.978658e+00
1.895417e+14	4.710351e-02	1.766813e+00
1.895177e+14	3.367756e-02	1.549615e+00
1.894937e+14	2.236871e-02	1.322224e+00
1.894697e+14	1.326352e-02	1.071624e+00
1.894457e+14	6.357472e-03	7.477025e-01
1.894217e+14	1.830484e-03	-8.410095e-02
1.893978e+14	2.392962e-03	-2.019022e+00
1.893738e+14	3.977077e-03	-2.504516e+00
1.893499e+14	4.641808e-03	-2.801907e+00
1.893259e+14	4.699419e-03	-3.068401e+00
1.893020e+14	4.577066e-03	2.950319e+00
1.892780e+14	4.711544e-03	2.688486e+00
1.892541e+14	5.509436e-03	2.448688e+00
1.892302e+14	7.327070e-03	2.242104e+00
1.892063e+14	1.046852e-02	2.056918e+00
1.891824e+14	1.517178e-02	1.877563e+00
1.891585e+14	2.158818e-02	1.696492e+00
1.891346e+14	2.977058e-02	1.511851e+00
1.891107e+14	3.966928e-02	1.323887e+00
1.890868e+14	5.113257e-02	1.133322e+00
1.890629e+14	6.391189e-02	9.408536e-01
1.890390e+14	7.767159e-02	7.470536e-01
1.890152e+14	9.200337e-02	5.523717e-01
1.889913e+14	1.064448e-01	3.571608e-01
1.889674e+14	1.205003e-01	1.616956e-01
1.889436e+14	1.336640e-01	-3.381725e-02
1.889197e+14	1.454408e-01	-2.292345e-01
1.888959e+14	1.553657e-01	-4.244748e-01
1.888721e+14	1.630199e-01	-6.195163e-01
1.888482e+14	1.680429e-01	-8.143935e-01
1.888244e+14	1.701411e-01	-1.009189e+00
1.888006e+14	1.690944e-01	-1.204026e+00
1.887768e+14	1.647616e-01	-1.399049e+00
1.887530e+14	1.570853e-01	-1.594417e+00
1.887292e+14	1.460973e-01	-1.790283e+00
1.887054e+14	1.319238e-01	-1.986783e+00
1.886816e+14	1.147904e-01	-2.184035e+00
1.886578e+14	9.502329e-02	-2.382153e+00
1.886341e+14	7.304730e-02	-2.581328e+00
1.886103e+14	4.937664e-02	-2.782167e+00
1.885865e+14	2.459894e-02	-2.988130e+00
1.885628e+14	7.396975e-04	4.544483e-01
1.885390e+14	2.572215e-02	-2.171758e-01
1.885153e+14	4.995695e-02	-4.225118e-01
1.884916e+14	7.275898e-02	-6.231143e-01
1.884678e+14	9.359109e-02	-8.221044e-01
1.884441e+14	1.120023e-01	-1.020079e+00
1.884204e+14	1.276383e-01	-1.217256e+00
1.883967e+14	1.402458e-01	-1.413780e+00
1.883730e+14	1.496706e-01	-1.609801e+00
1.883493e+14	1.558530e-01	-1.805480e+00
1.883256e+14	1.588214e-01	-2.000994e+00
1.883019e+14	1.586850e-01	-2.196519e+00
1.882782e+14	1.556278e-01	-2.392227e+00
1.882545e+14	1.499017e-01	-2.588272e+00
1.882309e+14	1.418198e-01	-2.784785e+00
1.882072e+14	1.317481e-01	-2.981875e+00
1.881835e+14	1.200957e-01	3.103548e+00
1.881599e+14	1.073013e-01	2.905029e+00
1.881362e+14	9.381882e-02	2.705649e+00
1.881126e+14	8.009982e-02	2.505254e+00
1.880890e+14	6.657574e-02	2.303588e+00
1.880653e+14	5.364052e-02	2.100201e+00
1.880417e+14	4.163511e-02	1.894267e+00
1.880181e+14	3.083512e-02	1.684203e+00
1.879945e+14	2.144245e-02	1.466666e+00
1.879709e+14	1.358213e-02	1.233366e+00
1.879473e+14	7.309339e-03	9.569286e-01
1.879237e+14	2.683187e-03	4.703528e-01
1.879001e+14	1.469597e-03	-1.569985e+00
1.878765e+14	3.274149e-03	-2.311000e+00
1.878529e+14	4.345813e-03	-2.624224e+00
1.878294e+14	4.718704e-03	-2.879800e+00
1.878058e+14	4.668846e-03	-3.123476e+00
1.877822e+14	4.505566e-03	2.915397e+00
1.877587e+14	4.540450e-03	2.671605e+00
1.877351e+14	5.065769e-03	2.440823e+00
1.877116e+14	6.339773e-03	2.233359e+00
1.876881e+14	8.581666e-03	2.044802e+00
1.876645e+14	1.196398e-02	1.864126e+00
1.876410e+14	1.660020e-02	1.684011e+00
1.876175e+14	2.253599e-02	1.501730e+00
1.875940e+14	2.974545e-02	1.316859e+00
1.875705e+14	3.813106e-02	1.129745e+00
1.875470e+14	4.752655e-02	9.408842e-01
1.875235e+14	5.770282e-02	7.507303e-01
1.875000e+14	6.837673e-02	5.596540e-01
("port 2","TE",1,"port 1",1,"modulation")
(1,1)
0.00357
(500,3)
2.000000e+14	9.999897e-01	1.942291e-01
1.999733e+14	9.999888e-01	-2.756136e-02
1.999466e+14	9.999892e-01	-2.493028e-01
1.999199e+14	9.999925e-01	-4.710060e-01
1.998932e+14	9.999978e-01	-6.926858e-01
1.998665e+14	9.999976e-01	-9.143613e-01
1.998398e+14	9.999743e-01	-1.136052e+00
1.998131e+14	9.998974e-01	-1.357776e+00
1.997865e+14	9.997239e-01	-1.579538e+00
1.997598e+14	9.994014e-01	-1.801327e+00
1.997332e+14	9.988761e-01	-2.023108e+00
1.997065e+14	9.981033e-01	-2.244819e+00
1.996799e+14	9.970590e-01	-2.466375e+00
1.996532e+14	9.957513e-01	-2.687676e+00
1.996266e+14	9.942278e-01	-2.908617e+00
1.996000e+14	9.925772e-01	-3.129108e+00
1.995734e+14	9.909247e-01	2.934097e+00
1.995468e+14	9.894197e-01	2.714644e+00
1.995202e+14	9.882188e-01	2.495679e+00
1.994936e+14	9.874657e-01	2.277106e+00
1.994670e+14	9.872706e-01	2.058776e+00
1.994404e+14	9.876922e-01	1.840501e+00
1.994139e+14	9.887244e-01	1.622072e+00
1.993873e+14	9.902899e-01	1.403288e+00
1.993608e+14	9.922421e-01	1.183975e+00
1.993342e+14	9.943767e-01	9.640192e-01
1.993077e+14	9.964522e-01	7.433814e-01
1.992812e+14	9.982190e-01	5.221107e-01
1.992546e+14	9.994525e-01	3.003434e-01
1.992281e+14	9.999860e-01	7.828957e-02
1.992016e+14	9.997370e-01	-1.437927e-01
1.991751e+14	9.987206e-01	-3.656313e-01
1.991486e+14	9.970482e-01	-5.869764e-01
1.991221e+14	9.949109e-01	-8.076339e-01
1.990956e+14	9.925509e-01	-1.027489e+00
1.990691e+14	9.902282e-01	-1.246517e+00
1.990427e+14	9.881868e-01	-1.464785e+00
1.990162e+14	9.866264e-01	-1.682431e+00
1.989898e+14	9.856833e-01	-1.899651e+00
1.989633e+14	9.854193e-01	-2.116667e+00
1.989369e+14	9.858222e-01	-2.333699e+00
1.989104e+14	9.868130e-01	-2.550942e+00
1.988840e+14	9.882610e-01	-2.768547e+00
1.988576e+14	9.900041e-01	-2.986604e+00
1.988312e+14	9.918703e-01	3.078046e+00
1.988048e+14	9.937000e-01	2.859060e+00
1.987784e+14	9.953638e-01	2.639701e+00
1.987520e+14	9.967740e-01	2.420074e+00
1.987256e+14	9.978890e-01	2.200294e+00
1.986992e+14	9.987092e-01	1.980469e+00
1.986729e+14	9.992677e-01	1.760684e+00
1.986465e+14	9.996171e-01	1.541000e+00
1.986201e+14	9.998157e-01	1.321445e+00
1.985938e+14	9.999172e-01	1.102028e+00
1.985674e+14	9.999634e-01	8.827355e-01
1.985411e+14	9.999821e-01	6.635495e-01
1.985148e+14	9.999884e-01	4.444490e-01
1.984885e+14	9.999896e-01	2.254156e-01
1.984622e+14	9.999889e-01	6.433920e-03
1.984358e+14	9.999892e-01	-2.125106e-01
1.984095e+14	9.999925e-01	-4.314354e-01
1.983832e+14	9.999980e-01	-6.503640e-01
1.983570e+14	9.999955e-01	-8.693273e-01
1.983307e+14	9.999595e-01	-1.088360e+00
1.983044e+14	9.998436e-01	-1.307493e+00
1.982781e+14	9.995787e-01	-1.526745e+00
1.982519e+14	9.990773e-01	-1.746107e+00
1.982256e+14	9.982437e-01	-1.965531e+00
1.981994e+14	9.969907e-01	-2.184926e+00
1.981732e+14	9.952600e-01	-2.404156e+00
1.981469e+14	9.930428e-01	-2.623051e+00
1.981207e+14	9.903953e-01	-2.841425e+00
1.980945e+14	9.874456e-01	-3.059103e+00
1.980683e+14	9.843895e-01	3.007235e+00
1.980421e+14	9.814740e-01	2.791285e+00
1.980159e+14	9.789716e-01	2.576211e+00
1.979897e+14	9.771484e-01	2.361894e+00
1.979635e+14	9.762313e-01	2.148116e+00
1.979373e+14	9.763763e-01	1.934578e+00
1.979112e+14	9.776426e-01	1.720925e+00
1.978850e+14	9.799744e-01	1.506781e+00
1.978588e+14	9.831917e-01	1.291792e+00
1.978327e+14	9.869957e-01	1.075674e+00
1.978066e+14	9.909882e-01	8.582537e-01
1.977804e+14	9.947101e-01	6.395037e-01
1.977543e+14	9.976960e-01	4.195643e-01
1.977282e+14	9.995404e-01	1.987376e-01
1.977021e+14	9.999622e-01	-2.254140e-02
1.976760e+14	9.988548e-01	-2.437599e-01
1.976499e+14	9.963076e-01	-4.643967e-01
1.976238e+14	9.925926e-01	-6.839945e-01
1.975977e+14	9.881206e-01	-9.022208e-01
1.975716e+14	9.833776e-01	-1.118906e+00
1.975455e+14	9.788571e-01	-1.334056e+00
1.975195e+14	9.750000e-01	-1.547837e+00
1.974934e+14	9.721504e-01	-1.760549e+00
1.974674e+14	9.705291e-01	-1.972576e+00
1.974413e+14	9.702237e-01	-2.184341e+00
1.974153e+14	9.711920e-01	-2.396259e+00
1.973892e+14	9.732771e-01	-2.608696e+00
1.973632e+14	9.762319e-01	-2.821928e+00
1.973372e+14	9.797515e-01	-3.036126e+00
1.973112e+14	9.835100e-01	3.031840e+00
1.972852e+14	9.871997e-01	2.815657e+00
1.972592e+14	9.905654e-01	2.598657e+00
1.972332e+14	9.934293e-01	2.381044e+00
1.972072e+14	9.957023e-01	2.163047e+00
1.971812e+14	9.973800e-01	1.944882e+00
1.971553e+14	9.985246e-01	1.726723e+00
1.971293e+14	9.992401e-01	1.508694e+00
1.971034e+14	9.996451e-01	1.290856e+00
1.970774e+14	9.998495e-01	1.073221e+00
1.970515e+14	9.999401e-01	8.557687e-01
1.970255e+14	9.999751e-01	6.384563e-01
1.969996e+14	9.999866e-01	4.212385e-01
1.969737e+14	9.999892e-01	2.040743e-01
1.969478e+14	9.999889e-01	-1.307156e-02
1.969219e+14	9.999896e-01	-2.302328e-01
1.968960e+14	9.999942e-01	-4.474492e-01
1.968701e+14	9.999983e-01	-6.647743e-01
1.968442e+14	9.999784e-01	-8.822774e-01
1.968183e+14	9.998766e-01	-1.100038e+00
1.967924e+14	9.995879e-01	-1.318133e+00
1.967666e+14	9.989544e-01	-1.536606e+00
1.967407e+14	9.977727e-01	-1.755446e+00
1.967148e+14	9.958165e-01	-1.974554e+00
1.966890e+14	9.928748e-01	-2.193728e+00
1.966632e+14	9.888009e-01	-2.412655e+00
1.966373e+14	9.835621e-01	-2.630939e+00
1.966115e+14	9.772773e-01	-2.848139e+00
1.965857e+14	9.702319e-01	-3.063831e+00
1.965599e+14	9.628638e-01	3.005505e+00
1.965341e+14	9.557233e-01	2.793688e+00
1.965083e+14	9.494158e-01	2.583900e+00
1.964825e+14	9.445373e-01	2.375917e+00
1.964567e+14	9.416135e-01	2.169303e+00
1.964309e+14	9.410466e-01	1.963426e+00
1.964051e+14	9.430682e-01	1.757504e+00
1.963794e+14	9.476970e-01	1.550656e+00
1.963536e+14	9.547002e-01	1.341984e+00
1.963279e+14	9.635601e-01	1.130661e+00
1.963021e+14	9.734600e-01	9.160433e-01
1.962764e+14	9.833097e-01	6.977900e-01
1.962507e+14	9.918362e-01	4.759757e-01
1.962249e+14	9.977535e-01	2.511599e-01
1.961992e+14	9.999970e-01	2.437721e-02
1.961735e+14	9.979635e-01	-2.029772e-01
1.961478e+14	9.916690e-01	-4.293582e-01
1.961221e+14	9.817586e-01	-6.533261e-01
1.960964e+14	9.693617e-01	-8.737743e-01
1.960707e+14	9.558549e-01	-1.090072e+00
1.960450e+14	9.426202e-01	-1.302099e+00
1.960194e+14	9.308645e-01	-1.510196e+00
1.959937e+14	9.215204e-01	-1.715065e+00
1.959681e+14	9.152143e-01	-1.917645e+00
1.959424e+14	9.122757e-01	-2.119006e+00
1.959168e+14	9.127618e-01	-2.320247e+00
1.958911e+14	9.164852e-01	-2.522410e+00
1.958655e+14	9.230389e-01	-2.726401e+00
1.958399e+14	9.318254e-01	-2.932930e+00
1.958143e+14	9.420970e-01	3.140740e+00
1.957886e+14	9.530180e-01	2.928079e+00
1.957630e+14	9.637504e-01	2.712415e+00
1.957374e+14	9.735541e-01	2.494155e+00
1.957119e+14	9.818813e-01	2.273897e+00
1.956863e+14	9.884398e-01	2.052322e+00
1.956607e+14	9.932029e-01	1.830085e+00
1.956351e+14	9.963656e-01	1.607711e+00
1.956096e+14	9.982620e-01	1.385548e+00
1.955840e+14	9.992706e-01	1.163749e+00
1.955585e+14	9.997351e-01	9.423023e-01
1.955329e+14	9.999149e-01	7.210887e-01
1.955074e+14	9.999722e-01	4.999335e-01
1.954818e+14	9.999870e-01	2.786545e-01
1.954563e+14	9.999891e-01	5.708244e-02
1.954308e+14	9.999891e-01	-1.649446e-01
1.954053e+14	9.999939e-01	-3.876098e-01
1.953798e+14	9.999924e-01	-6.111561e-01
1.953543e+14	9.999078e-01	-8.359152e-01
1.953288e+14	9.995217e-01	-1.062307e+00
1.953033e+14	9.983858e-01	-1.290790e+00
1.952779e+14	9.957528e-01	-1.521746e+00
1.952524e+14	9.905698e-01	-1.755315e+00
1.952269e+14	9.815844e-01	-1.991186e+00
1.952015e+14	9.675940e-01	-2.228422e+00
1.951760e+14	9.478092e-01	-2.465405e+00
1.951506e+14	9.222111e-01	-2.699963e+00
1.951251e+14	8.917313e-01	-2.929699e+00
1.950997e+14	8.581414e-01	3.130758e+00
1.950743e+14	8.236976e-01	2.916626e+00
1.950489e+14	7.907161e-01	2.711863e+00
1.950234e+14	7.612555e-01	2.516389e+00
1.949980e+14	7.369854e-01	2.329364e+00
1.949726e+14	7.192192e-01	2.149323e+00
1.949473e+14	7.090435e-01	1.974264e+00
1.949219e+14	7.074812e-01	1.801663e+00
1.948965e+14	7.156452e-01	1.628375e+00
1.948711e+14	7.348333e-01	1.450403e+00
1.948458e+14	7.664679e-01	1.262517e+00
1.948204e+14	8.116155e-01	1.057746e+00
1.947951e+14	8.694504e-01	8.270210e-01
1.947697e+14	9.335533e-01	5.599630e-01
1.947444e+14	9.860502e-01	2.493435e-01
1.947190e+14	9.972375e-01	-9.858732e-02
1.946937e+14	9.461453e-01	-4.561044e-01
1.946684e+14	8.462363e-01	-7.869782e-01
1.946431e+14	7.317601e-01	-1.070637e+00
1.946178e+14	6.273194e-01	-1.306680e+00
1.945925e+14	5.413741e-01	-1.504031e+00
1.945672e+14	4.736543e-01	-1.672519e+00
1.945419e+14	4.211827e-01	-1.820057e+00
1.945166e+14	3.808110e-01	-1.952444e+00
1.944914e+14	3.499479e-01	-2.073842e+00
1.944661e+14	3.266387e-01	-2.187277e+00
1.944408e+14	3.094680e-01	-2.295014e+00
1.944156e+14	2.974422e-01	-2.398815e+00
1.943903e+14	2.898945e-01	-2.500122e+00
1.943651e+14	2.864182e-01	-2.600185e+00
1.943399e+14	2.868242e-01	-2.700157e+00
1.943146e+14	2.911203e-01	-2.801174e+00
1.942894e+14	2.995079e-01	-2.904431e+00
1.942642e+14	3.123947e-01	-3.011256e+00
1.942390e+14	3.304228e-01	-3.123204e+00
1.942138e+14	3.545087e-01	3.041024e+00
1.941886e+14	3.858864e-01	2.912699e+00
1.941634e+14	4.261277e-01	2.772014e+00
1.941382e+14	4.770698e-01	2.615179e+00
1.941131e+14	5.404935e-01	2.437522e+00
1.940879e+14	6.172535e-01	2.233747e+00
1.940627e+14	7.055077e-01	1.998985e+00
1.940376e+14	7.983015e-01	1.731262e+00
1.940124e+14	8.828472e-01	1.434981e+00
1.939873e+14	9.454566e-01	1.122374e+00
1.939622e+14	9.806128e-01	8.090609e-01
1.939370e+14	9.941567e-01	5.059342e-01
1.939119e+14	9.969245e-01	2.148619e-01
1.938868e+14	9.970358e-01	-6.960267e-02
1.938617e+14	9.963147e-01	-3.560795e-01
1.938366e+14	9.897702e-01	-6.521926e-01
1.938115e+14	9.673409e-01	-9.603567e-01
1.937864e+14	9.195383e-01	-1.274363e+00
1.937613e+14	8.455961e-01	-1.580288e+00
1.937362e+14	7.557979e-01	-1.863327e+00
1.937112e+14	6.643069e-01	-2.114895e+00
1.936861e+14	5.812756e-01	-2.334011e+00
1.936611e+14	5.109647e-01	-2.524374e+00
1.936360e+14	4.536919e-01	-2.691216e+00
1.936110e+14	4.080391e-01	-2.839567e+00
1.935859e+14	3.721564e-01	-2.973661e+00
1.935609e+14	3.443264e-01	-3.096874e+00
1.935359e+14	3.231429e-01	3.071322e+00
1.935109e+14	3.075287e-01	2.962449e+00
1.934858e+14	2.967005e-01	2.857990e+00
1.934608e+14	2.901259e-01	2.756522e+00
1.934358e+14	2.874880e-01	2.656806e+00
1.934109e+14	2.886640e-01	2.557702e+00
1.933859e+14	2.937180e-01	2.458104e+00
1.933609e+14	3.029099e-01	2.356859e+00
1.933359e+14	3.167222e-01	2.252694e+00
1.933110e+14	3.359072e-01	2.144109e+00
1.932860e+14	3.615586e-01	2.029245e+00
1.932610e+14	3.952091e-01	1.905686e+00
1.932361e+14	4.389369e-01	1.770187e+00
1.932112e+14	4.954197e-01	1.618279e+00
1.931862e+14	5.677178e-01	1.443795e+00
1.931613e+14	6.581893e-01	1.238535e+00
1.931364e+14	7.652504e-01	9.929708e-01
1.931115e+14	8.768204e-01	7.002021e-01
1.930865e+14	9.652017e-01	3.652479e-01
1.930616e+14	9.999038e-01	1.306568e-02
1.930368e+14	9.769188e-01	-3.216769e-01
1.930119e+14	9.208790e-01	-6.173034e-01
1.929870e+14	8.583212e-01	-8.716695e-01
1.929621e+14	8.036038e-01	-1.092827e+00
1.929372e+14	7.614607e-01	-1.290535e+00
1.929124e+14	7.322098e-01	-1.473046e+00
1.928875e+14	7.147348e-01	-1.646671e+00
1.928627e+14	7.076883e-01	-1.816172e+00
1.928378e+14	7.098578e-01	-1.985209e+00
1.928130e+14	7.201998e-01	-2.156675e+00
1.927882e+14	7.377470e-01	-2.332898e+00
1.927633e+14	7.614707e-01	-2.515723e+00
1.927385e+14	7.901361e-01	-2.706502e+00
1.927137e+14	8.221884e-01	-2.906013e+00
1.926889e+14	8.557236e-01	-3.114348e+00
1.926641e+14	8.885997e-01	2.952357e+00
1.926393e+14	9.187082e-01	2.729152e+00
1.926145e+14	9.443451e-01	2.501209e+00
1.925897e+14	9.645378e-01	2.270743e+00
1.925650e+14	9.791727e-01	2.039819e+00
1.925402e+14	9.888724e-01	1.810042e+00
1.925154e+14	9.946979e-01	1.582405e+00
1.924907e+14	9.978194e-01	1.357321e+00
1.924659e+14	9.992704e-01	1.134750e+00
1.924412e+14	9.998247e-01	9.143895e-01
1.924165e+14	9.999780e-01	6.958246e-01
1.923917e+14	9.999963e-01	4.786497e-01
1.923670e+14	9.999906e-01	2.625272e-01
1.923423e+14	9.999889e-01	4.720293e-02
1.923176e+14	9.999888e-01	-1.675104e-01
1.922929e+14	9.999826e-01	-3.817654e-01
1.922682e+14	9.999554e-01	-5.957098e-01
1.922435e+14	9.998640e-01	-8.095031e-01
1.922188e+14	9.996087e-01	-1.023311e+00
1.921941e+14	9.990106e-01	-1.237277e+00
1.921694e+14	9.978075e-01	-1.451481e+00
1.921448e+14	9.956751e-01	-1.665891e+00
1.921201e+14	9.922780e-01	-1.880322e+00
1.920955e+14	9.873410e-01	-2.094423e+00
1.920708e+14	9.807272e-01	-2.307692e+00
1.920462e+14	9.725019e-01	-2.519536e+00
1.920215e+14	9.629603e-01	-2.729353e+00
1.919969e+14	9.526116e-01	-2.936626e+00
1.919723e+14	9.421231e-01	-3.141008e+00
1.919477e+14	9.322402e-01	2.940802e+00
1.919231e+14	9.237035e-01	2.742296e+00
1.918985e+14	9.171791e-01	2.546268e+00
1.918739e+14	9.132070e-01	2.352111e+00
1.918493e+14	9.121672e-01	2.159042e+00
1.918247e+14	9.142570e-01	1.966157e+00
1.918001e+14	9.194706e-01	1.772496e+00
1.917756e+14	9.275794e-01	1.577105e+00
1.917510e+14	9.381108e-01	1.379116e+00
1.917264e+14	9.503372e-01	1.177836e+00
1.917019e+14	9.632876e-01	9.728358e-01
1.916773e+14	9.758048e-01	7.640417e-01
1.916528e+14	9.866621e-01	5.517948e-01
1.916283e+14	9.947374e-01	3.368569e-01
1.916037e+14	9.992114e-01	1.203403e-01
1.915792e+14	9.997316e-01	-9.644030e-02
1.915547e+14	9.964812e-01	-3.121643e-01
1.915302e+14	9.901250e-01	-5.257008e-01
1.915057e+14	9.816562e-01	-7.362545e-01
1.914812e+14	9.722014e-01	-9.434325e-01
1.914567e+14	9.628433e-01	-1.147235e+00
1.914322e+14	9.544980e-01	-1.347993e+00
1.914077e+14	9.478516e-01	-1.546274e+00
1.913833e+14	9.433443e-01	-1.742793e+00
1.913588e+14	9.411827e-01	-1.938320e+00
1.913344e+14	9.413662e-01	-2.133615e+00
1.913099e+14	9.437183e-01	-2.329361e+00
1.912855e+14	9.479186e-01	-2.526125e+00
1.912610e+14	9.535391e-01	-2.724322e+00
1.912366e+14	9.600839e-01	-2.924194e+00
1.912122e+14	9.670343e-01	-3.125807e+00
1.911877e+14	9.738977e-01	2.954122e+00
1.911633e+14	9.802540e-01	2.749461e+00
1.911389e+14	9.857930e-01	2.543722e+00
1.911145e+14	9.903353e-01	2.337278e+00
1.910901e+14	9.938326e-01	2.130493e+00
1.910657e+14	9.963489e-01	1.923682e+00
1.910413e+14	9.980272e-01	1.717085e+00
1.910170e+14	9.990517e-01	1.510852e+00
1.909926e+14	9.996121e-01	1.305053e+00
1.909682e+14	9.998764e-01	1.099693e+00
1.909439e+14	9.999755e-01	8.947310e-01
1.909195e+14	9.999981e-01	6.901043e-01
1.908952e+14	9.999954e-01	4.857457e-01
1.908708e+14	9.999904e-01	2.815953e-01
1.908465e+14	9.999889e-01	7.760583e-02
1.908222e+14	9.999892e-01	-1.262583e-01
1.907979e+14	9.999883e-01	-3.300259e-01
1.907735e+14	9.999822e-01	-5.337248e-01
1.907492e+14	9.999631e-01	-7.373867e-01
1.907249e+14	9.999132e-01	-9.410476e-01
1.907006e+14	9.997976e-01	-1.144745e+00
1.906763e+14	9.995602e-01	-1.348508e+00
1.906521e+14	9.991236e-01	-1.552349e+00
1.906278e+14	9.983949e-01	-1.756249e+00
1.906035e+14	9.972780e-01	-1.960147e+00
1.905792e+14	9.956910e-01	-2.163941e+00
1.905550e+14	9.935850e-01	-2.367486e+00
1.905307e+14	9.909626e-01	-2.570606e+00
1.905065e+14	9.878899e-01	-2.773118e+00
1.904822e+14	9.845003e-01	-2.974848e+00
1.904580e+14	9.809883e-01	3.107518e+00
1.904338e+14	9.775932e-01	2.907679e+00
1.904096e+14	9.745763e-01	2.708809e+00
1.903853e+14	9.721947e-01	2.510810e+00
1.903611e+14	9.706735e-01	2.313499e+00
1.903369e+14	9.701824e-01	2.116619e+00
1.903127e+14	9.708152e-01	1.919858e+00
1.902885e+14	9.725755e-01	1.722879e+00
1.902644e+14	9.753688e-01	1.525345e+00
1.902402e+14	9.790024e-01	1.326956e+00
1.902160e+14	9.831939e-01	1.127482e+00
1.901918e+14	9.875912e-01	9.267902e-01
1.901677e+14	9.918024e-01	7.248677e-01
1.901435e+14	9.954368e-01	5.218303e-01
1.901194e+14	9.981506e-01	3.179166e-01
1.900952e+14	9.996917e-01	1.134655e-01
1.900711e+14	9.999345e-01	-9.112153e-02
1.900470e+14	9.988959e-01	-2.954283e-01
1.900228e+14	9.967315e-01	-4.990731e-01
1.899987e+14	9.937096e-01	-7.017515e-01
1.899746e+14	9.901720e-01	-9.032665e-01
1.899505e+14	9.864888e-01	-1.103543e+00
1.899264e+14	9.830153e-01	-1.302623e+00
1.899023e+14	9.800572e-01	-1.500655e+00
1.898782e+14	9.778466e-01	-1.697864e+00
1.898542e+14	9.765294e-01	-1.894525e+00
1.898301e+14	9.761617e-01	-2.090931e+00
1.898060e+14	9.767154e-01	-2.287366e+00
1.897819e+14	9.780888e-01	-2.484078e+00
1.897579e+14	9.801232e-01	-2.681263e+00
1.897338e+14	9.826223e-01	-2.879047e+00
1.897098e+14	9.853739e-01	-3.077490e+00
1.896858e+14	9.881713e-01	3.006606e+00
1.896617e+14	9.908332e-01	2.806940e+00
1.896377e+14	9.932187e-01	2.606810e+00
1.896137e+14	9.952359e-01	2.406353e+00
1.895897e+14	9.968440e-01	2.205713e+00
1.895657e+14	9.980484e-01	2.005022e+00
1.895417e+14	9.988900e-01	1.804389e+00
1.895177e+14	9.994328e-01	1.603891e+00
1.894937e+14	9.997498e-01	1.403575e+00
1.894697e+14	9.999120e-01	1.203456e+00
1.894457e+14	9.999798e-01	1.003531e+00
1.894217e+14	9.999983e-01	8.037789e-01
1.893978e+14	9.999971e-01	6.041748e-01
1.893738e+14	9.999921e-01	4.046924e-01
1.893499e+14	9.999892e-01	2.053090e-01
1.893259e+14	9.999890e-01	6.007177e-03
1.893020e+14	9.999895e-01	-1.932262e-01
1.892780e+14	9.999889e-01	-3.924023e-01
1.892541e+14	9.999848e-01	-5.915321e-01
1.892302e+14	9.999732e-01	-7.906289e-01
1.892063e+14	9.999452e-01	-9.897077e-01
1.891824e+14	9.998849e-01	-1.188784e+00
1.891585e+14	9.997669e-01	-1.387871e+00
1.891346e+14	9.995568e-01	-1.586971e+00
1.891107e+14	9.992129e-01	-1.786078e+00
1.890868e+14	9.986919e-01	-1.985164e+00
1.890629e+14	9.979555e-01	-2.184185e+00
1.890390e+14	9.969790e-01	-2.383077e+00
1.890152e+14	9.957587e-01	-2.581761e+00
1.889913e+14	9.943186e-01	-2.780152e+00
1.889674e+14	9.927133e-01	-2.978169e+00
1.889436e+14	9.910267e-01	3.107439e+00
1.889197e+14	9.893670e-01	2.910342e+00
1.888959e+14	9.878570e-01	2.713732e+00
1.888721e+14	9.866228e-01	2.517572e+00
1.888482e+14	9.857797e-01	2.321787e+00
1.888244e+14	9.854197e-01	2.126263e+00
1.888006e+14	9.855999e-01	1.930857e+00
1.887768e+14	9.863334e-01	1.735406e+00
1.887530e+14	9.875850e-01	1.539749e+00
1.887292e+14	9.892702e-01	1.343736e+00
1.887054e+14	9.912599e-01	1.147247e+00
1.886816e+14	9.933897e-01	9.502067e-01
1.886578e+14	9.954750e-01	7.525937e-01
1.886341e+14	9.973285e-01	5.544464e-01
1.886103e+14	9.987802e-01	3.558612e-01
1.885865e+14	9.996974e-01	1.569842e-01
1.885628e+14	9.999997e-01	-4.200426e-02
1.885390e+14	9.996691e-01	-2.409079e-01
1.885153e+14	9.987514e-01	-4.395365e-01
1.884916e+14	9.973496e-01	-6.377261e-01
1.884678e+14	9.956107e-01	-8.353549e-01
1.884441e+14	9.937080e-01	-1.032355e+00
1.884204e+14	9.918208e-01	-1.228715e+00
1.883967e+14	9.901167e-01	-1.424479e+00
1.883730e+14	9.887359e-01	-1.619737e+00
1.883493e+14	9.877803e-01	-1.814614e+00
1.883256e+14	9.873073e-01	-2.009254e+00
1.883019e+14	9.873293e-01	-2.203805e+00
1.882782e+14	9.878158e-01	-2.398407e+00
1.882545e+14	9.887009e-01	-2.593177e+00
1.882309e+14	9.898925e-01	-2.788203e+00
1.882072e+14	9.912832e-01	-2.983536e+00
1.881835e+14	9.927623e-01	3.103994e+00
1.881599e+14	9.942265e-01	2.908033e+00
1.881362e+14	9.955893e-01	2.711813e+00
1.881126e+14	9.967868e-01	2.515396e+00
1.880890e+14	9.977814e-01	2.318855e+00
1.880653e+14	9.985603e-01	2.122263e+00
1.880417e+14	9.991329e-01	1.925684e+00
1.880181e+14	9.995245e-01	1.729170e+00
1.879945e+14	9.997701e-01	1.532757e+00
1.879709e+14	9.999078e-01	1.336464e+00
1.879473e+14	9.999733e-01	1.140297e+00
1.879237e+14	9.999964e-01	9.442515e-01
1.879001e+14	9.999989e-01	7.483159e-01
1.878765e+14	9.999946e-01	5.524762e-01
1.878529e+14	9.999906e-01	3.567187e-01
1.878294e+14	9.999889e-01	1.610319e-01
1.878058e+14	9.999891e-01	-3.459322e-02
1.877822e+14	9.999898e-01	-2.301632e-01
1.877587e+14	9.999897e-01	-4.256836e-01
1.877351e+14	9.999872e-01	-6.211602e-01
1.877116e+14	9.999799e-01	-8.165997e-01
1.876881e+14	9.999632e-01	-1.012010e+00
1.876645e+14	9.999284e-01	-1.207399e+00
1.876410e+14	9.998622e-01	-1.402774e+00
1.876175e+14	9.997460e-01	-1.598138e+00
1.875940e+14	9.995575e-01	-1.793486e+00
1.875705e+14	9.992727e-01	-1.988805e+00
1.875470e+14	9.988700e-01	-2.184073e+00
1.875235e+14	9.983338e-01	-2.379255e+00
1.875000e+14	9.976596e-01	-2.574309e+00
("port 2","TE",1,"port 2",1,"modulation")
(1,1)
0.00357
(500,3)
2.000000e+14	4.529173e-03	-2.890798e+00
1.999733e+14	4.728638e-03	-3.063404e+00
1.999466e+14	4.652975e-03	3.051371e+00
1.999199e+14	3.869381e-03	2.920812e+00
1.998932e+14	2.096141e-03	3.030209e+00
1.998665e+14	2.183721e-03	-1.555152e+00
1.998398e+14	7.168508e-03	-1.334455e+00
1.998131e+14	1.432158e-02	-1.460371e+00
1.997865e+14	2.349870e-02	-1.641823e+00
1.997598e+14	3.459629e-02	-1.841779e+00
1.997332e+14	4.739689e-02	-2.050059e+00
1.997065e+14	6.156103e-02	-2.262705e+00
1.996799e+14	7.663752e-02	-2.477822e+00
1.996532e+14	9.208326e-02	-2.694353e+00
1.996266e+14	1.072901e-01	-2.911644e+00
1.996000e+14	1.216163e-01	-3.129267e+00
1.995734e+14	1.344182e-01	2.936243e+00
1.995468e+14	1.450817e-01	2.718680e+00
1.995202e+14	1.530477e-01	2.501296e+00
1.994936e+14	1.578337e-01	2.284072e+00
1.994670e+14	1.590494e-01	2.066920e+00
1.994404e+14	1.564099e-01	1.849702e+00
1.994139e+14	1.497466e-01	1.632259e+00
1.993873e+14	1.390178e-01	1.414442e+00
1.993608e+14	1.243205e-01	1.196153e+00
1.993342e+14	1.059007e-01	9.774005e-01
1.993077e+14	8.416007e-02	7.584068e-01
1.992812e+14	5.965532e-02	5.399384e-01
1.992546e+14	3.308593e-02	3.252414e-01
1.992281e+14	5.283329e-03	1.839141e-01
1.992016e+14	2.293310e-02	2.985731e+00
1.991751e+14	5.056880e-02	2.776020e+00
1.991486e+14	7.677808e-02	2.558111e+00
1.991221e+14	1.007591e-01	2.338986e+00
1.990956e+14	1.218308e-01	2.119901e+00
1.990691e+14	1.394565e-01	1.901234e+00
1.990427e+14	1.532544e-01	1.683058e+00
1.990162e+14	1.629977e-01	1.465294e+00
1.989898e+14	1.686075e-01	1.247772e+00
1.989633e+14	1.701432e-01	1.030276e+00
1.989369e+14	1.677931e-01	8.125734e-01
1.989104e+14	1.618645e-01	5.944483e-01
1.988840e+14	1.527747e-01	3.757156e-01
1.988576e+14	1.410387e-01	1.562335e-01
1.988312e+14	1.272530e-01	-6.409771e-02
1.988048e+14	1.120725e-01	-2.853474e-01
1.987784e+14	9.618147e-02	-5.075784e-01
1.987520e+14	8.025904e-02	-7.308802e-01
1.987256e+14	6.494270e-02	-9.554118e-01
1.986992e+14	5.079279e-02	-1.181449e+00
1.986729e+14	3.826193e-02	-1.409423e+00
1.986465e+14	2.767180e-02	-1.639898e+00
1.986201e+14	1.919844e-02	-1.873299e+00
1.985938e+14	1.286632e-02	-2.108801e+00
1.985674e+14	8.550786e-03	-2.341091e+00
1.985411e+14	5.990705e-03	-2.555623e+00
1.985148e+14	4.814068e-03	-2.735795e+00
1.984885e+14	4.562934e-03	-2.889863e+00
1.984622e+14	4.703485e-03	-3.041486e+00
1.984358e+14	4.657747e-03	3.092687e+00
1.984095e+14	3.865199e-03	2.988182e+00
1.983832e+14	2.002166e-03	-3.064320e+00
1.983570e+14	2.993276e-03	-1.416512e+00
1.983307e+14	8.995638e-03	-1.281424e+00
1.983044e+14	1.768470e-02	-1.411037e+00
1.982781e+14	2.902280e-02	-1.590750e+00
1.982519e+14	4.294736e-02	-1.788213e+00
1.982256e+14	5.924135e-02	-1.993935e+00
1.981994e+14	7.752186e-02	-2.204070e+00
1.981732e+14	9.724983e-02	-2.416699e+00
1.981469e+14	1.177538e-01	-2.630699e+00
1.981207e+14	1.382648e-01	-2.845330e+00
1.980945e+14	1.579592e-01	-3.060074e+00
1.980683e+14	1.760035e-01	3.008611e+00
1.980421e+14	1.915952e-01	2.794574e+00
1.980159e+14	2.039967e-01	2.581085e+00
1.979897e+14	2.125581e-01	2.368100e+00
1.979635e+14	2.167312e-01	2.155462e+00
1.979373e+14	2.160771e-01	1.942919e+00
1.979112e+14	2.102733e-01	1.730154e+00
1.978850e+14	1.991237e-01	1.516833e+00
1.978588e+14	1.825760e-01	1.302647e+00
1.978327e+14	1.607465e-01	1.087376e+00
1.978066e+14	1.339491e-01	8.709603e-01
1.977804e+14	1.027224e-01	6.536395e-01
1.977543e+14	6.784278e-02	4.363926e-01
1.977282e+14	3.031463e-02	2.246420e-01
1.977021e+14	8.696255e-03	3.073024e+00
1.976760e+14	4.784434e-02	2.897711e+00
1.976499e+14	8.585584e-02	2.681594e+00
1.976238e+14	1.214907e-01	2.463616e+00
1.975977e+14	1.536807e-01	2.246124e+00
1.975716e+14	1.815722e-01	2.029754e+00
1.975455e+14	2.045452e-01	1.814663e+00
1.975195e+14	2.222050e-01	1.600749e+00
1.974934e+14	2.343580e-01	1.387740e+00
1.974674e+14	2.409839e-01	1.175258e+00
1.974413e+14	2.422105e-01	9.628722e-01
1.974153e+14	2.382983e-01	7.501486e-01
1.973892e+14	2.296340e-01	5.366946e-01
1.973632e+14	2.167286e-01	3.221895e-01
1.973372e+14	2.002176e-01	1.064039e-01
1.973112e+14	1.808538e-01	-1.107979e-01
1.972852e+14	1.594889e-01	-3.294730e-01
1.972592e+14	1.370410e-01	-5.496352e-01
1.972332e+14	1.144478e-01	-7.713078e-01
1.972072e+14	9.261133e-02	-9.945948e-01
1.971812e+14	7.234082e-02	-1.219768e+00
1.971553e+14	5.430162e-02	-1.447367e+00
1.971293e+14	3.897615e-02	-1.678293e+00
1.971034e+14	2.663921e-02	-1.913767e+00
1.970774e+14	1.734760e-02	-2.154604e+00
1.970515e+14	1.094158e-02	-2.397872e+00
1.970255e+14	7.058550e-03	-2.627651e+00
1.969996e+14	5.170157e-03	-2.811028e+00
1.969737e+14	4.636877e-03	-2.940913e+00
1.969478e+14	4.712697e-03	-3.056814e+00
1.969219e+14	4.565681e-03	3.118375e+00
1.968960e+14	3.412913e-03	3.115491e+00
1.968701e+14	1.821013e-03	-2.128385e+00
1.968442e+14	6.567513e-03	-1.217702e+00
1.968183e+14	1.570855e-02	-1.255433e+00
1.967924e+14	2.870753e-02	-1.408945e+00
1.967666e+14	4.571785e-02	-1.594977e+00
1.967407e+14	6.670500e-02	-1.794668e+00
1.967148e+14	9.137549e-02	-2.001345e+00
1.966890e+14	1.191626e-01	-2.211922e+00
1.966632e+14	1.492410e-01	-2.424627e+00
1.966373e+14	1.805704e-01	-2.638251e+00
1.966115e+14	2.119648e-01	-2.851864e+00
1.965857e+14	2.421778e-01	-3.064736e+00
1.965599e+14	2.699878e-01	3.006861e+00
1.965341e+14	2.942667e-01	2.796883e+00
1.965083e+14	3.140216e-01	2.588611e+00
1.964825e+14	3.284042e-01	2.381895e+00
1.964567e+14	3.366956e-01	2.176350e+00
1.964309e+14	3.382768e-01	1.971389e+00
1.964051e+14	3.325995e-01	1.766261e+00
1.963794e+14	3.191714e-01	1.560119e+00
1.963536e+14	2.975693e-01	1.352094e+00
1.963279e+14	2.674919e-01	1.141398e+00
1.963021e+14	2.288574e-01	9.274462e-01
1.962764e+14	1.819395e-01	7.100213e-01
1.962507e+14	1.275183e-01	4.895453e-01
1.962249e+14	6.699259e-02	2.682428e-01
1.961992e+14	2.431848e-03	2.297637e-01
1.961735e+14	6.378772e-02	2.941428e+00
1.961478e+14	1.288126e-01	2.718779e+00
1.961221e+14	1.901318e-01	2.495931e+00
1.960964e+14	2.456376e-01	2.275921e+00
1.960707e+14	2.938391e-01	2.059750e+00
1.960450e+14	3.338670e-01	1.847655e+00
1.960194e+14	3.653645e-01	1.639338e+00
1.959937e+14	3.883299e-01	1.434115e+00
1.959681e+14	4.029674e-01	1.231045e+00
1.959424e+14	4.095767e-01	1.029047e+00
1.959168e+14	4.084923e-01	8.270034e-01
1.958911e+14	4.000687e-01	6.238449e-01
1.958655e+14	3.847066e-01	4.186230e-01
1.958399e+14	3.629069e-01	2.105750e-01
1.958143e+14	3.353406e-01	-8.260608e-04
1.957886e+14	3.029136e-01	-2.158440e-01
1.957630e+14	2.668053e-01	-4.344871e-01
1.957374e+14	2.284568e-01	-6.565651e-01
1.957119e+14	1.894969e-01	-8.818012e-01
1.956863e+14	1.516138e-01	-1.110000e+00
1.956607e+14	1.163958e-01	-1.341271e+00
1.956351e+14	8.517919e-02	-1.576306e+00
1.956096e+14	5.893188e-02	-1.816752e+00
1.955840e+14	3.818621e-02	-2.065628e+00
1.955585e+14	2.301652e-02	-2.327153e+00
1.955329e+14	1.304342e-02	-2.601714e+00
1.955074e+14	7.451911e-03	-2.860427e+00
1.954818e+14	5.090664e-03	-3.013686e+00
1.954563e+14	4.676261e-03	-3.047928e+00
1.954308e+14	4.670895e-03	-3.058387e+00
1.954053e+14	3.492648e-03	-2.877629e+00
1.953798e+14	3.906701e-03	-1.501057e+00
1.953543e+14	1.357816e-02	-1.123506e+00
1.953288e+14	3.092470e-02	-1.208948e+00
1.953033e+14	5.679613e-02	-1.378820e+00
1.952779e+14	9.206738e-02	-1.578653e+00
1.952524e+14	1.370089e-01	-1.793400e+00
1.952269e+14	1.910288e-01	-2.016919e+00
1.952015e+14	2.525110e-01	-2.245578e+00
1.951760e+14	3.188381e-01	-2.476350e+00
1.951506e+14	3.866868e-01	-2.706262e+00
1.951251e+14	4.525652e-01	-2.932431e+00
1.950997e+14	5.134134e-01	3.130823e+00
1.950743e+14	5.670293e-01	2.918923e+00
1.950489e+14	6.121830e-01	2.715966e+00
1.950234e+14	6.484521e-01	2.521972e+00
1.949980e+14	6.759087e-01	2.336173e+00
1.949726e+14	6.947832e-01	2.157157e+00
1.949473e+14	7.051648e-01	1.982961e+00
1.949219e+14	7.067321e-01	1.811094e+00
1.948965e+14	6.984640e-01	1.638435e+00
1.948711e+14	6.782478e-01	1.461010e+00
1.948458e+14	6.422826e-01	1.273610e+00
1.948204e+14	5.841919e-01	1.069293e+00
1.947951e+14	4.940202e-01	8.390410e-01
1.947697e+14	3.584387e-01	5.726264e-01
1.947444e+14	1.664484e-01	2.637908e-01
1.947190e+14	7.427852e-02	3.048256e+00
1.946937e+14	3.237423e-01	2.695891e+00
1.946684e+14	5.328078e-01	2.365703e+00
1.946431e+14	6.815623e-01	2.082290e+00
1.946178e+14	7.787620e-01	1.846331e+00
1.945925e+14	8.407818e-01	1.648967e+00
1.945672e+14	8.807109e-01	1.480390e+00
1.945419e+14	9.069758e-01	1.332697e+00
1.945166e+14	9.246529e-01	1.200089e+00
1.944914e+14	9.367692e-01	1.078402e+00
1.944661e+14	9.451493e-01	9.646029e-01
1.944408e+14	9.509099e-01	8.564190e-01
1.944156e+14	9.547398e-01	7.520752e-01
1.943903e+14	9.570586e-01	6.501133e-01
1.943651e+14	9.581047e-01	5.492625e-01
1.943399e+14	9.579832e-01	4.483421e-01
1.943146e+14	9.566865e-01	3.461787e-01
1.942894e+14	9.540938e-01	2.415288e-01
1.942642e+14	9.499524e-01	1.329966e-01
1.942390e+14	9.438330e-01	1.893655e-02
1.942138e+14	9.350527e-01	-1.026686e-01
1.941886e+14	9.225463e-01	-2.343640e-01
1.941634e+14	9.046630e-01	-3.794195e-01
1.941382e+14	8.788654e-01	-5.420535e-01
1.941131e+14	8.413482e-01	-7.276184e-01
1.940879e+14	7.867644e-01	-9.425597e-01
1.940627e+14	7.087022e-01	-1.193787e+00
1.940376e+14	6.022580e-01	-1.487197e+00
1.940124e+14	4.696603e-01	-1.826666e+00
1.939873e+14	3.257481e-01	-2.219634e+00
1.939622e+14	1.959554e-01	-2.703503e+00
1.939370e+14	1.079466e-01	2.882782e+00
1.939119e+14	7.836753e-02	2.005069e+00
1.938868e+14	7.693951e-02	1.556627e+00
1.938617e+14	8.577315e-02	1.700163e+00
1.938366e+14	1.426707e-01	1.950038e+00
1.938115e+14	2.534790e-01	1.907785e+00
1.937864e+14	3.930005e-01	1.711175e+00
1.937613e+14	5.338232e-01	1.464334e+00
1.937362e+14	6.548050e-01	1.214760e+00
1.937112e+14	7.474599e-01	9.838836e-01
1.936861e+14	8.137067e-01	7.784228e-01
1.936611e+14	8.596017e-01	5.975314e-01
1.936360e+14	8.911586e-01	4.375203e-01
1.936110e+14	9.129644e-01	2.942501e-01
1.935859e+14	9.281700e-01	1.640336e-01
1.935609e+14	9.388500e-01	4.384076e-02
1.935359e+14	9.463502e-01	-6.875590e-02
1.935109e+14	9.515388e-01	-1.757049e-01
1.934858e+14	9.549706e-01	-2.785994e-01
1.934608e+14	9.569885e-01	-3.787831e-01
1.934358e+14	9.577842e-01	-4.774380e-01
1.934109e+14	9.574305e-01	-5.756590e-01
1.933859e+14	9.558921e-01	-6.745220e-01
1.933609e+14	9.530192e-01	-7.751532e-01
1.933359e+14	9.485183e-01	-8.788083e-01
1.933110e+14	9.418951e-01	-9.869720e-01
1.932860e+14	9.323494e-01	-1.101493e+00
1.932610e+14	9.185912e-01	-1.224779e+00
1.932361e+14	8.985179e-01	-1.360069e+00
1.932112e+14	8.686537e-01	-1.511831e+00
1.931862e+14	8.232232e-01	-1.686232e+00
1.931613e+14	7.528525e-01	-1.891480e+00
1.931364e+14	6.437327e-01	-2.137127e+00
1.931115e+14	4.808180e-01	-2.430143e+00
1.930865e+14	2.615064e-01	-2.765862e+00
1.930616e+14	1.387321e-02	3.138819e+00
1.930368e+14	2.136110e-01	-3.082532e-01
1.930119e+14	3.898486e-01	-6.049137e-01
1.929870e+14	5.131127e-01	-8.597822e-01
1.929621e+14	5.951646e-01	-1.081358e+00
1.929372e+14	6.482111e-01	-1.279493e+00
1.929124e+14	6.810792e-01	-1.462474e+00
1.928875e+14	6.993956e-01	-1.636634e+00
1.928627e+14	7.065248e-01	-1.806754e+00
1.928378e+14	7.043450e-01	-1.976515e+00
1.928130e+14	6.937667e-01	-2.148833e+00
1.927882e+14	6.750773e-01	-2.326065e+00
1.927633e+14	6.481993e-01	-2.510094e+00
1.927385e+14	6.129314e-01	-2.702321e+00
1.927137e+14	5.692155e-01	-2.903590e+00
1.926889e+14	5.174332e-01	-3.114083e+00
1.926641e+14	4.586836e-01	2.949935e+00
1.926393e+14	3.949371e-01	2.723334e+00
1.926145e+14	3.289563e-01	2.491013e+00
1.925897e+14	2.639449e-01	2.254772e+00
1.925650e+14	2.030293e-01	2.016003e+00
1.925402e+14	1.487659e-01	1.775167e+00
1.925154e+14	1.028400e-01	1.531155e+00
1.924907e+14	6.600398e-02	1.280094e+00
1.924659e+14	3.819148e-02	1.011752e+00
1.924412e+14	1.872332e-02	6.945420e-01
1.924165e+14	6.636575e-03	1.711357e-01
1.923917e+14	2.709890e-03	-1.531524e+00
1.923670e+14	4.330761e-03	-2.522547e+00
1.923423e+14	4.716560e-03	-2.978295e+00
1.923176e+14	4.740158e-03	2.889728e+00
1.922929e+14	5.904764e-03	2.540476e+00
1.922682e+14	9.448860e-03	2.324624e+00
1.922435e+14	1.649232e-02	2.165498e+00
1.922188e+14	2.797226e-02	2.002053e+00
1.921941e+14	4.447180e-02	1.823650e+00
1.921694e+14	6.618368e-02	1.633516e+00
1.921448e+14	9.290353e-02	1.435619e+00
1.921201e+14	1.240335e-01	1.232829e+00
1.920955e+14	1.586121e-01	1.027170e+00
1.920708e+14	1.953819e-01	8.201813e-01
1.920462e+14	2.328949e-01	6.131163e-01
1.920215e+14	2.696433e-01	4.070064e-01
1.919969e+14	3.041892e-01	2.026556e-01
1.919723e+14	3.352670e-01	6.071105e-04
1.919477e+14	3.618401e-01	-1.988842e-01
1.919231e+14	3.831081e-01	-3.958585e-01
1.918985e+14	3.984752e-01	-5.906327e-01
1.918739e+14	4.074960e-01	-7.837625e-01
1.918493e+14	4.098182e-01	-9.759919e-01
1.918247e+14	4.051348e-01	-1.168195e+00
1.918001e+14	3.931587e-01	-1.361313e+00
1.917756e+14	3.736262e-01	-1.556286e+00
1.917510e+14	3.463352e-01	-1.753975e+00
1.917264e+14	3.112221e-01	-1.955079e+00
1.917019e+14	2.684718e-01	-2.160045e+00
1.916773e+14	2.186437e-01	-2.368997e+00
1.916528e+14	1.627816e-01	-2.581735e+00
1.916283e+14	1.024570e-01	-2.797999e+00
1.916037e+14	3.970548e-02	-3.020387e+00
1.915792e+14	2.316580e-02	-6.964207e-02
1.915547e+14	8.381683e-02	-2.973559e-01
1.915302e+14	1.401875e-01	-5.128830e-01
1.915057e+14	1.906594e-01	-7.243780e-01
1.914812e+14	2.341460e-01	-9.322107e-01
1.914567e+14	2.700605e-01	-1.136580e+00
1.914322e+14	2.982172e-01	-1.337895e+00
1.914077e+14	3.187119e-01	-1.536766e+00
1.913833e+14	3.318156e-01	-1.733936e+00
1.913588e+14	3.378982e-01	-1.930200e+00
1.913344e+14	3.373864e-01	-2.126340e+00
1.913099e+14	3.307504e-01	-2.323070e+00
1.912855e+14	3.185128e-01	-2.520989e+00
1.912610e+14	3.012693e-01	-2.720554e+00
1.912366e+14	2.797121e-01	-2.922064e+00
1.912122e+14	2.546460e-01	-3.125658e+00
1.911877e+14	2.269873e-01	2.951848e+00
1.911633e+14	1.977426e-01	2.744174e+00
1.911389e+14	1.679650e-01	2.534630e+00
1.911145e+14	1.386941e-01	2.323277e+00
1.910901e+14	1.108905e-01	2.109996e+00
1.910657e+14	8.537509e-02	1.894304e+00
1.910413e+14	6.278336e-02	1.675035e+00
1.910170e+14	4.353947e-02	1.449618e+00
1.909926e+14	2.785037e-02	1.212092e+00
1.909682e+14	1.572038e-02	9.458984e-01
1.909439e+14	7.005749e-03	5.838340e-01
1.909195e+14	1.959744e-03	-4.785044e-01
1.908952e+14	3.023597e-03	-2.172718e+00
1.908708e+14	4.378586e-03	-2.637886e+00
1.908465e+14	4.715538e-03	-2.957318e+00
1.908222e+14	4.638846e-03	3.023181e+00
1.907979e+14	4.843352e-03	2.726111e+00
1.907735e+14	5.974093e-03	2.468583e+00
1.907492e+14	8.589861e-03	2.264575e+00
1.907249e+14	1.317740e-02	2.086625e+00
1.907006e+14	2.011969e-02	1.910969e+00
1.906763e+14	2.965456e-02	1.729942e+00
1.906521e+14	4.185741e-02	1.543113e+00
1.906278e+14	5.663606e-02	1.351751e+00
1.906035e+14	7.373259e-02	1.157162e+00
1.905792e+14	9.273327e-02	9.603836e-01
1.905550e+14	1.130879e-01	7.622127e-01
1.905307e+14	1.341386e-01	5.632734e-01
1.905065e+14	1.551567e-01	3.640613e-01
1.904822e+14	1.753827e-01	1.649650e-01
1.904580e+14	1.940669e-01	-3.372964e-02
1.904338e+14	2.105032e-01	-2.318425e-01
1.904096e+14	2.240557e-01	-4.293031e-01
1.903853e+14	2.341741e-01	-6.261492e-01
1.903611e+14	2.404016e-01	-8.225194e-01
1.903369e+14	2.423758e-01	-1.018638e+00
1.903127e+14	2.398286e-01	-1.214792e+00
1.902885e+14	2.325872e-01	-1.411305e+00
1.902644e+14	2.205802e-01	-1.608505e+00
1.902402e+14	2.038488e-01	-1.806691e+00
1.902160e+14	1.825642e-01	-2.006109e+00
1.901918e+14	1.570467e-01	-2.206926e+00
1.901677e+14	1.277812e-01	-2.409241e+00
1.901435e+14	9.542365e-02	-2.613164e+00
1.901194e+14	6.079032e-02	-2.819225e+00
1.900952e+14	2.482801e-02	-3.032377e+00
1.900711e+14	1.144940e-02	-4.897461e-02
1.900470e+14	4.697834e-02	-2.774681e-01
1.900228e+14	8.078579e-02	-4.845400e-01
1.899987e+14	1.119880e-01	-6.887142e-01
1.899746e+14	1.398551e-01	-8.911778e-01
1.899505e+14	1.638287e-01	-1.092202e+00
1.899264e+14	1.835236e-01	-1.291961e+00
1.899023e+14	1.987156e-01	-1.490667e+00
1.898782e+14	2.093226e-01	-1.688586e+00
1.898542e+14	2.153841e-01	-1.886023e+00
1.898301e+14	2.170444e-01	-2.083299e+00
1.898060e+14	2.145391e-01	-2.280724e+00
1.897819e+14	2.081882e-01	-2.478582e+00
1.897579e+14	1.983898e-01	-2.677105e+00
1.897338e+14	1.856162e-01	-2.876474e+00
1.897098e+14	1.704063e-01	-3.076812e+00
1.896858e+14	1.533541e-01	3.004986e+00
1.896617e+14	1.350907e-01	2.802494e+00
1.896377e+14	1.162610e-01	2.598829e+00
1.896137e+14	9.749623e-02	2.393861e+00
1.895897e+14	7.938478e-02	2.187318e+00
1.895657e+14	6.244517e-02	1.978658e+00
1.895417e+14	4.710351e-02	1.766813e+00
1.895177e+14	3.367756e-02	1.549615e+00
1.894937e+14	2.236871e-02	1.322224e+00
1.894697e+14	1.326352e-02	1.071624e+00
1.894457e+14	6.357472e-03	7.477025e-01
1.894217e+14	1.830484e-03	-8.410095e-02
1.893978e+14	2.392962e-03	-2.019022e+00
1.893738e+14	3.977077e-03	-2.504516e+00
1.893499e+14	4.641808e-03	-2.801907e+00
1.893259e+14	4.699419e-03	-3.068401e+00
1.893020e+14	4.577066e-03	2.950319e+00
1.892780e+14	4.711544e-03	2.688486e+00
1.892541e+14	5.509436e-03	2.448688e+00
1.892302e+14	7.327070e-03	2.242104e+00
1.892063e+14	1.046852e-02	2.056918e+00
1.891824e+14	1.517178e-02	1.877563e+00
1.891585e+14	2.158818e-02	1.696492e+00
1.891346e+14	2.977058e-02	1.511851e+00
1.891107e+14	3.966928e-02	1.323887e+00
1.890868e+14	5.113257e-02	1.133322e+00
1.890629e+14	6.391189e-02	9.408536e-01
1.890390e+14	7.767159e-02	7.470536e-01
1.890152e+14	9.200337e-02	5.523717e-01
1.889913e+14	1.064448e-01	3.571608e-01
1.889674e+14	1.205003e-01	1.616956e-01
1.889436e+14	1.336640e-01	-3.381725e-02
1.889197e+14	1.454408e-01	-2.292345e-01
1.888959e+14	1.553657e-01	-4.244748e-01
1.888721e+14	1.630199e-01	-6.195163e-01
1.888482e+14	1.680429e-01	-8.143935e-01
1.888244e+14	1.701411e-01	-1.009189e+00
1.888006e+14	1.690944e-01	-1.204026e+00
1.887768e+14	1.647616e-01	-1.399049e+00
1.887530e+14	1.570853e-01	-1.594417e+00
1.887292e+14	1.460973e-01	-1.790283e+00
1.887054e+14	1.319238e-01	-1.986783e+00
1.886816e+14	1.147904e-01	-2.184035e+00
1.886578e+14	9.502329e-02	-2.382153e+00
1.886341e+14	7.304730e-02	-2.581328e+00
1.886103e+14	4.937664e-02	-2.782167e+00
1.885865e+14	2.459894e-02	-2.988130e+00
1.885628e+14	7.396975e-04	4.544483e-01
1.885390e+14	2.572215e-02	-2.171758e-01
1.885153e+14	4.995695e-02	-4.225118e-01
1.884916e+14	7.275898e-02	-6.231143e-01
1.884678e+14	9.359109e-02	-8.221044e-01
1.884441e+14	1.120023e-01	-1.020079e+00
1.884204e+14	1.276383e-01	-1.217256e+00
1.883967e+14	1.402458e-01	-1.413780e+00
1.883730e+14	1.496706e-01	-1.609801e+00
1.883493e+14	1.558530e-01	-1.805480e+00
1.883256e+14	1.588214e-01	-2.000994e+00
1.883019e+14	1.586850e-01	-2.196519e+00
1.882782e+14	1.556278e-01	-2.392227e+00
1.882545e+14	1.499017e-01	-2.588272e+00
1.882309e+14	1.418198e-01	-2.784785e+00
1.882072e+14	1.317481e-01	-2.981875e+00
1.881835e+14	1.200957e-01	3.103548e+00
1.881599e+14	1.073013e-01	2.905029e+00
1.881362e+14	9.381882e-02	2.705649e+00
1.881126e+14	8.009982e-02	2.505254e+00
1.880890e+14	6.657574e-02	2.303588e+00
1.880653e+14	5.364052e-02	2.100201e+00
1.880417e+14	4.163511e-02	1.894267e+00
1.880181e+14	3.083512e-02	1.684203e+00
1.879945e+14	2.144245e-02	1.466666e+00
1.879709e+14	1.358213e-02	1.233366e+00
1.879473e+14	7.309339e-03	9.569286e-01
1.879237e+14	2.683187e-03	4.703528e-01
1.879001e+14	1.469597e-03	-1.569985e+00
1.878765e+14	3.274149e-03	-2.311000e+00
1.878529e+14	4.345813e-03	-2.624224e+00
1.878294e+14	4.718704e-03	-2.879800e+00
1.878058e+14	4.668846e-03	-3.123476e+00
1.877822e+14	4.505566e-03	2.915397e+00
1.877587e+14	4.540450e-03	2.671605e+00
1.877351e+14	5.065769e-03	2.440823e+00
1.877116e+14	6.339773e-03	2.233359e+00
1.876881e+14	8.581666e-03	2.044802e+00
1.876645e+14	1.196398e-02	1.864126e+00
1.876410e+14	1.660020e-02	1.684011e+00
1.876175e+14	2.253599e-02	1.501730e+00
1.875940e+14	2.974545e-02	1.316859e+00
1.875705e+14	3.813106e-02	1.129745e+00
1.875470e+14	4.752655e-02	9.408842e-01
1.875235e+14	5.770282e-02	7.507303e-01
1.875000e+14	6.837673e-02	5.596540e-01
