("port 1","TE",1,"port 1",1,"modulation")
(1,1)
0.00000
(500,3)
2.000000e+14	1.588889e-03	-1.811212e+00
1.999733e+14	6.004230e-03	-1.328976e+00
1.999466e+14	1.273888e-02	-1.430997e+00
1.999199e+14	2.150591e-02	-1.606439e+00
1.998932e+14	3.221733e-02	-1.804232e+00
1.998665e+14	4.467835e-02	-2.011656e+00
1.998398e+14	5.857161e-02	-2.224019e+00
1.998131e+14	7.346512e-02	-2.439149e+00
1.997865e+14	8.883064e-02	-2.655868e+00
1.997598e+14	1.040695e-01	-2.873460e+00
1.997332e+14	1.185431e-01	-3.091460e+00
1.997065e+14	1.316060e-01	2.973624e+00
1.996799e+14	1.426362e-01	2.755606e+00
1.996532e+14	1.510631e-01	2.537756e+00
1.996266e+14	1.563895e-01	2.320068e+00
1.996000e+14	1.582083e-01	2.102468e+00
1.995734e+14	1.562164e-01	1.884825e+00
1.995468e+14	1.502253e-01	1.666984e+00
1.995202e+14	1.401728e-01	1.448794e+00
1.994936e+14	1.261337e-01	1.230148e+00
1.994670e+14	1.083308e-01	1.011035e+00
1.994404e+14	8.714229e-02	7.916380e-01
1.994139e+14	6.310226e-02	5.726050e-01
1.993873e+14	3.689008e-02	3.564895e-01
1.993608e+14	9.312611e-03	1.751350e-01
1.993342e+14	1.879055e-02	3.012618e+00
1.993077e+14	4.645242e-02	2.806534e+00
1.992812e+14	7.281318e-02	2.588686e+00
1.992546e+14	9.705641e-02	2.369218e+00
1.992281e+14	1.184824e-01	2.149677e+00
1.992016e+14	1.365334e-01	1.930512e+00
1.991751e+14	1.508056e-01	1.711830e+00
1.991486e+14	1.610512e-01	1.493570e+00
1.991221e+14	1.671716e-01	1.275572e+00
1.990956e+14	1.692088e-01	1.057625e+00
1.990691e+14	1.673351e-01	8.395003e-01
1.990427e+14	1.618438e-01	6.209776e-01
1.990162e+14	1.531398e-01	4.018684e-01
1.989898e+14	1.417279e-01	1.820254e-01
1.989633e+14	1.281965e-01	-3.865594e-02
1.989369e+14	1.131956e-01	-2.602487e-01
1.989104e+14	9.740809e-02	-4.828166e-01
1.988840e+14	8.151574e-02	-7.064464e-01
1.988576e+14	6.616239e-02	-9.312902e-01
1.988312e+14	5.191826e-02	-1.157613e+00
1.988048e+14	3.924860e-02	-1.385832e+00
1.987784e+14	2.848949e-02	-1.616507e+00
1.987520e+14	1.983229e-02	-1.850107e+00
1.987256e+14	1.331666e-02	-2.086009e+00
1.986992e+14	8.832290e-03	-2.319498e+00
1.986729e+14	6.130286e-03	-2.536825e+00
1.986465e+14	4.847932e-03	-2.720376e+00
1.986201e+14	4.534905e-03	-2.875593e+00
1.985938e+14	4.663560e-03	-3.026847e+00
1.985674e+14	4.657648e-03	3.106351e+00
1.985411e+14	3.952043e-03	2.994773e+00
1.985148e+14	2.172733e-03	-3.124373e+00
1.984885e+14	2.640772e-03	-1.476482e+00
1.984622e+14	8.381894e-03	-1.277685e+00
1.984358e+14	1.683362e-02	-1.399441e+00
1.984095e+14	2.792998e-02	-1.577071e+00
1.983832e+14	4.161786e-02	-1.773875e+00
1.983570e+14	5.769233e-02	-1.979457e+00
1.983307e+14	7.578236e-02	-2.189692e+00
1.983044e+14	9.535938e-02	-2.402552e+00
1.982781e+14	1.157601e-01	-2.616864e+00
1.982519e+14	1.362209e-01	-2.831865e+00
1.982256e+14	1.559201e-01	-3.047019e+00
1.981994e+14	1.740231e-01	3.021226e+00
1.981732e+14	1.897237e-01	2.806729e+00
1.981469e+14	2.022786e-01	2.592769e+00
1.981207e+14	2.110315e-01	2.379312e+00
1.980945e+14	2.154271e-01	2.166206e+00
1.980683e+14	2.150202e-01	1.953207e+00
1.980421e+14	2.094819e-01	1.740003e+00
1.980159e+14	1.986105e-01	1.526262e+00
1.979897e+14	1.823479e-01	1.311674e+00
1.979635e+14	1.608040e-01	1.096017e+00
1.979373e+14	1.342859e-01	8.792268e-01
1.979112e+14	1.033246e-01	6.615316e-01
1.978850e+14	6.868848e-02	4.438764e-01
1.978588e+14	3.137397e-02	2.313536e-01
1.978327e+14	7.461618e-03	3.070149e+00
1.978066e+14	4.646974e-02	2.903737e+00
1.977804e+14	8.438453e-02	2.687436e+00
1.977543e+14	1.199616e-01	2.469082e+00
1.977282e+14	1.521278e-01	2.251163e+00
1.977021e+14	1.800235e-01	2.034342e+00
1.976760e+14	2.030217e-01	1.818784e+00
1.976499e+14	2.207212e-01	1.604396e+00
1.976238e+14	2.329235e-01	1.390909e+00
1.975977e+14	2.396038e-01	1.177949e+00
1.975716e+14	2.408875e-01	9.650878e-01
1.975455e+14	2.370338e-01	7.518928e-01
1.975195e+14	2.284288e-01	5.379724e-01
1.974934e+14	2.155843e-01	3.230063e-01
1.974674e+14	1.991368e-01	1.067648e-01
1.974413e+14	1.798401e-01	-1.108884e-01
1.974153e+14	1.585473e-01	-3.300121e-01
1.973892e+14	1.361770e-01	-5.506224e-01
1.973632e+14	1.136673e-01	-7.727463e-01
1.973372e+14	9.191959e-02	-9.964932e-01
1.973112e+14	7.174190e-02	-1.222142e+00
1.972852e+14	5.379768e-02	-1.450245e+00
1.972592e+14	3.856683e-02	-1.681716e+00
1.972332e+14	2.632118e-02	-1.917790e+00
1.972072e+14	1.711417e-02	-2.159260e+00
1.971812e+14	1.078248e-02	-2.403019e+00
1.971553e+14	6.959911e-03	-2.632592e+00
1.971293e+14	5.115487e-03	-2.814635e+00
1.971034e+14	4.607931e-03	-2.943317e+00
1.970774e+14	4.688815e-03	-3.058840e+00
1.970515e+14	4.525377e-03	3.117671e+00
1.970255e+14	3.341501e-03	3.123812e+00
1.969996e+14	1.857937e-03	-2.057242e+00
1.969737e+14	6.786058e-03	-1.216137e+00
1.969478e+14	1.602323e-02	-1.260968e+00
1.969219e+14	2.911845e-02	-1.416242e+00
1.968960e+14	4.622052e-02	-1.603143e+00
1.968701e+14	6.728549e-02	-1.803440e+00
1.968442e+14	9.200928e-02	-2.010616e+00
1.968183e+14	1.198145e-01	-2.221634e+00
1.967924e+14	1.498663e-01	-2.434744e+00
1.967666e+14	1.811172e-01	-2.648743e+00
1.967407e+14	2.123771e-01	-2.862710e+00
1.967148e+14	2.423987e-01	-3.075921e+00
1.966890e+14	2.699624e-01	2.995340e+00
1.966632e+14	2.939444e-01	2.785020e+00
1.966373e+14	3.133563e-01	2.576387e+00
1.966115e+14	3.273539e-01	2.369280e+00
1.965857e+14	3.352217e-01	2.163303e+00
1.965599e+14	3.363430e-01	1.957860e+00
1.965341e+14	3.301722e-01	1.752197e+00
1.965083e+14	3.162218e-01	1.545465e+00
1.964825e+14	2.940780e-01	1.336804e+00
1.964567e+14	2.634569e-01	1.125440e+00
1.964309e+14	2.243042e-01	9.108142e-01
1.964051e+14	1.769336e-01	6.927515e-01
1.963794e+14	1.221742e-01	4.717521e-01
1.963536e+14	6.147601e-02	2.504115e-01
1.963279e+14	3.132417e-03	3.005272e+00
1.963021e+14	6.900810e-02	2.922765e+00
1.962764e+14	1.335548e-01	2.699545e+00
1.962507e+14	1.942155e-01	2.476557e+00
1.962249e+14	2.489355e-01	2.256501e+00
1.961992e+14	2.962782e-01	2.040296e+00
1.961735e+14	3.354197e-01	1.828127e+00
1.961478e+14	3.660341e-01	1.619659e+00
1.961221e+14	3.881368e-01	1.414183e+00
1.960964e+14	4.019389e-01	1.210743e+00
1.960707e+14	4.077415e-01	1.008256e+00
1.960450e+14	4.058801e-01	8.056093e-01
1.960194e+14	3.967140e-01	6.017456e-01
1.959937e+14	3.806554e-01	3.957364e-01
1.959681e+14	3.582260e-01	1.868452e-01
1.959424e+14	3.301259e-01	-2.542517e-02
1.959168e+14	2.972970e-01	-2.413080e-01
1.958911e+14	2.609549e-01	-4.607866e-01
1.958655e+14	2.225701e-01	-6.836576e-01
1.958399e+14	1.837861e-01	-9.096506e-01
1.958143e+14	1.462855e-01	-1.138604e+00
1.957886e+14	1.116304e-01	-1.370693e+00
1.957630e+14	8.111346e-02	-1.606724e+00
1.957374e+14	5.564799e-02	-1.848517e+00
1.957119e+14	3.570693e-02	-2.099318e+00
1.956863e+14	2.130486e-02	-2.363380e+00
1.956607e+14	1.200389e-02	-2.639370e+00
1.956351e+14	6.935363e-03	-2.890554e+00
1.956096e+14	4.921712e-03	-3.023372e+00
1.955840e+14	4.663226e-03	-3.049316e+00
1.955585e+14	4.581885e-03	-3.052845e+00
1.955329e+14	3.207508e-03	-2.780945e+00
1.955074e+14	4.773021e-03	-1.367327e+00
1.954818e+14	1.550680e-02	-1.126611e+00
1.954563e+14	3.393655e-02	-1.231331e+00
1.954308e+14	6.101922e-02	-1.407146e+00
1.954053e+14	9.756038e-02	-1.609785e+00
1.953798e+14	1.437201e-01	-1.826205e+00
1.953543e+14	1.987688e-01	-2.050808e+00
1.953288e+14	2.609461e-01	-2.280108e+00
1.953033e+14	3.275190e-01	-2.511100e+00
1.952779e+14	3.951152e-01	-2.740821e+00
1.952524e+14	4.602800e-01	-2.966435e+00
1.952269e+14	5.200621e-01	3.097646e+00
1.952015e+14	5.723972e-01	2.886718e+00
1.951760e+14	6.161787e-01	2.684742e+00
1.951506e+14	6.510637e-01	2.491612e+00
1.951251e+14	6.771526e-01	2.306454e+00
1.950997e+14	6.946558e-01	2.127767e+00
1.950743e+14	7.036001e-01	1.953503e+00
1.950489e+14	7.035573e-01	1.781071e+00
1.950234e+14	6.933421e-01	1.607225e+00
1.949980e+14	6.705931e-01	1.427806e+00
1.949726e+14	6.311340e-01	1.237354e+00
1.949473e+14	5.680536e-01	1.028611e+00
1.949219e+14	4.708003e-01	7.923066e-01
1.948965e+14	3.259950e-01	5.185004e-01
1.948711e+14	1.247688e-01	2.033222e-01
1.948458e+14	1.197844e-01	2.985932e+00
1.948204e+14	3.637212e-01	2.634611e+00
1.947951e+14	5.616844e-01	2.312458e+00
1.947697e+14	7.000657e-01	2.037909e+00
1.947444e+14	7.900450e-01	1.809227e+00
1.947190e+14	8.475875e-01	1.617146e+00
1.946937e+14	8.848202e-01	1.452211e+00
1.946684e+14	9.094421e-01	1.306964e+00
1.946431e+14	9.260858e-01	1.175953e+00
1.946178e+14	9.375226e-01	1.055251e+00
1.945925e+14	9.454301e-01	9.419793e-01
1.945672e+14	9.508381e-01	8.339632e-01
1.945419e+14	9.543812e-01	7.294855e-01
1.945166e+14	9.564424e-01	6.271181e-01
1.944914e+14	9.572325e-01	5.255991e-01
1.944661e+14	9.568319e-01	4.237381e-01
1.944408e+14	9.552063e-01	3.203343e-01
1.944156e+14	9.522026e-01	2.140974e-01
1.943903e+14	9.475234e-01	1.035611e-01
1.943651e+14	9.406747e-01	-1.302096e-02
1.943399e+14	9.308766e-01	-1.378050e-01
1.943146e+14	9.169157e-01	-2.735247e-01
1.942894e+14	8.969169e-01	-4.236961e-01
1.942642e+14	8.680169e-01	-5.928366e-01
1.942390e+14	8.259902e-01	-7.866050e-01
1.942138e+14	7.651120e-01	-1.011626e+00
1.941886e+14	6.790947e-01	-1.274617e+00
1.941634e+14	5.645284e-01	-1.580795e+00
1.941382e+14	4.269830e-01	-1.933893e+00
1.941131e+14	2.848908e-01	-2.345856e+00
1.940879e+14	1.648937e-01	-2.872700e+00
1.940627e+14	9.356843e-02	2.631084e+00
1.940376e+14	7.694956e-02	1.815911e+00
1.940124e+14	7.702834e-02	1.543386e+00
1.939873e+14	9.502697e-02	1.792873e+00
1.939622e+14	1.682707e-01	1.963216e+00
1.939370e+14	2.891430e-01	1.862959e+00
1.939119e+14	4.310293e-01	1.646013e+00
1.938868e+14	5.676164e-01	1.395516e+00
1.938617e+14	6.810236e-01	1.149864e+00
1.938366e+14	7.660826e-01	9.255987e-01
1.938115e+14	8.263142e-01	7.268257e-01
1.937864e+14	8.679527e-01	5.516392e-01
1.937613e+14	8.966364e-01	3.961241e-01
1.937362e+14	9.165221e-01	2.562460e-01
1.937112e+14	9.304286e-01	1.285077e-01
1.936861e+14	9.402048e-01	1.005865e-02
1.936611e+14	9.470492e-01	-1.013859e-01
1.936360e+14	9.517341e-01	-2.076702e-01
1.936110e+14	9.547497e-01	-3.103163e-01
1.935859e+14	9.563923e-01	-4.106249e-01
1.935609e+14	9.568165e-01	-5.097589e-01
1.935359e+14	9.560597e-01	-6.088162e-01
1.935109e+14	9.540485e-01	-7.088985e-01
1.934858e+14	9.505834e-01	-8.111846e-01
1.934608e+14	9.453016e-01	-9.170162e-01
1.934358e+14	9.376032e-01	-1.028009e+00
1.934109e+14	9.265211e-01	-1.146210e+00
1.933859e+14	9.104919e-01	-1.274313e+00
1.933609e+14	8.869563e-01	-1.415981e+00
1.933359e+14	8.516769e-01	-1.576265e+00
1.933110e+14	7.976632e-01	-1.762068e+00
1.932860e+14	7.138993e-01	-1.982217e+00
1.932610e+14	5.854891e-01	-2.245830e+00
1.932361e+14	4.002369e-01	-2.556458e+00
1.932112e+14	1.661118e-01	-2.902530e+00
1.931862e+14	7.775045e-02	-1.021020e-01
1.931613e+14	2.862199e-01	-4.262131e-01
1.931364e+14	4.405811e-01	-7.059101e-01
1.931115e+14	5.462553e-01	-9.469734e-01
1.930865e+14	6.158870e-01	-1.158847e+00
1.930616e+14	6.603758e-01	-1.350827e+00
1.930368e+14	6.871601e-01	-1.530368e+00
1.930119e+14	7.008664e-01	-1.703124e+00
1.929870e+14	7.042035e-01	-1.873391e+00
1.929621e+14	6.986264e-01	-2.044518e+00
1.929372e+14	6.847738e-01	-2.219187e+00
1.929124e+14	6.627700e-01	-2.399560e+00
1.928875e+14	6.324715e-01	-2.587331e+00
1.928627e+14	5.937178e-01	-2.783682e+00
1.928378e+14	5.466127e-01	-2.989196e+00
1.928130e+14	4.918220e-01	3.079433e+00
1.927882e+14	4.308113e-01	2.856684e+00
1.927633e+14	3.659119e-01	2.627208e+00
1.927385e+14	3.001225e-01	2.392798e+00
1.927137e+14	2.366702e-01	2.155131e+00
1.926889e+14	1.784804e-01	1.915255e+00
1.926641e+14	1.277547e-01	1.673044e+00
1.926393e+14	8.577340e-02	1.426414e+00
1.926145e+14	5.291983e-02	1.169481e+00
1.925897e+14	2.884060e-02	8.862263e-01
1.925650e+14	1.267936e-02	5.188427e-01
1.925402e+14	3.691928e-03	-3.289558e-01
1.925154e+14	3.446556e-03	-2.116473e+00
1.924907e+14	4.612115e-03	-2.731450e+00
1.924659e+14	4.652345e-03	3.124793e+00
1.924412e+14	4.997505e-03	2.721930e+00
1.924165e+14	7.045780e-03	2.431607e+00
1.923917e+14	1.195872e-02	2.252331e+00
1.923670e+14	2.080535e-02	2.094971e+00
1.923423e+14	3.437917e-02	1.924935e+00
1.923176e+14	5.309383e-02	1.740747e+00
1.922929e+14	7.696869e-02	1.546598e+00
1.922682e+14	1.056254e-01	1.346024e+00
1.922435e+14	1.383016e-01	1.141493e+00
1.922188e+14	1.738959e-01	9.347919e-01
1.921941e+14	2.110537e-01	7.273244e-01
1.921694e+14	2.482855e-01	5.202443e-01
1.921448e+14	2.841005e-01	3.144855e-01
1.921201e+14	3.171267e-01	1.107399e-01
1.920955e+14	3.461949e-01	-9.057628e-02
1.920708e+14	3.703729e-01	-2.893410e-01
1.920462e+14	3.889540e-01	-4.857217e-01
1.920215e+14	4.014133e-01	-6.801478e-01
1.919969e+14	4.073510e-01	-8.732654e-01
1.919723e+14	4.064378e-01	-1.065883e+00
1.919477e+14	3.983769e-01	-1.258911e+00
1.919231e+14	3.828914e-01	-1.453294e+00
1.918985e+14	3.597436e-01	-1.649943e+00
1.918739e+14	3.287916e-01	-1.849648e+00
1.918493e+14	2.900822e-01	-2.052994e+00
1.918247e+14	2.439718e-01	-2.260277e+00
1.918001e+14	1.912476e-01	-2.471459e+00
1.917756e+14	1.332107e-01	-2.686242e+00
1.917510e+14	7.167066e-02	-2.904827e+00
1.917264e+14	8.827148e-03	3.123613e+00
1.917019e+14	5.299610e-02	-1.847650e-01
1.916773e+14	1.115491e-01	-4.037417e-01
1.916528e+14	1.649827e-01	-6.175197e-01
1.916283e+14	2.119396e-01	-8.275635e-01
1.916037e+14	2.515864e-01	-1.034049e+00
1.915792e+14	2.835446e-01	-1.237269e+00
1.915547e+14	3.077777e-01	-1.437737e+00
1.915302e+14	3.244755e-01	-1.636137e+00
1.915057e+14	3.339628e-01	-1.833243e+00
1.914812e+14	3.366397e-01	-2.029849e+00
1.914567e+14	3.329551e-01	-2.226705e+00
1.914322e+14	3.234057e-01	-2.424469e+00
1.914077e+14	3.085512e-01	-2.623670e+00
1.913833e+14	2.890380e-01	-2.824682e+00
1.913588e+14	2.656185e-01	-3.027720e+00
1.913344e+14	2.391599e-01	3.050335e+00
1.913099e+14	2.106318e-01	2.843164e+00
1.912855e+14	1.810731e-01	2.634070e+00
1.912610e+14	1.515381e-01	2.423149e+00
1.912366e+14	1.230325e-01	2.210381e+00
1.912122e+14	9.644894e-02	1.995474e+00
1.911877e+14	7.251352e-02	1.777624e+00
1.911633e+14	5.175038e-02	1.555030e+00
1.911389e+14	3.446657e-02	1.323672e+00
1.911145e+14	2.075685e-02	1.073452e+00
1.910901e+14	1.053339e-02	7.711003e-01
1.910657e+14	3.677729e-03	2.196429e-01
1.910413e+14	2.099355e-03	-1.703191e+00
1.910170e+14	3.893374e-03	-2.463446e+00
1.909926e+14	4.629018e-03	-2.818039e+00
1.909682e+14	4.652894e-03	-3.124257e+00
1.909439e+14	4.647617e-03	2.855704e+00
1.909195e+14	5.290366e-03	2.574901e+00
1.908952e+14	7.176681e-03	2.348533e+00
1.908708e+14	1.082553e-02	2.162886e+00
1.908465e+14	1.667224e-02	1.987825e+00
1.908222e+14	2.502209e-02	1.809273e+00
1.907979e+14	3.602283e-02	1.624627e+00
1.907735e+14	4.965560e-02	1.434788e+00
1.907492e+14	6.573379e-02	1.241143e+00
1.907249e+14	8.390932e-02	1.044865e+00
1.907006e+14	1.036879e-01	8.468554e-01
1.906763e+14	1.244537e-01	6.478122e-01
1.906521e+14	1.455035e-01	4.482851e-01
1.906278e+14	1.660856e-01	2.487094e-01
1.906035e+14	1.854410e-01	4.941575e-02
1.905792e+14	2.028407e-01	-1.493694e-01
1.905550e+14	2.176158e-01	-3.475283e-01
1.905307e+14	2.291776e-01	-5.450532e-01
1.905065e+14	2.370287e-01	-7.420410e-01
1.904822e+14	2.407669e-01	-9.386815e-01
1.904580e+14	2.400847e-01	-1.135237e+00
1.904338e+14	2.347699e-01	-1.332019e+00
1.904096e+14	2.247096e-01	-1.529355e+00
1.903853e+14	2.098989e-01	-1.727559e+00
1.903611e+14	1.904564e-01	-1.926898e+00
1.903369e+14	1.666428e-01	-2.127571e+00
1.903127e+14	1.388780e-01	-2.329702e+00
1.902885e+14	1.077523e-01	-2.533376e+00
1.902644e+14	7.402220e-02	-2.738859e+00
1.902402e+14	3.858826e-02	-2.948026e+00
1.902160e+14	2.474558e-03	2.992773e+00
1.901918e+14	3.335497e-02	-1.961885e-01
1.901677e+14	6.780165e-02	-4.061890e-01
1.901435e+14	9.996849e-02	-6.115953e-01
1.901194e+14	1.290646e-01	-8.150651e-01
1.900952e+14	1.544652e-01	-1.017028e+00
1.900711e+14	1.757195e-01	-1.217668e+00
1.900470e+14	1.925440e-01	-1.417178e+00
1.900228e+14	2.048047e-01	-1.615803e+00
1.899987e+14	2.124975e-01	-1.813835e+00
1.899746e+14	2.157293e-01	-2.011591e+00
1.899505e+14	2.147036e-01	-2.209388e+00
1.899264e+14	2.097109e-01	-2.407520e+00
1.899023e+14	2.011224e-01	-2.606237e+00
1.898782e+14	1.893858e-01	-2.805741e+00
1.898542e+14	1.750184e-01	-3.006173e+00
1.898301e+14	1.585976e-01	3.075556e+00
1.898060e+14	1.407448e-01	2.873014e+00
1.897819e+14	1.221037e-01	2.669325e+00
1.897579e+14	1.033138e-01	2.464385e+00
1.897338e+14	8.498180e-02	2.257977e+00
1.897098e+14	6.765294e-02	2.049664e+00
1.896858e+14	5.178695e-02	1.838589e+00
1.896617e+14	3.773952e-02	1.623038e+00
1.896377e+14	2.575154e-02	1.399334e+00
1.896137e+14	1.594703e-02	1.158296e+00
1.895897e+14	8.345898e-03	8.693875e-01
1.895657e+14	2.967791e-03	3.450034e-01
1.895417e+14	1.738722e-03	-1.658559e+00
1.895177e+14	3.550889e-03	-2.385837e+00
1.894937e+14	4.487480e-03	-2.712134e+00
1.894697e+14	4.694214e-03	-2.984344e+00
1.894457e+14	4.582203e-03	3.033863e+00
1.894217e+14	4.590346e-03	2.768747e+00
1.893978e+14	5.138264e-03	2.519027e+00
1.893738e+14	6.598507e-03	2.302081e+00
1.893499e+14	9.292041e-03	2.111970e+00
1.893259e+14	1.347986e-02	1.931834e+00
1.893020e+14	1.934181e-02	1.751450e+00
1.892780e+14	2.696164e-02	1.567662e+00
1.892541e+14	3.632089e-02	1.380336e+00
1.892302e+14	4.729824e-02	1.190148e+00
1.892063e+14	5.967325e-02	9.978335e-01
1.891824e+14	7.313478e-02	8.040125e-01
1.891585e+14	8.729408e-02	6.091736e-01
1.891346e+14	1.017023e-01	4.136996e-01
1.891107e+14	1.158710e-01	2.178891e-01
1.890868e+14	1.292947e-01	2.196967e-02
1.890629e+14	1.414724e-01	-1.738963e-01
1.890390e+14	1.519285e-01	-3.696087e-01
1.890152e+14	1.602290e-01	-5.651284e-01
1.889913e+14	1.659954e-01	-7.604736e-01
1.889674e+14	1.689141e-01	-9.557138e-01
1.889436e+14	1.687441e-01	-1.150960e+00
1.889197e+14	1.653217e-01	-1.346353e+00
1.888959e+14	1.585666e-01	-1.542047e+00
1.888721e+14	1.484864e-01	-1.738198e+00
1.888482e+14	1.351822e-01	-1.934946e+00
1.888244e+14	1.188536e-01	-2.132413e+00
1.888006e+14	9.980129e-02	-2.330711e+00
1.887768e+14	7.842552e-02	-2.529996e+00
1.887530e+14	5.521912e-02	-2.730697e+00
1.887292e+14	3.075299e-02	-2.934881e+00
1.887054e+14	5.660491e-03	3.099435e+00
1.886816e+14	1.943374e-02	-1.634514e-01
1.886578e+14	4.384207e-02	-3.725617e-01
1.886341e+14	6.696434e-02	-5.742112e-01
1.886103e+14	8.824438e-02	-7.739223e-01
1.885865e+14	1.072086e-01	-9.725360e-01
1.885628e+14	1.234784e-01	-1.170315e+00
1.885390e+14	1.367755e-01	-1.367413e+00
1.885153e+14	1.469221e-01	-1.563975e+00
1.884916e+14	1.538363e-01	-1.760159e+00
1.884678e+14	1.575262e-01	-1.956139e+00
1.884441e+14	1.580830e-01	-2.152091e+00
1.884204e+14	1.556743e-01	-2.348189e+00
1.883967e+14	1.505375e-01	-2.544591e+00
1.883730e+14	1.429733e-01	-2.741434e+00
1.883493e+14	1.333373e-01	-2.938832e+00
1.883256e+14	1.220305e-01	-3.136882e+00
1.883019e+14	1.094873e-01	2.947514e+00
1.882782e+14	9.616000e-02	2.747885e+00
1.882545e+14	8.250250e-02	2.547277e+00
1.882309e+14	6.895226e-02	2.345456e+00
1.882072e+14	5.591255e-02	2.142017e+00
1.881835e+14	4.373653e-02	1.936227e+00
1.881599e+14	3.271406e-02	1.726694e+00
1.881362e+14	2.306246e-02	1.510543e+00
1.881126e+14	1.492210e-02	1.280916e+00
1.880890e+14	8.360447e-03	1.016699e+00
1.880653e+14	3.416760e-03	6.087353e-01
1.880417e+14	1.194061e-03	-1.172534e+00
1.880181e+14	2.960806e-03	-2.232129e+00
1.879945e+14	4.181278e-03	-2.572604e+00
1.879709e+14	4.663097e-03	-2.834364e+00
1.879473e+14	4.668408e-03	-3.079657e+00
1.879237e+14	4.503609e-03	2.958785e+00
1.879001e+14	4.481740e-03	2.713418e+00
1.878765e+14	4.900015e-03	2.478630e+00
1.878529e+14	6.023251e-03	2.266607e+00
1.878294e+14	8.077857e-03	2.075346e+00
1.878058e+14	1.124541e-02	1.893807e+00
1.877822e+14	1.565036e-02	1.713671e+00
1.877587e+14	2.135019e-02	1.531559e+00
1.877351e+14	2.833098e-02	1.346805e+00
1.877116e+14	3.650678e-02	1.159696e+00
1.876881e+14	4.572203e-02	9.707360e-01
1.876645e+14	5.575703e-02	7.803962e-01
1.876410e+14	6.633631e-02	5.890666e-01
1.876175e+14	7.713969e-02	3.970558e-01
1.875940e+14	8.781545e-02	2.046048e-01
1.875705e+14	9.799487e-02	1.189761e-02
1.875470e+14	1.073072e-01	-1.809302e-01
1.875235e+14	1.153939e-01	-3.737878e-01
1.875000e+14	1.219220e-01	-5.666255e-01
("port 1","TE",1,"port 2",1,"modulation")
(1,1)
0.00000
(500,3)
2.000000e+14	1.588889e-03	-1.811212e+00
1.999733e+14	6.004230e-03	-1.328976e+00
1.999466e+14	1.273888e-02	-1.430997e+00
1.999199e+14	2.150591e-02	-1.606439e+00
1.998932e+14	3.221733e-02	-1.804232e+00
1.998665e+14	4.467835e-02	-2.011656e+00
1.998398e+14	5.857161e-02	-2.224019e+00
1.998131e+14	7.346512e-02	-2.439149e+00
1.997865e+14	8.883064e-02	-2.655868e+00
1.997598e+14	1.040695e-01	-2.873460e+00
1.997332e+14	1.185431e-01	-3.091460e+00
1.997065e+14	1.316060e-01	2.973624e+00
1.996799e+14	1.426362e-01	2.755606e+00
1.996532e+14	1.510631e-01	2.537756e+00
1.996266e+14	1.563895e-01	2.320068e+00
1.996000e+14	1.582083e-01	2.102468e+00
1.995734e+14	1.562164e-01	1.884825e+00
1.995468e+14	1.502253e-01	1.666984e+00
1.995202e+14	1.401728e-01	1.448794e+00
1.994936e+14	1.261337e-01	1.230148e+00
1.994670e+14	1.083308e-01	1.011035e+00
1.994404e+14	8.714229e-02	7.916380e-01
1.994139e+14	6.310226e-02	5.726050e-01
1.993873e+14	3.689008e-02	3.564895e-01
1.993608e+14	9.312611e-03	1.751350e-01
1.993342e+14	1.879055e-02	3.012618e+00
1.993077e+14	4.645242e-02	2.806534e+00
1.992812e+14	7.281318e-02	2.588686e+00
1.992546e+14	9.705641e-02	2.369218e+00
1.992281e+14	1.184824e-01	2.149677e+00
1.992016e+14	1.365334e-01	1.930512e+00
1.991751e+14	1.508056e-01	1.711830e+00
1.991486e+14	1.610512e-01	1.493570e+00
1.991221e+14	1.671716e-01	1.275572e+00
1.990956e+14	1.692088e-01	1.057625e+00
1.990691e+14	1.673351e-01	8.395003e-01
1.990427e+14	1.618438e-01	6.209776e-01
1.990162e+14	1.531398e-01	4.018684e-01
1.989898e+14	1.417279e-01	1.820254e-01
1.989633e+14	1.281965e-01	-3.865594e-02
1.989369e+14	1.131956e-01	-2.602487e-01
1.989104e+14	9.740809e-02	-4.828166e-01
1.988840e+14	8.151574e-02	-7.064464e-01
1.988576e+14	6.616239e-02	-9.312902e-01
1.988312e+14	5.191826e-02	-1.157613e+00
1.988048e+14	3.924860e-02	-1.385832e+00
1.987784e+14	2.848949e-02	-1.616507e+00
1.987520e+14	1.983229e-02	-1.850107e+00
1.987256e+14	1.331666e-02	-2.086009e+00
1.986992e+14	8.832290e-03	-2.319498e+00
1.986729e+14	6.130286e-03	-2.536825e+00
1.986465e+14	4.847932e-03	-2.720376e+00
1.986201e+14	4.534905e-03	-2.875593e+00
1.985938e+14	4.663560e-03	-3.026847e+00
1.985674e+14	4.657648e-03	3.106351e+00
1.985411e+14	3.952043e-03	2.994773e+00
1.985148e+14	2.172733e-03	-3.124373e+00
1.984885e+14	2.640772e-03	-1.476482e+00
1.984622e+14	8.381894e-03	-1.277685e+00
1.984358e+14	1.683362e-02	-1.399441e+00
1.984095e+14	2.792998e-02	-1.577071e+00
1.983832e+14	4.161786e-02	-1.773875e+00
1.983570e+14	5.769233e-02	-1.979457e+00
1.983307e+14	7.578236e-02	-2.189692e+00
1.983044e+14	9.535938e-02	-2.402552e+00
1.982781e+14	1.157601e-01	-2.616864e+00
1.982519e+14	1.362209e-01	-2.831865e+00
1.982256e+14	1.559201e-01	-3.047019e+00
1.981994e+14	1.740231e-01	3.021226e+00
1.981732e+14	1.897237e-01	2.806729e+00
1.981469e+14	2.022786e-01	2.592769e+00
1.981207e+14	2.110315e-01	2.379312e+00
1.980945e+14	2.154271e-01	2.166206e+00
1.980683e+14	2.150202e-01	1.953207e+00
1.980421e+14	2.094819e-01	1.740003e+00
1.980159e+14	1.986105e-01	1.526262e+00
1.979897e+14	1.823479e-01	1.311674e+00
1.979635e+14	1.608040e-01	1.096017e+00
1.979373e+14	1.342859e-01	8.792268e-01
1.979112e+14	1.033246e-01	6.615316e-01
1.978850e+14	6.868848e-02	4.438764e-01
1.978588e+14	3.137397e-02	2.313536e-01
1.978327e+14	7.461618e-03	3.070149e+00
1.978066e+14	4.646974e-02	2.903737e+00
1.977804e+14	8.438453e-02	2.687436e+00
1.977543e+14	1.199616e-01	2.469082e+00
1.977282e+14	1.521278e-01	2.251163e+00
1.977021e+14	1.800235e-01	2.034342e+00
1.976760e+14	2.030217e-01	1.818784e+00
1.976499e+14	2.207212e-01	1.604396e+00
1.976238e+14	2.329235e-01	1.390909e+00
1.975977e+14	2.396038e-01	1.177949e+00
1.975716e+14	2.408875e-01	9.650878e-01
1.975455e+14	2.370338e-01	7.518928e-01
1.975195e+14	2.284288e-01	5.379724e-01
1.974934e+14	2.155843e-01	3.230063e-01
1.974674e+14	1.991368e-01	1.067648e-01
1.974413e+14	1.798401e-01	-1.108884e-01
1.974153e+14	1.585473e-01	-3.300121e-01
1.973892e+14	1.361770e-01	-5.506224e-01
1.973632e+14	1.136673e-01	-7.727463e-01
1.973372e+14	9.191959e-02	-9.964932e-01
1.973112e+14	7.174190e-02	-1.222142e+00
1.972852e+14	5.379768e-02	-1.450245e+00
1.972592e+14	3.856683e-02	-1.681716e+00
1.972332e+14	2.632118e-02	-1.917790e+00
1.972072e+14	1.711417e-02	-2.159260e+00
1.971812e+14	1.078248e-02	-2.403019e+00
1.971553e+14	6.959911e-03	-2.632592e+00
1.971293e+14	5.115487e-03	-2.814635e+00
1.971034e+14	4.607931e-03	-2.943317e+00
1.970774e+14	4.688815e-03	-3.058840e+00
1.970515e+14	4.525377e-03	3.117671e+00
1.970255e+14	3.341501e-03	3.123812e+00
1.969996e+14	1.857937e-03	-2.057242e+00
1.969737e+14	6.786058e-03	-1.216137e+00
1.969478e+14	1.602323e-02	-1.260968e+00
1.969219e+14	2.911845e-02	-1.416242e+00
1.968960e+14	4.622052e-02	-1.603143e+00
1.968701e+14	6.728549e-02	-1.803440e+00
1.968442e+14	9.200928e-02	-2.010616e+00
1.968183e+14	1.198145e-01	-2.221634e+00
1.967924e+14	1.498663e-01	-2.434744e+00
1.967666e+14	1.811172e-01	-2.648743e+00
1.967407e+14	2.123771e-01	-2.862710e+00
1.967148e+14	2.423987e-01	-3.075921e+00
1.966890e+14	2.699624e-01	2.995340e+00
1.966632e+14	2.939444e-01	2.785020e+00
1.966373e+14	3.133563e-01	2.576387e+00
1.966115e+14	3.273539e-01	2.369280e+00
1.965857e+14	3.352217e-01	2.163303e+00
1.965599e+14	3.363430e-01	1.957860e+00
1.965341e+14	3.301722e-01	1.752197e+00
1.965083e+14	3.162218e-01	1.545465e+00
1.964825e+14	2.940780e-01	1.336804e+00
1.964567e+14	2.634569e-01	1.125440e+00
1.964309e+14	2.243042e-01	9.108142e-01
1.964051e+14	1.769336e-01	6.927515e-01
1.963794e+14	1.221742e-01	4.717521e-01
1.963536e+14	6.147601e-02	2.504115e-01
1.963279e+14	3.132417e-03	3.005272e+00
1.963021e+14	6.900810e-02	2.922765e+00
1.962764e+14	1.335548e-01	2.699545e+00
1.962507e+14	1.942155e-01	2.476557e+00
1.962249e+14	2.489355e-01	2.256501e+00
1.961992e+14	2.962782e-01	2.040296e+00
1.961735e+14	3.354197e-01	1.828127e+00
1.961478e+14	3.660341e-01	1.619659e+00
1.961221e+14	3.881368e-01	1.414183e+00
1.960964e+14	4.019389e-01	1.210743e+00
1.960707e+14	4.077415e-01	1.008256e+00
1.960450e+14	4.058801e-01	8.056093e-01
1.960194e+14	3.967140e-01	6.017456e-01
1.959937e+14	3.806554e-01	3.957364e-01
1.959681e+14	3.582260e-01	1.868452e-01
1.959424e+14	3.301259e-01	-2.542517e-02
1.959168e+14	2.972970e-01	-2.413080e-01
1.958911e+14	2.609549e-01	-4.607866e-01
1.958655e+14	2.225701e-01	-6.836576e-01
1.958399e+14	1.837861e-01	-9.096506e-01
1.958143e+14	1.462855e-01	-1.138604e+00
1.957886e+14	1.116304e-01	-1.370693e+00
1.957630e+14	8.111346e-02	-1.606724e+00
1.957374e+14	5.564799e-02	-1.848517e+00
1.957119e+14	3.570693e-02	-2.099318e+00
1.956863e+14	2.130486e-02	-2.363380e+00
1.956607e+14	1.200389e-02	-2.639370e+00
1.956351e+14	6.935363e-03	-2.890554e+00
1.956096e+14	4.921712e-03	-3.023372e+00
1.955840e+14	4.663226e-03	-3.049316e+00
1.955585e+14	4.581885e-03	-3.052845e+00
1.955329e+14	3.207508e-03	-2.780945e+00
1.955074e+14	4.773021e-03	-1.367327e+00
1.954818e+14	1.550680e-02	-1.126611e+00
1.954563e+14	3.393655e-02	-1.231331e+00
1.954308e+14	6.101922e-02	-1.407146e+00
1.954053e+14	9.756038e-02	-1.609785e+00
1.953798e+14	1.437201e-01	-1.826205e+00
1.953543e+14	1.987688e-01	-2.050808e+00
1.953288e+14	2.609461e-01	-2.280108e+00
1.953033e+14	3.275190e-01	-2.511100e+00
1.952779e+14	3.951152e-01	-2.740821e+00
1.952524e+14	4.602800e-01	-2.966435e+00
1.952269e+14	5.200621e-01	3.097646e+00
1.952015e+14	5.723972e-01	2.886718e+00
1.951760e+14	6.161787e-01	2.684742e+00
1.951506e+14	6.510637e-01	2.491612e+00
1.951251e+14	6.771526e-01	2.306454e+00
1.950997e+14	6.946558e-01	2.127767e+00
1.950743e+14	7.036001e-01	1.953503e+00
1.950489e+14	7.035573e-01	1.781071e+00
1.950234e+14	6.933421e-01	1.607225e+00
1.949980e+14	6.705931e-01	1.427806e+00
1.949726e+14	6.311340e-01	1.237354e+00
1.949473e+14	5.680536e-01	1.028611e+00
1.949219e+14	4.708003e-01	7.923066e-01
1.948965e+14	3.259950e-01	5.185004e-01
1.948711e+14	1.247688e-01	2.033222e-01
1.948458e+14	1.197844e-01	2.985932e+00
1.948204e+14	3.637212e-01	2.634611e+00
1.947951e+14	5.616844e-01	2.312458e+00
1.947697e+14	7.000657e-01	2.037909e+00
1.947444e+14	7.900450e-01	1.809227e+00
1.947190e+14	8.475875e-01	1.617146e+00
1.946937e+14	8.848202e-01	1.452211e+00
1.946684e+14	9.094421e-01	1.306964e+00
1.946431e+14	9.260858e-01	1.175953e+00
1.946178e+14	9.375226e-01	1.055251e+00
1.945925e+14	9.454301e-01	9.419793e-01
1.945672e+14	9.508381e-01	8.339632e-01
1.945419e+14	9.543812e-01	7.294855e-01
1.945166e+14	9.564424e-01	6.271181e-01
1.944914e+14	9.572325e-01	5.255991e-01
1.944661e+14	9.568319e-01	4.237381e-01
1.944408e+14	9.552063e-01	3.203343e-01
1.944156e+14	9.522026e-01	2.140974e-01
1.943903e+14	9.475234e-01	1.035611e-01
1.943651e+14	9.406747e-01	-1.302096e-02
1.943399e+14	9.308766e-01	-1.378050e-01
1.943146e+14	9.169157e-01	-2.735247e-01
1.942894e+14	8.969169e-01	-4.236961e-01
1.942642e+14	8.680169e-01	-5.928366e-01
1.942390e+14	8.259902e-01	-7.866050e-01
1.942138e+14	7.651120e-01	-1.011626e+00
1.941886e+14	6.790947e-01	-1.274617e+00
1.941634e+14	5.645284e-01	-1.580795e+00
1.941382e+14	4.269830e-01	-1.933893e+00
1.941131e+14	2.848908e-01	-2.345856e+00
1.940879e+14	1.648937e-01	-2.872700e+00
1.940627e+14	9.356843e-02	2.631084e+00
1.940376e+14	7.694956e-02	1.815911e+00
1.940124e+14	7.702834e-02	1.543386e+00
1.939873e+14	9.502697e-02	1.792873e+00
1.939622e+14	1.682707e-01	1.963216e+00
1.939370e+14	2.891430e-01	1.862959e+00
1.939119e+14	4.310293e-01	1.646013e+00
1.938868e+14	5.676164e-01	1.395516e+00
1.938617e+14	6.810236e-01	1.149864e+00
1.938366e+14	7.660826e-01	9.255987e-01
1.938115e+14	8.263142e-01	7.268257e-01
1.937864e+14	8.679527e-01	5.516392e-01
1.937613e+14	8.966364e-01	3.961241e-01
1.937362e+14	9.165221e-01	2.562460e-01
1.937112e+14	9.304286e-01	1.285077e-01
1.936861e+14	9.402048e-01	1.005865e-02
1.936611e+14	9.470492e-01	-1.013859e-01
1.936360e+14	9.517341e-01	-2.076702e-01
1.936110e+14	9.547497e-01	-3.103163e-01
1.935859e+14	9.563923e-01	-4.106249e-01
1.935609e+14	9.568165e-01	-5.097589e-01
1.935359e+14	9.560597e-01	-6.088162e-01
1.935109e+14	9.540485e-01	-7.088985e-01
1.934858e+14	9.505834e-01	-8.111846e-01
1.934608e+14	9.453016e-01	-9.170162e-01
1.934358e+14	9.376032e-01	-1.028009e+00
1.934109e+14	9.265211e-01	-1.146210e+00
1.933859e+14	9.104919e-01	-1.274313e+00
1.933609e+14	8.869563e-01	-1.415981e+00
1.933359e+14	8.516769e-01	-1.576265e+00
1.933110e+14	7.976632e-01	-1.762068e+00
1.932860e+14	7.138993e-01	-1.982217e+00
1.932610e+14	5.854891e-01	-2.245830e+00
1.932361e+14	4.002369e-01	-2.556458e+00
1.932112e+14	1.661118e-01	-2.902530e+00
1.931862e+14	7.775045e-02	-1.021020e-01
1.931613e+14	2.862199e-01	-4.262131e-01
1.931364e+14	4.405811e-01	-7.059101e-01
1.931115e+14	5.462553e-01	-9.469734e-01
1.930865e+14	6.158870e-01	-1.158847e+00
1.930616e+14	6.603758e-01	-1.350827e+00
1.930368e+14	6.871601e-01	-1.530368e+00
1.930119e+14	7.008664e-01	-1.703124e+00
1.929870e+14	7.042035e-01	-1.873391e+00
1.929621e+14	6.986264e-01	-2.044518e+00
1.929372e+14	6.847738e-01	-2.219187e+00
1.929124e+14	6.627700e-01	-2.399560e+00
1.928875e+14	6.324715e-01	-2.587331e+00
1.928627e+14	5.937178e-01	-2.783682e+00
1.928378e+14	5.466127e-01	-2.989196e+00
1.928130e+14	4.918220e-01	3.079433e+00
1.927882e+14	4.308113e-01	2.856684e+00
1.927633e+14	3.659119e-01	2.627208e+00
1.927385e+14	3.001225e-01	2.392798e+00
1.927137e+14	2.366702e-01	2.155131e+00
1.926889e+14	1.784804e-01	1.915255e+00
1.926641e+14	1.277547e-01	1.673044e+00
1.926393e+14	8.577340e-02	1.426414e+00
1.926145e+14	5.291983e-02	1.169481e+00
1.925897e+14	2.884060e-02	8.862263e-01
1.925650e+14	1.267936e-02	5.188427e-01
1.925402e+14	3.691928e-03	-3.289558e-01
1.925154e+14	3.446556e-03	-2.116473e+00
1.924907e+14	4.612115e-03	-2.731450e+00
1.924659e+14	4.652345e-03	3.124793e+00
1.924412e+14	4.997505e-03	2.721930e+00
1.924165e+14	7.045780e-03	2.431607e+00
1.923917e+14	1.195872e-02	2.252331e+00
1.923670e+14	2.080535e-02	2.094971e+00
1.923423e+14	3.437917e-02	1.924935e+00
1.923176e+14	5.309383e-02	1.740747e+00
1.922929e+14	7.696869e-02	1.546598e+00
1.922682e+14	1.056254e-01	1.346024e+00
1.922435e+14	1.383016e-01	1.141493e+00
1.922188e+14	1.738959e-01	9.347919e-01
1.921941e+14	2.110537e-01	7.273244e-01
1.921694e+14	2.482855e-01	5.202443e-01
1.921448e+14	2.841005e-01	3.144855e-01
1.921201e+14	3.171267e-01	1.107399e-01
1.920955e+14	3.461949e-01	-9.057628e-02
1.920708e+14	3.703729e-01	-2.893410e-01
1.920462e+14	3.889540e-01	-4.857217e-01
1.920215e+14	4.014133e-01	-6.801478e-01
1.919969e+14	4.073510e-01	-8.732654e-01
1.919723e+14	4.064378e-01	-1.065883e+00
1.919477e+14	3.983769e-01	-1.258911e+00
1.919231e+14	3.828914e-01	-1.453294e+00
1.918985e+14	3.597436e-01	-1.649943e+00
1.918739e+14	3.287916e-01	-1.849648e+00
1.918493e+14	2.900822e-01	-2.052994e+00
1.918247e+14	2.439718e-01	-2.260277e+00
1.918001e+14	1.912476e-01	-2.471459e+00
1.917756e+14	1.332107e-01	-2.686242e+00
1.917510e+14	7.167066e-02	-2.904827e+00
1.917264e+14	8.827148e-03	3.123613e+00
1.917019e+14	5.299610e-02	-1.847650e-01
1.916773e+14	1.115491e-01	-4.037417e-01
1.916528e+14	1.649827e-01	-6.175197e-01
1.916283e+14	2.119396e-01	-8.275635e-01
1.916037e+14	2.515864e-01	-1.034049e+00
1.915792e+14	2.835446e-01	-1.237269e+00
1.915547e+14	3.077777e-01	-1.437737e+00
1.915302e+14	3.244755e-01	-1.636137e+00
1.915057e+14	3.339628e-01	-1.833243e+00
1.914812e+14	3.366397e-01	-2.029849e+00
1.914567e+14	3.329551e-01	-2.226705e+00
1.914322e+14	3.234057e-01	-2.424469e+00
1.914077e+14	3.085512e-01	-2.623670e+00
1.913833e+14	2.890380e-01	-2.824682e+00
1.913588e+14	2.656185e-01	-3.027720e+00
1.913344e+14	2.391599e-01	3.050335e+00
1.913099e+14	2.106318e-01	2.843164e+00
1.912855e+14	1.810731e-01	2.634070e+00
1.912610e+14	1.515381e-01	2.423149e+00
1.912366e+14	1.230325e-01	2.210381e+00
1.912122e+14	9.644894e-02	1.995474e+00
1.911877e+14	7.251352e-02	1.777624e+00
1.911633e+14	5.175038e-02	1.555030e+00
1.911389e+14	3.446657e-02	1.323672e+00
1.911145e+14	2.075685e-02	1.073452e+00
1.910901e+14	1.053339e-02	7.711003e-01
1.910657e+14	3.677729e-03	2.196429e-01
1.910413e+14	2.099355e-03	-1.703191e+00
1.910170e+14	3.893374e-03	-2.463446e+00
1.909926e+14	4.629018e-03	-2.818039e+00
1.909682e+14	4.652894e-03	-3.124257e+00
1.909439e+14	4.647617e-03	2.855704e+00
1.909195e+14	5.290366e-03	2.574901e+00
1.908952e+14	7.176681e-03	2.348533e+00
1.908708e+14	1.082553e-02	2.162886e+00
1.908465e+14	1.667224e-02	1.987825e+00
1.908222e+14	2.502209e-02	1.809273e+00
1.907979e+14	3.602283e-02	1.624627e+00
1.907735e+14	4.965560e-02	1.434788e+00
1.907492e+14	6.573379e-02	1.241143e+00
1.907249e+14	8.390932e-02	1.044865e+00
1.907006e+14	1.036879e-01	8.468554e-01
1.906763e+14	1.244537e-01	6.478122e-01
1.906521e+14	1.455035e-01	4.482851e-01
1.906278e+14	1.660856e-01	2.487094e-01
1.906035e+14	1.854410e-01	4.941575e-02
1.905792e+14	2.028407e-01	-1.493694e-01
1.905550e+14	2.176158e-01	-3.475283e-01
1.905307e+14	2.291776e-01	-5.450532e-01
1.905065e+14	2.370287e-01	-7.420410e-01
1.904822e+14	2.407669e-01	-9.386815e-01
1.904580e+14	2.400847e-01	-1.135237e+00
1.904338e+14	2.347699e-01	-1.332019e+00
1.904096e+14	2.247096e-01	-1.529355e+00
1.903853e+14	2.098989e-01	-1.727559e+00
1.903611e+14	1.904564e-01	-1.926898e+00
1.903369e+14	1.666428e-01	-2.127571e+00
1.903127e+14	1.388780e-01	-2.329702e+00
1.902885e+14	1.077523e-01	-2.533376e+00
1.902644e+14	7.402220e-02	-2.738859e+00
1.902402e+14	3.858826e-02	-2.948026e+00
1.902160e+14	2.474558e-03	2.992773e+00
1.901918e+14	3.335497e-02	-1.961885e-01
1.901677e+14	6.780165e-02	-4.061890e-01
1.901435e+14	9.996849e-02	-6.115953e-01
1.901194e+14	1.290646e-01	-8.150651e-01
1.900952e+14	1.544652e-01	-1.017028e+00
1.900711e+14	1.757195e-01	-1.217668e+00
1.900470e+14	1.925440e-01	-1.417178e+00
1.900228e+14	2.048047e-01	-1.615803e+00
1.899987e+14	2.124975e-01	-1.813835e+00
1.899746e+14	2.157293e-01	-2.011591e+00
1.899505e+14	2.147036e-01	-2.209388e+00
1.899264e+14	2.097109e-01	-2.407520e+00
1.899023e+14	2.011224e-01	-2.606237e+00
1.898782e+14	1.893858e-01	-2.805741e+00
1.898542e+14	1.750184e-01	-3.006173e+00
1.898301e+14	1.585976e-01	3.075556e+00
1.898060e+14	1.407448e-01	2.873014e+00
1.897819e+14	1.221037e-01	2.669325e+00
1.897579e+14	1.033138e-01	2.464385e+00
1.897338e+14	8.498180e-02	2.257977e+00
1.897098e+14	6.765294e-02	2.049664e+00
1.896858e+14	5.178695e-02	1.838589e+00
1.896617e+14	3.773952e-02	1.623038e+00
1.896377e+14	2.575154e-02	1.399334e+00
1.896137e+14	1.594703e-02	1.158296e+00
1.895897e+14	8.345898e-03	8.693875e-01
1.895657e+14	2.967791e-03	3.450034e-01
1.895417e+14	1.738722e-03	-1.658559e+00
1.895177e+14	3.550889e-03	-2.385837e+00
1.894937e+14	4.487480e-03	-2.712134e+00
1.894697e+14	4.694214e-03	-2.984344e+00
1.894457e+14	4.582203e-03	3.033863e+00
1.894217e+14	4.590346e-03	2.768747e+00
1.893978e+14	5.138264e-03	2.519027e+00
1.893738e+14	6.598507e-03	2.302081e+00
1.893499e+14	9.292041e-03	2.111970e+00
1.893259e+14	1.347986e-02	1.931834e+00
1.893020e+14	1.934181e-02	1.751450e+00
1.892780e+14	2.696164e-02	1.567662e+00
1.892541e+14	3.632089e-02	1.380336e+00
1.892302e+14	4.729824e-02	1.190148e+00
1.892063e+14	5.967325e-02	9.978335e-01
1.891824e+14	7.313478e-02	8.040125e-01
1.891585e+14	8.729408e-02	6.091736e-01
1.891346e+14	1.017023e-01	4.136996e-01
1.891107e+14	1.158710e-01	2.178891e-01
1.890868e+14	1.292947e-01	2.196967e-02
1.890629e+14	1.414724e-01	-1.738963e-01
1.890390e+14	1.519285e-01	-3.696087e-01
1.890152e+14	1.602290e-01	-5.651284e-01
1.889913e+14	1.659954e-01	-7.604736e-01
1.889674e+14	1.689141e-01	-9.557138e-01
1.889436e+14	1.687441e-01	-1.150960e+00
1.889197e+14	1.653217e-01	-1.346353e+00
1.888959e+14	1.585666e-01	-1.542047e+00
1.888721e+14	1.484864e-01	-1.738198e+00
1.888482e+14	1.351822e-01	-1.934946e+00
1.888244e+14	1.188536e-01	-2.132413e+00
1.888006e+14	9.980129e-02	-2.330711e+00
1.887768e+14	7.842552e-02	-2.529996e+00
1.887530e+14	5.521912e-02	-2.730697e+00
1.887292e+14	3.075299e-02	-2.934881e+00
1.887054e+14	5.660491e-03	3.099435e+00
1.886816e+14	1.943374e-02	-1.634514e-01
1.886578e+14	4.384207e-02	-3.725617e-01
1.886341e+14	6.696434e-02	-5.742112e-01
1.886103e+14	8.824438e-02	-7.739223e-01
1.885865e+14	1.072086e-01	-9.725360e-01
1.885628e+14	1.234784e-01	-1.170315e+00
1.885390e+14	1.367755e-01	-1.367413e+00
1.885153e+14	1.469221e-01	-1.563975e+00
1.884916e+14	1.538363e-01	-1.760159e+00
1.884678e+14	1.575262e-01	-1.956139e+00
1.884441e+14	1.580830e-01	-2.152091e+00
1.884204e+14	1.556743e-01	-2.348189e+00
1.883967e+14	1.505375e-01	-2.544591e+00
1.883730e+14	1.429733e-01	-2.741434e+00
1.883493e+14	1.333373e-01	-2.938832e+00
1.883256e+14	1.220305e-01	-3.136882e+00
1.883019e+14	1.094873e-01	2.947514e+00
1.882782e+14	9.616000e-02	2.747885e+00
1.882545e+14	8.250250e-02	2.547277e+00
1.882309e+14	6.895226e-02	2.345456e+00
1.882072e+14	5.591255e-02	2.142017e+00
1.881835e+14	4.373653e-02	1.936227e+00
1.881599e+14	3.271406e-02	1.726694e+00
1.881362e+14	2.306246e-02	1.510543e+00
1.881126e+14	1.492210e-02	1.280916e+00
1.880890e+14	8.360447e-03	1.016699e+00
1.880653e+14	3.416760e-03	6.087353e-01
1.880417e+14	1.194061e-03	-1.172534e+00
1.880181e+14	2.960806e-03	-2.232129e+00
1.879945e+14	4.181278e-03	-2.572604e+00
1.879709e+14	4.663097e-03	-2.834364e+00
1.879473e+14	4.668408e-03	-3.079657e+00
1.879237e+14	4.503609e-03	2.958785e+00
1.879001e+14	4.481740e-03	2.713418e+00
1.878765e+14	4.900015e-03	2.478630e+00
1.878529e+14	6.023251e-03	2.266607e+00
1.878294e+14	8.077857e-03	2.075346e+00
1.878058e+14	1.124541e-02	1.893807e+00
1.877822e+14	1.565036e-02	1.713671e+00
1.877587e+14	2.135019e-02	1.531559e+00
1.877351e+14	2.833098e-02	1.346805e+00
1.877116e+14	3.650678e-02	1.159696e+00
1.876881e+14	4.572203e-02	9.707360e-01
1.876645e+14	5.575703e-02	7.803962e-01
1.876410e+14	6.633631e-02	5.890666e-01
1.876175e+14	7.713969e-02	3.970558e-01
1.875940e+14	8.781545e-02	2.046048e-01
1.875705e+14	9.799487e-02	1.189761e-02
1.875470e+14	1.073072e-01	-1.809302e-01
1.875235e+14	1.153939e-01	-3.737878e-01
1.875000e+14	1.219220e-01	-5.666255e-01
("port 2","TE",1,"port 1",1,"modulation")
(1,1)
0.00000
(500,3)
2.000000e+14	9.999987e-01	-8.715263e-01
1.999733e+14	9.999820e-01	-1.093646e+00
1.999466e+14	9.999189e-01	-1.315796e+00
1.999199e+14	9.997687e-01	-1.537982e+00
1.998932e+14	9.994809e-01	-1.760199e+00
1.998665e+14	9.990014e-01	-1.982415e+00
1.998398e+14	9.982832e-01	-2.204574e+00
1.998131e+14	9.972978e-01	-2.426596e+00
1.997865e+14	9.960467e-01	-2.648383e+00
1.997598e+14	9.945700e-01	-2.869830e+00
1.997332e+14	9.929489e-01	-3.090844e+00
1.997065e+14	9.913021e-01	2.971828e+00
1.996799e+14	9.897752e-01	2.751839e+00
1.996532e+14	9.885241e-01	2.532346e+00
1.996266e+14	9.876955e-01	2.313262e+00
1.996000e+14	9.874058e-01	2.094448e+00
1.995734e+14	9.877229e-01	1.875721e+00
1.995468e+14	9.886518e-01	1.656876e+00
1.995202e+14	9.901271e-01	1.437709e+00
1.994936e+14	9.920133e-01	1.218042e+00
1.994670e+14	9.941149e-01	9.977502e-01
1.994404e+14	9.961959e-01	7.767828e-01
1.994139e+14	9.980071e-01	5.551749e-01
1.993873e+14	9.993193e-01	3.330495e-01
1.993608e+14	9.999566e-01	1.106060e-01
1.993342e+14	9.998234e-01	-1.119042e-01
1.993077e+14	9.989205e-01	-3.342102e-01
1.992812e+14	9.973456e-01	-5.560585e-01
1.992546e+14	9.952789e-01	-7.772464e-01
1.992281e+14	9.929561e-01	-9.976478e-01
1.992016e+14	9.906355e-01	-1.217226e+00
1.991751e+14	9.885634e-01	-1.436035e+00
1.991486e+14	9.869461e-01	-1.654205e+00
1.991221e+14	9.859278e-01	-1.871924e+00
1.990956e+14	9.855802e-01	-2.089411e+00
1.990691e+14	9.859001e-01	-2.306887e+00
1.990427e+14	9.868164e-01	-2.524550e+00
1.990162e+14	9.882045e-01	-2.742556e+00
1.989898e+14	9.899056e-01	-2.961003e+00
1.989633e+14	9.917488e-01	3.103260e+00
1.989369e+14	9.935727e-01	2.883887e+00
1.989104e+14	9.952445e-01	2.664133e+00
1.988840e+14	9.966721e-01	2.444101e+00
1.988576e+14	9.978089e-01	2.223905e+00
1.988312e+14	9.986513e-01	2.003655e+00
1.988048e+14	9.992295e-01	1.783437e+00
1.987784e+14	9.995941e-01	1.563315e+00
1.987520e+14	9.998033e-01	1.343321e+00
1.987256e+14	9.999113e-01	1.123463e+00
1.986992e+14	9.999610e-01	9.037318e-01
1.986729e+14	9.999812e-01	6.841087e-01
1.986465e+14	9.999882e-01	4.645728e-01
1.986201e+14	9.999897e-01	2.451057e-01
1.985938e+14	9.999891e-01	2.569174e-02
1.985674e+14	9.999892e-01	-1.936834e-01
1.985411e+14	9.999922e-01	-4.130366e-01
1.985148e+14	9.999976e-01	-6.323909e-01
1.984885e+14	9.999965e-01	-8.517762e-01
1.984622e+14	9.999649e-01	-1.071227e+00
1.984358e+14	9.998583e-01	-1.290775e+00
1.984095e+14	9.996099e-01	-1.510440e+00
1.983832e+14	9.991336e-01	-1.730214e+00
1.983570e+14	9.983344e-01	-1.950055e+00
1.983307e+14	9.971244e-01	-2.169875e+00
1.983044e+14	9.954429e-01	-2.389540e+00
1.982781e+14	9.932772e-01	-2.608885e+00
1.982519e+14	9.906785e-01	-2.827723e+00
1.982256e+14	9.877697e-01	-3.045881e+00
1.981994e+14	9.847416e-01	3.019966e+00
1.981732e+14	9.818375e-01	2.803517e+00
1.981469e+14	9.793280e-01	2.587942e+00
1.981207e+14	9.774793e-01	2.373128e+00
1.980945e+14	9.765199e-01	2.158864e+00
1.980683e+14	9.766096e-01	1.944854e+00
1.980421e+14	9.778125e-01	1.730749e+00
1.980159e+14	9.800785e-01	1.516174e+00
1.979897e+14	9.832341e-01	1.300775e+00
1.979635e+14	9.869864e-01	1.084266e+00
1.979373e+14	9.909426e-01	8.664687e-01
1.979112e+14	9.946477e-01	6.473507e-01
1.978850e+14	9.976382e-01	4.270451e-01
1.978588e+14	9.995077e-01	2.058472e-01
1.978327e+14	9.999722e-01	-1.581447e-02
1.978066e+14	9.989197e-01	-2.374314e-01
1.977804e+14	9.964333e-01	-4.584848e-01
1.977543e+14	9.927785e-01	-6.785176e-01
1.977282e+14	9.883608e-01	-8.971952e-01
1.977021e+14	9.836623e-01	-1.114345e+00
1.976760e+14	9.791742e-01	-1.329968e+00
1.976499e+14	9.753369e-01	-1.544227e+00
1.976238e+14	9.724951e-01	-1.757418e+00
1.975977e+14	9.708708e-01	-1.969922e+00
1.975716e+14	9.705530e-01	-2.182161e+00
1.975455e+14	9.715014e-01	-2.394547e+00
1.975195e+14	9.735606e-01	-2.607444e+00
1.974934e+14	9.764852e-01	-2.821129e+00
1.974674e+14	9.799717e-01	-3.035773e+00
1.974413e+14	9.836958e-01	3.031756e+00
1.974153e+14	9.873514e-01	2.815144e+00
1.973892e+14	9.906845e-01	2.597721e+00
1.973632e+14	9.935189e-01	2.379692e+00
1.973372e+14	9.957664e-01	2.161283e+00
1.973112e+14	9.974232e-01	1.942709e+00
1.972852e+14	9.985519e-01	1.724145e+00
1.972592e+14	9.992560e-01	1.505710e+00
1.972332e+14	9.996535e-01	1.287466e+00
1.972072e+14	9.998535e-01	1.069425e+00
1.971812e+14	9.999419e-01	8.515636e-01
1.971553e+14	9.999758e-01	6.338414e-01
1.971293e+14	9.999869e-01	4.162129e-01
1.971034e+14	9.999894e-01	1.986372e-01
1.970774e+14	9.999890e-01	-1.892064e-02
1.970515e+14	9.999898e-01	-2.364940e-01
1.970255e+14	9.999944e-01	-4.541230e-01
1.969996e+14	9.999983e-01	-6.718610e-01
1.969737e+14	9.999770e-01	-8.897776e-01
1.969478e+14	9.998716e-01	-1.107952e+00
1.969219e+14	9.995760e-01	-1.326460e+00
1.968960e+14	9.989313e-01	-1.545343e+00
1.968701e+14	9.977338e-01	-1.764588e+00
1.968442e+14	9.957581e-01	-1.984092e+00
1.968183e+14	9.927963e-01	-2.203650e+00
1.967924e+14	9.887063e-01	-2.422946e+00
1.967666e+14	9.834615e-01	-2.641583e+00
1.967407e+14	9.771878e-01	-2.859121e+00
1.967148e+14	9.701767e-01	-3.075144e+00
1.966890e+14	9.628709e-01	2.993864e+00
1.966632e+14	9.558225e-01	2.781710e+00
1.966373e+14	9.496356e-01	2.571565e+00
1.966115e+14	9.449018e-01	2.363194e+00
1.965857e+14	9.421393e-01	2.156149e+00
1.965599e+14	9.417396e-01	1.949792e+00
1.965341e+14	9.439207e-01	1.743333e+00
1.965083e+14	9.486853e-01	1.535895e+00
1.964825e+14	9.557814e-01	1.326583e+00
1.964567e+14	9.646712e-01	1.114585e+00
1.964309e+14	9.745192e-01	8.992795e-01
1.964051e+14	9.842228e-01	6.803567e-01
1.963794e+14	9.925087e-01	4.579275e-01
1.963536e+14	9.981086e-01	2.325878e-01
1.963279e+14	9.999951e-01	5.400533e-03
1.963021e+14	9.976161e-01	-2.222279e-01
1.962764e+14	9.910414e-01	-4.487620e-01
1.962507e+14	9.809589e-01	-6.727921e-01
1.962249e+14	9.685201e-01	-8.932552e-01
1.961992e+14	9.551017e-01	-1.109568e+00
1.961735e+14	9.420688e-01	-1.321653e+00
1.961478e+14	9.306014e-01	-1.529888e+00
1.961221e+14	9.216018e-01	-1.734994e+00
1.960964e+14	9.156665e-01	-1.937925e+00
1.960707e+14	9.130974e-01	-2.139755e+00
1.960450e+14	9.139263e-01	-2.341574e+00
1.960194e+14	9.179423e-01	-2.544411e+00
1.959937e+14	9.247169e-01	-2.749152e+00
1.959681e+14	9.336349e-01	-2.956475e+00
1.959424e+14	9.439369e-01	3.116387e+00
1.959168e+14	9.547851e-01	2.902943e+00
1.958911e+14	9.653510e-01	2.686552e+00
1.958655e+14	9.749167e-01	2.467647e+00
1.958399e+14	9.829663e-01	2.246839e+00
1.958143e+14	9.892424e-01	2.024809e+00
1.957886e+14	9.937498e-01	1.802194e+00
1.957630e+14	9.967049e-01	1.579499e+00
1.957374e+14	9.984505e-01	1.357043e+00
1.957119e+14	9.993623e-01	1.134954e+00
1.956863e+14	9.997730e-01	9.132063e-01
1.956607e+14	9.999280e-01	6.916687e-01
1.956351e+14	9.999760e-01	4.701653e-01
1.956096e+14	9.999879e-01	2.485159e-01
1.955840e+14	9.999891e-01	2.655446e-02
1.955585e+14	9.999895e-01	-1.958809e-01
1.955329e+14	9.999949e-01	-4.189781e-01
1.955074e+14	9.999886e-01	-6.429896e-01
1.954818e+14	9.998798e-01	-8.682584e-01
1.954563e+14	9.994240e-01	-1.095211e+00
1.954308e+14	9.981366e-01	-1.324301e+00
1.954053e+14	9.952296e-01	-1.555885e+00
1.953798e+14	9.896184e-01	-1.790048e+00
1.953543e+14	9.800464e-01	-2.026400e+00
1.953288e+14	9.653534e-01	-2.263912e+00
1.953033e+14	9.448446e-01	-2.500881e+00
1.952779e+14	9.186316e-01	-2.735091e+00
1.952524e+14	8.877738e-01	-2.964162e+00
1.952269e+14	8.541285e-01	3.097202e+00
1.952015e+14	8.199765e-01	2.884102e+00
1.951760e+14	7.876064e-01	2.680364e+00
1.951506e+14	7.590231e-01	2.485788e+00
1.951251e+14	7.358427e-01	2.299431e+00
1.950997e+14	7.193423e-01	2.119740e+00
1.950743e+14	7.105961e-01	1.944630e+00
1.950489e+14	7.106385e-01	1.771478e+00
1.950234e+14	7.206086e-01	1.597013e+00
1.949980e+14	7.418254e-01	1.417056e+00
1.949726e+14	7.756738e-01	1.226121e+00
1.949473e+14	8.229916e-01	1.016922e+00
1.949219e+14	8.822398e-01	7.801260e-01
1.948965e+14	9.453715e-01	5.055943e-01
1.948711e+14	9.921858e-01	1.877898e-01
1.948458e+14	9.927999e-01	-1.634376e-01
1.948204e+14	9.315079e-01	-5.176171e-01
1.947951e+14	8.273516e-01	-8.403313e-01
1.947697e+14	7.140784e-01	-1.115089e+00
1.947444e+14	6.130489e-01	-1.343833e+00
1.947190e+14	5.306556e-01	-1.535885e+00
1.946937e+14	4.659327e-01	-1.700715e+00
1.946684e+14	4.158305e-01	-1.845792e+00
1.946431e+14	3.773131e-01	-1.976565e+00
1.946178e+14	3.479244e-01	-2.096959e+00
1.945925e+14	3.258249e-01	-2.209844e+00
1.945672e+14	3.096884e-01	-2.317387e+00
1.945419e+14	2.985909e-01	-2.421292e+00
1.945166e+14	2.919211e-01	-2.522968e+00
1.944914e+14	2.893196e-01	-2.623655e+00
1.944661e+14	2.906419e-01	-2.724513e+00
1.944408e+14	2.959407e-01	-2.826703e+00
1.944156e+14	3.054671e-01	-2.931461e+00
1.943903e+14	3.196865e-01	-3.040181e+00
1.943651e+14	3.393097e-01	3.128678e+00
1.943399e+14	3.653337e-01	3.006732e+00
1.943146e+14	3.990810e-01	2.874644e+00
1.942894e+14	4.421992e-01	2.729210e+00
1.942642e+14	4.965346e-01	2.566400e+00
1.942390e+14	5.636844e-01	2.381344e+00
1.942138e+14	6.438973e-01	2.168762e+00
1.941886e+14	7.340507e-01	1.924378e+00
1.941634e+14	8.254136e-01	1.647780e+00
1.941382e+14	9.042597e-01	1.345690e+00
1.941131e+14	9.585600e-01	1.031934e+00
1.940879e+14	9.863113e-01	7.213850e-01
1.940627e+14	9.956129e-01	4.223821e-01
1.940376e+14	9.970350e-01	1.343556e-01
1.940124e+14	9.970289e-01	-1.493953e-01
1.939873e+14	9.954747e-01	-4.375231e-01
1.939622e+14	9.857408e-01	-7.365504e-01
1.939370e+14	9.572859e-01	-1.046742e+00
1.939119e+14	9.023379e-01	-1.359514e+00
1.938868e+14	8.232932e-01	-1.660038e+00
1.938617e+14	7.322615e-01	-1.934813e+00
1.938366e+14	6.427421e-01	-2.177453e+00
1.938115e+14	5.632094e-01	-2.388540e+00
1.937864e+14	4.966468e-01	-2.572369e+00
1.937613e+14	4.427675e-01	-2.734176e+00
1.937362e+14	3.999839e-01	-2.878770e+00
1.937112e+14	3.664731e-01	-3.010129e+00
1.936861e+14	3.406097e-01	-3.131413e+00
1.936611e+14	3.210885e-01	3.038071e+00
1.936360e+14	3.069237e-01	2.929967e+00
1.936110e+14	2.974106e-01	2.825837e+00
1.935859e+14	2.920851e-01	2.724308e+00
1.935609e+14	2.906927e-01	2.624164e+00
1.935359e+14	2.931719e-01	2.524266e+00
1.935109e+14	2.996523e-01	2.423483e+00
1.934858e+14	3.104692e-01	2.320613e+00
1.934608e+14	3.261976e-01	2.214297e+00
1.934358e+14	3.477071e-01	2.102906e+00
1.934109e+14	3.762428e-01	1.984383e+00
1.933859e+14	4.135269e-01	1.856026e+00
1.933609e+14	4.618533e-01	1.714170e+00
1.933359e+14	5.240673e-01	1.553759e+00
1.933110e+14	6.031032e-01	1.367895e+00
1.932860e+14	7.002483e-01	1.147764e+00
1.932610e+14	8.106803e-01	8.842813e-01
1.932361e+14	9.164117e-01	5.740187e-01
1.932112e+14	9.861069e-01	2.293996e-01
1.931862e+14	9.969729e-01	-1.188016e-01
1.931613e+14	9.581639e-01	-4.391477e-01
1.931364e+14	8.977128e-01	-7.181394e-01
1.931115e+14	8.376187e-01	-9.587498e-01
1.930865e+14	7.878345e-01	-1.170205e+00
1.930616e+14	7.509353e-01	-1.361742e+00
1.930368e+14	7.265060e-01	-1.540788e+00
1.930119e+14	7.132926e-01	-1.712973e+00
1.929870e+14	7.099982e-01	-1.882577e+00
1.929621e+14	7.154866e-01	-2.052927e+00
1.929372e+14	7.287556e-01	-2.226678e+00
1.929124e+14	7.488231e-01	-2.405961e+00
1.928875e+14	7.745836e-01	-2.592426e+00
1.928627e+14	8.046734e-01	-2.787202e+00
1.928378e+14	8.373855e-01	-2.990793e+00
1.928130e+14	8.706958e-01	3.080210e+00
1.927882e+14	9.024420e-01	2.860434e+00
1.927633e+14	9.306495e-01	2.634747e+00
1.927385e+14	9.539007e-01	2.405267e+00
1.927137e+14	9.715900e-01	2.174179e+00
1.926889e+14	9.839435e-01	1.943374e+00
1.926641e+14	9.918058e-01	1.714197e+00
1.926393e+14	9.963147e-01	1.487380e+00
1.926145e+14	9.985988e-01	1.263125e+00
1.925897e+14	9.995840e-01	1.041260e+00
1.925650e+14	9.999196e-01	8.214193e-01
1.925402e+14	9.999932e-01	6.031844e-01
1.925154e+14	9.999941e-01	3.861764e-01
1.924907e+14	9.999894e-01	1.700958e-01
1.924659e+14	9.999892e-01	-4.527835e-02
1.924412e+14	9.999875e-01	-2.601131e-01
1.924165e+14	9.999752e-01	-4.745550e-01
1.923917e+14	9.999285e-01	-6.887552e-01
1.923670e+14	9.997835e-01	-9.028765e-01
1.923423e+14	9.994089e-01	-1.117079e+00
1.923176e+14	9.985895e-01	-1.331483e+00
1.922929e+14	9.970335e-01	-1.546126e+00
1.922682e+14	9.944060e-01	-1.760911e+00
1.922435e+14	9.903902e-01	-1.975582e+00
1.922188e+14	9.847640e-01	-2.189719e+00
1.921941e+14	9.774745e-01	-2.402775e+00
1.921694e+14	9.686869e-01	-2.614144e+00
1.921448e+14	9.587945e-01	-2.823253e+00
1.921201e+14	9.483832e-01	-3.029655e+00
1.920955e+14	9.381626e-01	3.050082e+00
1.920708e+14	9.288831e-01	2.849590e+00
1.920462e+14	9.212572e-01	2.651801e+00
1.920215e+14	9.158970e-01	2.456222e+00
1.919969e+14	9.132717e-01	2.262160e+00
1.919723e+14	9.136784e-01	2.068773e+00
1.919477e+14	9.172218e-01	1.875125e+00
1.919231e+14	9.237933e-01	1.680254e+00
1.918985e+14	9.330512e-01	1.483240e+00
1.918739e+14	9.444025e-01	1.283290e+00
1.918493e+14	9.570017e-01	1.079830e+00
1.918247e+14	9.697823e-01	8.725933e-01
1.918001e+14	9.815418e-01	6.617020e-01
1.917756e+14	9.910877e-01	4.477018e-01
1.917510e+14	9.974284e-01	2.315329e-01
1.917264e+14	9.999610e-01	1.442043e-02
1.917019e+14	9.985947e-01	-2.023014e-01
1.916773e+14	9.937589e-01	-4.173911e-01
1.916528e+14	9.862965e-01	-6.298752e-01
1.916283e+14	9.772828e-01	-8.391562e-01
1.916037e+14	9.678348e-01	-1.045041e+00
1.915792e+14	9.589590e-01	-1.247702e+00
1.915547e+14	9.514583e-01	-1.447597e+00
1.915302e+14	9.458941e-01	-1.645375e+00
1.915057e+14	9.425863e-01	-1.841785e+00
1.914812e+14	9.416336e-01	-2.037596e+00
1.914567e+14	9.429427e-01	-2.233532e+00
1.914322e+14	9.462604e-01	-2.430222e+00
1.914077e+14	9.512077e-01	-2.628154e+00
1.913833e+14	9.573176e-01	-2.827655e+00
1.913588e+14	9.640782e-01	-3.028875e+00
1.913344e+14	9.709802e-01	3.051393e+00
1.913099e+14	9.775655e-01	2.846954e+00
1.912855e+14	9.834696e-01	2.641283e+00
1.912610e+14	9.884514e-01	2.434734e+00
1.912366e+14	9.924026e-01	2.227682e+00
1.912122e+14	9.953379e-01	2.020465e+00
1.911877e+14	9.973674e-01	1.813360e+00
1.911633e+14	9.986601e-01	1.606558e+00
1.911389e+14	9.994059e-01	1.400165e+00
1.911145e+14	9.997846e-01	1.194212e+00
1.910901e+14	9.999445e-01	9.886776e-01
1.910657e+14	9.999932e-01	7.835067e-01
1.910413e+14	9.999978e-01	5.786325e-01
1.910170e+14	9.999924e-01	3.739910e-01
1.909926e+14	9.999893e-01	1.695295e-01
1.909682e+14	9.999892e-01	-3.479230e-02
1.909439e+14	9.999892e-01	-2.390054e-01
1.909195e+14	9.999860e-01	-4.431372e-01
1.908952e+14	9.999742e-01	-6.472172e-01
1.908708e+14	9.999414e-01	-8.512794e-01
1.908465e+14	9.998610e-01	-1.055361e+00
1.908222e+14	9.996869e-01	-1.259497e+00
1.907979e+14	9.993510e-01	-1.463706e+00
1.907735e+14	9.987664e-01	-1.667986e+00
1.907492e+14	9.978372e-01	-1.872296e+00
1.907249e+14	9.964734e-01	-2.076551e+00
1.907006e+14	9.946099e-01	-2.280624e+00
1.906763e+14	9.922254e-01	-2.484352e+00
1.906521e+14	9.893577e-01	-2.687553e+00
1.906278e+14	9.861113e-01	-2.890047e+00
1.906035e+14	9.826554e-01	-3.091683e+00
1.905792e+14	9.792117e-01	2.990820e+00
1.905550e+14	9.760345e-01	2.791115e+00
1.905307e+14	9.733846e-01	2.592326e+00
1.905065e+14	9.715026e-01	2.394306e+00
1.904822e+14	9.705830e-01	2.196826e+00
1.904580e+14	9.707520e-01	1.999597e+00
1.904338e+14	9.720510e-01	1.802288e+00
1.904096e+14	9.744258e-01	1.604561e+00
1.903853e+14	9.777231e-01	1.406098e+00
1.903611e+14	9.816957e-01	1.206639e+00
1.903369e+14	9.860173e-01	1.006011e+00
1.903127e+14	9.903095e-01	8.041508e-01
1.902885e+14	9.941778e-01	6.011246e-01
1.902644e+14	9.972566e-01	3.971235e-01
1.902402e+14	9.992552e-01	1.924494e-01
1.902160e+14	9.999969e-01	-1.251741e-02
1.901918e+14	9.994436e-01	-2.173628e-01
1.901677e+14	9.976988e-01	-4.216886e-01
1.901435e+14	9.949906e-01	-6.251584e-01
1.901194e+14	9.916362e-01	-8.275332e-01
1.900952e+14	9.879982e-01	-1.028692e+00
1.900711e+14	9.844403e-01	-1.228634e+00
1.900470e+14	9.812883e-01	-1.427469e+00
1.900228e+14	9.788029e-01	-1.625397e+00
1.899987e+14	9.771616e-01	-1.822675e+00
1.899746e+14	9.764532e-01	-2.019593e+00
1.899505e+14	9.766792e-01	-2.216440e+00
1.899264e+14	9.777634e-01	-2.413478e+00
1.899023e+14	9.795661e-01	-2.610922e+00
1.898782e+14	9.819028e-01	-2.808924e+00
1.898542e+14	9.845652e-01	-3.007567e+00
1.898301e+14	9.873433e-01	3.076323e+00
1.898060e+14	9.900459e-01	2.876425e+00
1.897819e+14	9.925174e-01	2.676024e+00
1.897579e+14	9.946488e-01	2.475251e+00
1.897338e+14	9.963825e-01	2.274248e+00
1.897098e+14	9.977089e-01	2.073152e+00
1.896858e+14	9.986582e-01	1.872081e+00
1.896617e+14	9.992876e-01	1.671122e+00
1.896377e+14	9.996684e-01	1.470331e+00
1.896137e+14	9.998728e-01	1.269735e+00
1.895897e+14	9.999652e-01	1.069335e+00
1.895657e+14	9.999956e-01	8.691149e-01
1.895417e+14	9.999985e-01	6.690507e-01
1.895177e+14	9.999937e-01	4.691160e-01
1.894937e+14	9.999899e-01	2.692868e-01
1.894697e+14	9.999890e-01	6.954419e-02
1.894457e+14	9.999895e-01	-1.301262e-01
1.894217e+14	9.999895e-01	-3.297358e-01
1.893978e+14	9.999868e-01	-5.292953e-01
1.893738e+14	9.999782e-01	-7.288172e-01
1.893499e+14	9.999568e-01	-9.283160e-01
1.893259e+14	9.999091e-01	-1.127807e+00
1.893020e+14	9.998129e-01	-1.327305e+00
1.892780e+14	9.996365e-01	-1.526816e+00
1.892541e+14	9.993402e-01	-1.726336e+00
1.892302e+14	9.988808e-01	-1.925846e+00
1.892063e+14	9.982180e-01	-2.125306e+00
1.891824e+14	9.973221e-01	-2.324657e+00
1.891585e+14	9.961826e-01	-2.523825e+00
1.891346e+14	9.948149e-01	-2.722727e+00
1.891107e+14	9.932643e-01	-2.921280e+00
1.890868e+14	9.916062e-01	-3.119412e+00
1.890629e+14	9.899422e-01	2.966111e+00
1.890390e+14	9.883915e-01	2.768934e+00
1.890152e+14	9.870799e-01	2.572219e+00
1.889913e+14	9.861265e-01	2.375902e+00
1.889674e+14	9.856308e-01	2.179879e+00
1.889436e+14	9.856599e-01	1.984014e+00
1.889197e+14	9.862397e-01	1.788151e+00
1.888959e+14	9.873483e-01	1.592126e+00
1.888721e+14	9.889145e-01	1.395786e+00
1.888482e+14	9.908208e-01	1.199001e+00
1.888244e+14	9.929118e-01	1.001684e+00
1.888006e+14	9.950074e-01	8.037985e-01
1.887768e+14	9.969200e-01	6.053680e-01
1.887530e+14	9.984743e-01	4.064736e-01
1.887292e+14	9.995270e-01	2.072492e-01
1.887054e+14	9.999840e-01	7.867161e-03
1.886816e+14	9.998111e-01	-1.914793e-01
1.886578e+14	9.990385e-01	-3.905975e-01
1.886341e+14	9.977554e-01	-5.893161e-01
1.886103e+14	9.960989e-01	-7.875025e-01
1.885865e+14	9.942365e-01	-9.850754e-01
1.885628e+14	9.923473e-01	-1.182010e+00
1.885390e+14	9.906021e-01	-1.378337e+00
1.885153e+14	9.891481e-01	-1.574137e+00
1.884916e+14	9.880963e-01	-1.769527e+00
1.884678e+14	9.875148e-01	-1.964647e+00
1.884441e+14	9.874258e-01	-2.159644e+00
1.884204e+14	9.878084e-01	-2.354662e+00
1.883967e+14	9.886043e-01	-2.549822e+00
1.883730e+14	9.897266e-01	-2.745219e+00
1.883493e+14	9.910707e-01	-2.940913e+00
1.883256e+14	9.925263e-01	-3.136926e+00
1.883019e+14	9.939882e-01	2.949938e+00
1.882782e+14	9.953659e-01	2.753347e+00
1.882545e+14	9.965909e-01	2.556547e+00
1.882309e+14	9.976200e-01	2.359610e+00
1.882072e+14	9.984357e-01	2.162607e+00
1.881835e+14	9.990431e-01	1.965606e+00
1.881599e+14	9.994648e-01	1.768661e+00
1.881362e+14	9.997340e-01	1.571810e+00
1.881126e+14	9.998887e-01	1.375077e+00
1.880890e+14	9.999651e-01	1.178469e+00
1.880653e+14	9.999942e-01	9.819829e-01
1.880417e+14	9.999993e-01	7.856095e-01
1.880181e+14	9.999956e-01	5.893345e-01
1.879945e+14	9.999913e-01	3.931440e-01
1.879709e+14	9.999891e-01	1.970262e-01
1.879473e+14	9.999891e-01	9.715512e-04
1.879237e+14	9.999899e-01	-1.950268e-01
1.879001e+14	9.999900e-01	-3.909745e-01
1.878765e+14	9.999880e-01	-5.868771e-01
1.878529e+14	9.999819e-01	-7.827411e-01
1.878294e+14	9.999674e-01	-9.785742e-01
1.878058e+14	9.999368e-01	-1.174385e+00
1.877822e+14	9.998775e-01	-1.370180e+00
1.877587e+14	9.997721e-01	-1.565962e+00
1.877351e+14	9.995986e-01	-1.761731e+00
1.877116e+14	9.993334e-01	-1.957473e+00
1.876881e+14	9.989542e-01	-2.153167e+00
1.876645e+14	9.984444e-01	-2.348782e+00
1.876410e+14	9.977973e-01	-2.544277e+00
1.876175e+14	9.970203e-01	-2.739605e+00
1.875940e+14	9.961368e-01	-2.934721e+00
1.875705e+14	9.951869e-01	-3.129583e+00
1.875470e+14	9.942259e-01	2.959023e+00
1.875235e+14	9.933198e-01	2.764739e+00
1.875000e+14	9.925397e-01	2.570739e+00
("port 2","TE",1,"port 2",1,"modulation")
(1,1)
0.00000
(500,3)
2.000000e+14	1.588889e-03	-1.811212e+00
1.999733e+14	6.004230e-03	-1.328976e+00
1.999466e+14	1.273888e-02	-1.430997e+00
1.999199e+14	2.150591e-02	-1.606439e+00
1.998932e+14	3.221733e-02	-1.804232e+00
1.998665e+14	4.467835e-02	-2.011656e+00
1.998398e+14	5.857161e-02	-2.224019e+00
1.998131e+14	7.346512e-02	-2.439149e+00
1.997865e+14	8.883064e-02	-2.655868e+00
1.997598e+14	1.040695e-01	-2.873460e+00
1.997332e+14	1.185431e-01	-3.091460e+00
1.997065e+14	1.316060e-01	2.973624e+00
1.996799e+14	1.426362e-01	2.755606e+00
1.996532e+14	1.510631e-01	2.537756e+00
1.996266e+14	1.563895e-01	2.320068e+00
1.996000e+14	1.582083e-01	2.102468e+00
1.995734e+14	1.562164e-01	1.884825e+00
1.995468e+14	1.502253e-01	1.666984e+00
1.995202e+14	1.401728e-01	1.448794e+00
1.994936e+14	1.261337e-01	1.230148e+00
1.994670e+14	1.083308e-01	1.011035e+00
1.994404e+14	8.714229e-02	7.916380e-01
1.994139e+14	6.310226e-02	5.726050e-01
1.993873e+14	3.689008e-02	3.564895e-01
1.993608e+14	9.312611e-03	1.751350e-01
1.993342e+14	1.879055e-02	3.012618e+00
1.993077e+14	4.645242e-02	2.806534e+00
1.992812e+14	7.281318e-02	2.588686e+00
1.992546e+14	9.705641e-02	2.369218e+00
1.992281e+14	1.184824e-01	2.149677e+00
1.992016e+14	1.365334e-01	1.930512e+00
1.991751e+14	1.508056e-01	1.711830e+00
1.991486e+14	1.610512e-01	1.493570e+00
1.991221e+14	1.671716e-01	1.275572e+00
1.990956e+14	1.692088e-01	1.057625e+00
1.990691e+14	1.673351e-01	8.395003e-01
1.990427e+14	1.618438e-01	6.209776e-01
1.990162e+14	1.531398e-01	4.018684e-01
1.989898e+14	1.417279e-01	1.820254e-01
1.989633e+14	1.281965e-01	-3.865594e-02
1.989369e+14	1.131956e-01	-2.602487e-01
1.989104e+14	9.740809e-02	-4.828166e-01
1.988840e+14	8.151574e-02	-7.064464e-01
1.988576e+14	6.616239e-02	-9.312902e-01
1.988312e+14	5.191826e-02	-1.157613e+00
1.988048e+14	3.924860e-02	-1.385832e+00
1.987784e+14	2.848949e-02	-1.616507e+00
1.987520e+14	1.983229e-02	-1.850107e+00
1.987256e+14	1.331666e-02	-2.086009e+00
1.986992e+14	8.832290e-03	-2.319498e+00
1.986729e+14	6.130286e-03	-2.536825e+00
1.986465e+14	4.847932e-03	-2.720376e+00
1.986201e+14	4.534905e-03	-2.875593e+00
1.985938e+14	4.663560e-03	-3.026847e+00
1.985674e+14	4.657648e-03	3.106351e+00
1.985411e+14	3.952043e-03	2.994773e+00
1.985148e+14	2.172733e-03	-3.124373e+00
1.984885e+14	2.640772e-03	-1.476482e+00
1.984622e+14	8.381894e-03	-1.277685e+00
1.984358e+14	1.683362e-02	-1.399441e+00
1.984095e+14	2.792998e-02	-1.577071e+00
1.983832e+14	4.161786e-02	-1.773875e+00
1.983570e+14	5.769233e-02	-1.979457e+00
1.983307e+14	7.578236e-02	-2.189692e+00
1.983044e+14	9.535938e-02	-2.402552e+00
1.982781e+14	1.157601e-01	-2.616864e+00
1.982519e+14	1.362209e-01	-2.831865e+00
1.982256e+14	1.559201e-01	-3.047019e+00
1.981994e+14	1.740231e-01	3.021226e+00
1.981732e+14	1.897237e-01	2.806729e+00
1.981469e+14	2.022786e-01	2.592769e+00
1.981207e+14	2.110315e-01	2.379312e+00
1.980945e+14	2.154271e-01	2.166206e+00
1.980683e+14	2.150202e-01	1.953207e+00
1.980421e+14	2.094819e-01	1.740003e+00
1.980159e+14	1.986105e-01	1.526262e+00
1.979897e+14	1.823479e-01	1.311674e+00
1.979635e+14	1.608040e-01	1.096017e+00
1.979373e+14	1.342859e-01	8.792268e-01
1.979112e+14	1.033246e-01	6.615316e-01
1.978850e+14	6.868848e-02	4.438764e-01
1.978588e+14	3.137397e-02	2.313536e-01
1.978327e+14	7.461618e-03	3.070149e+00
1.978066e+14	4.646974e-02	2.903737e+00
1.977804e+14	8.438453e-02	2.687436e+00
1.977543e+14	1.199616e-01	2.469082e+00
1.977282e+14	1.521278e-01	2.251163e+00
1.977021e+14	1.800235e-01	2.034342e+00
1.976760e+14	2.030217e-01	1.818784e+00
1.976499e+14	2.207212e-01	1.604396e+00
1.976238e+14	2.329235e-01	1.390909e+00
1.975977e+14	2.396038e-01	1.177949e+00
1.975716e+14	2.408875e-01	9.650878e-01
1.975455e+14	2.370338e-01	7.518928e-01
1.975195e+14	2.284288e-01	5.379724e-01
1.974934e+14	2.155843e-01	3.230063e-01
1.974674e+14	1.991368e-01	1.067648e-01
1.974413e+14	1.798401e-01	-1.108884e-01
1.974153e+14	1.585473e-01	-3.300121e-01
1.973892e+14	1.361770e-01	-5.506224e-01
1.973632e+14	1.136673e-01	-7.727463e-01
1.973372e+14	9.191959e-02	-9.964932e-01
1.973112e+14	7.174190e-02	-1.222142e+00
1.972852e+14	5.379768e-02	-1.450245e+00
1.972592e+14	3.856683e-02	-1.681716e+00
1.972332e+14	2.632118e-02	-1.917790e+00
1.972072e+14	1.711417e-02	-2.159260e+00
1.971812e+14	1.078248e-02	-2.403019e+00
1.971553e+14	6.959911e-03	-2.632592e+00
1.971293e+14	5.115487e-03	-2.814635e+00
1.971034e+14	4.607931e-03	-2.943317e+00
1.970774e+14	4.688815e-03	-3.058840e+00
1.970515e+14	4.525377e-03	3.117671e+00
1.970255e+14	3.341501e-03	3.123812e+00
1.969996e+14	1.857937e-03	-2.057242e+00
1.969737e+14	6.786058e-03	-1.216137e+00
1.969478e+14	1.602323e-02	-1.260968e+00
1.969219e+14	2.911845e-02	-1.416242e+00
1.968960e+14	4.622052e-02	-1.603143e+00
1.968701e+14	6.728549e-02	-1.803440e+00
1.968442e+14	9.200928e-02	-2.010616e+00
1.968183e+14	1.198145e-01	-2.221634e+00
1.967924e+14	1.498663e-01	-2.434744e+00
1.967666e+14	1.811172e-01	-2.648743e+00
1.967407e+14	2.123771e-01	-2.862710e+00
1.967148e+14	2.423987e-01	-3.075921e+00
1.966890e+14	2.699624e-01	2.995340e+00
1.966632e+14	2.939444e-01	2.785020e+00
1.966373e+14	3.133563e-01	2.576387e+00
1.966115e+14	3.273539e-01	2.369280e+00
1.965857e+14	3.352217e-01	2.163303e+00
1.965599e+14	3.363430e-01	1.957860e+00
1.965341e+14	3.301722e-01	1.752197e+00
1.965083e+14	3.162218e-01	1.545465e+00
1.964825e+14	2.940780e-01	1.336804e+00
1.964567e+14	2.634569e-01	1.125440e+00
1.964309e+14	2.243042e-01	9.108142e-01
1.964051e+14	1.769336e-01	6.927515e-01
1.963794e+14	1.221742e-01	4.717521e-01
1.963536e+14	6.147601e-02	2.504115e-01
1.963279e+14	3.132417e-03	3.005272e+00
1.963021e+14	6.900810e-02	2.922765e+00
1.962764e+14	1.335548e-01	2.699545e+00
1.962507e+14	1.942155e-01	2.476557e+00
1.962249e+14	2.489355e-01	2.256501e+00
1.961992e+14	2.962782e-01	2.040296e+00
1.961735e+14	3.354197e-01	1.828127e+00
1.961478e+14	3.660341e-01	1.619659e+00
1.961221e+14	3.881368e-01	1.414183e+00
1.960964e+14	4.019389e-01	1.210743e+00
1.960707e+14	4.077415e-01	1.008256e+00
1.960450e+14	4.058801e-01	8.056093e-01
1.960194e+14	3.967140e-01	6.017456e-01
1.959937e+14	3.806554e-01	3.957364e-01
1.959681e+14	3.582260e-01	1.868452e-01
1.959424e+14	3.301259e-01	-2.542517e-02
1.959168e+14	2.972970e-01	-2.413080e-01
1.958911e+14	2.609549e-01	-4.607866e-01
1.958655e+14	2.225701e-01	-6.836576e-01
1.958399e+14	1.837861e-01	-9.096506e-01
1.958143e+14	1.462855e-01	-1.138604e+00
1.957886e+14	1.116304e-01	-1.370693e+00
1.957630e+14	8.111346e-02	-1.606724e+00
1.957374e+14	5.564799e-02	-1.848517e+00
1.957119e+14	3.570693e-02	-2.099318e+00
1.956863e+14	2.130486e-02	-2.363380e+00
1.956607e+14	1.200389e-02	-2.639370e+00
1.956351e+14	6.935363e-03	-2.890554e+00
1.956096e+14	4.921712e-03	-3.023372e+00
1.955840e+14	4.663226e-03	-3.049316e+00
1.955585e+14	4.581885e-03	-3.052845e+00
1.955329e+14	3.207508e-03	-2.780945e+00
1.955074e+14	4.773021e-03	-1.367327e+00
1.954818e+14	1.550680e-02	-1.126611e+00
1.954563e+14	3.393655e-02	-1.231331e+00
1.954308e+14	6.101922e-02	-1.407146e+00
1.954053e+14	9.756038e-02	-1.609785e+00
1.953798e+14	1.437201e-01	-1.826205e+00
1.953543e+14	1.987688e-01	-2.050808e+00
1.953288e+14	2.609461e-01	-2.280108e+00
1.953033e+14	3.275190e-01	-2.511100e+00
1.952779e+14	3.951152e-01	-2.740821e+00
1.952524e+14	4.602800e-01	-2.966435e+00
1.952269e+14	5.200621e-01	3.097646e+00
1.952015e+14	5.723972e-01	2.886718e+00
1.951760e+14	6.161787e-01	2.684742e+00
1.951506e+14	6.510637e-01	2.491612e+00
1.951251e+14	6.771526e-01	2.306454e+00
1.950997e+14	6.946558e-01	2.127767e+00
1.950743e+14	7.036001e-01	1.953503e+00
1.950489e+14	7.035573e-01	1.781071e+00
1.950234e+14	6.933421e-01	1.607225e+00
1.949980e+14	6.705931e-01	1.427806e+00
1.949726e+14	6.311340e-01	1.237354e+00
1.949473e+14	5.680536e-01	1.028611e+00
1.949219e+14	4.708003e-01	7.923066e-01
1.948965e+14	3.259950e-01	5.185004e-01
1.948711e+14	1.247688e-01	2.033222e-01
1.948458e+14	1.197844e-01	2.985932e+00
1.948204e+14	3.637212e-01	2.634611e+00
1.947951e+14	5.616844e-01	2.312458e+00
1.947697e+14	7.000657e-01	2.037909e+00
1.947444e+14	7.900450e-01	1.809227e+00
1.947190e+14	8.475875e-01	1.617146e+00
1.946937e+14	8.848202e-01	1.452211e+00
1.946684e+14	9.094421e-01	1.306964e+00
1.946431e+14	9.260858e-01	1.175953e+00
1.946178e+14	9.375226e-01	1.055251e+00
1.945925e+14	9.454301e-01	9.419793e-01
1.945672e+14	9.508381e-01	8.339632e-01
1.945419e+14	9.543812e-01	7.294855e-01
1.945166e+14	9.564424e-01	6.271181e-01
1.944914e+14	9.572325e-01	5.255991e-01
1.944661e+14	9.568319e-01	4.237381e-01
1.944408e+14	9.552063e-01	3.203343e-01
1.944156e+14	9.522026e-01	2.140974e-01
1.943903e+14	9.475234e-01	1.035611e-01
1.943651e+14	9.406747e-01	-1.302096e-02
1.943399e+14	9.308766e-01	-1.378050e-01
1.943146e+14	9.169157e-01	-2.735247e-01
1.942894e+14	8.969169e-01	-4.236961e-01
1.942642e+14	8.680169e-01	-5.928366e-01
1.942390e+14	8.259902e-01	-7.866050e-01
1.942138e+14	7.651120e-01	-1.011626e+00
1.941886e+14	6.790947e-01	-1.274617e+00
1.941634e+14	5.645284e-01	-1.580795e+00
1.941382e+14	4.269830e-01	-1.933893e+00
1.941131e+14	2.848908e-01	-2.345856e+00
1.940879e+14	1.648937e-01	-2.872700e+00
1.940627e+14	9.356843e-02	2.631084e+00
1.940376e+14	7.694956e-02	1.815911e+00
1.940124e+14	7.702834e-02	1.543386e+00
1.939873e+14	9.502697e-02	1.792873e+00
1.939622e+14	1.682707e-01	1.963216e+00
1.939370e+14	2.891430e-01	1.862959e+00
1.939119e+14	4.310293e-01	1.646013e+00
1.938868e+14	5.676164e-01	1.395516e+00
1.938617e+14	6.810236e-01	1.149864e+00
1.938366e+14	7.660826e-01	9.255987e-01
1.938115e+14	8.263142e-01	7.268257e-01
1.937864e+14	8.679527e-01	5.516392e-01
1.937613e+14	8.966364e-01	3.961241e-01
1.937362e+14	9.165221e-01	2.562460e-01
1.937112e+14	9.304286e-01	1.285077e-01
1.936861e+14	9.402048e-01	1.005865e-02
1.936611e+14	9.470492e-01	-1.013859e-01
1.936360e+14	9.517341e-01	-2.076702e-01
1.936110e+14	9.547497e-01	-3.103163e-01
1.935859e+14	9.563923e-01	-4.106249e-01
1.935609e+14	9.568165e-01	-5.097589e-01
1.935359e+14	9.560597e-01	-6.088162e-01
1.935109e+14	9.540485e-01	-7.088985e-01
1.934858e+14	9.505834e-01	-8.111846e-01
1.934608e+14	9.453016e-01	-9.170162e-01
1.934358e+14	9.376032e-01	-1.028009e+00
1.934109e+14	9.265211e-01	-1.146210e+00
1.933859e+14	9.104919e-01	-1.274313e+00
1.933609e+14	8.869563e-01	-1.415981e+00
1.933359e+14	8.516769e-01	-1.576265e+00
1.933110e+14	7.976632e-01	-1.762068e+00
1.932860e+14	7.138993e-01	-1.982217e+00
1.932610e+14	5.854891e-01	-2.245830e+00
1.932361e+14	4.002369e-01	-2.556458e+00
1.932112e+14	1.661118e-01	-2.902530e+00
1.931862e+14	7.775045e-02	-1.021020e-01
1.931613e+14	2.862199e-01	-4.262131e-01
1.931364e+14	4.405811e-01	-7.059101e-01
1.931115e+14	5.462553e-01	-9.469734e-01
1.930865e+14	6.158870e-01	-1.158847e+00
1.930616e+14	6.603758e-01	-1.350827e+00
1.930368e+14	6.871601e-01	-1.530368e+00
1.930119e+14	7.008664e-01	-1.703124e+00
1.929870e+14	7.042035e-01	-1.873391e+00
1.929621e+14	6.986264e-01	-2.044518e+00
1.929372e+14	6.847738e-01	-2.219187e+00
1.929124e+14	6.627700e-01	-2.399560e+00
1.928875e+14	6.324715e-01	-2.587331e+00
1.928627e+14	5.937178e-01	-2.783682e+00
1.928378e+14	5.466127e-01	-2.989196e+00
1.928130e+14	4.918220e-01	3.079433e+00
1.927882e+14	4.308113e-01	2.856684e+00
1.927633e+14	3.659119e-01	2.627208e+00
1.927385e+14	3.001225e-01	2.392798e+00
1.927137e+14	2.366702e-01	2.155131e+00
1.926889e+14	1.784804e-01	1.915255e+00
1.926641e+14	1.277547e-01	1.673044e+00
1.926393e+14	8.577340e-02	1.426414e+00
1.926145e+14	5.291983e-02	1.169481e+00
1.925897e+14	2.884060e-02	8.862263e-01
1.925650e+14	1.267936e-02	5.188427e-01
1.925402e+14	3.691928e-03	-3.289558e-01
1.925154e+14	3.446556e-03	-2.116473e+00
1.924907e+14	4.612115e-03	-2.731450e+00
1.924659e+14	4.652345e-03	3.124793e+00
1.924412e+14	4.997505e-03	2.721930e+00
1.924165e+14	7.045780e-03	2.431607e+00
1.923917e+14	1.195872e-02	2.252331e+00
1.923670e+14	2.080535e-02	2.094971e+00
1.923423e+14	3.437917e-02	1.924935e+00
1.923176e+14	5.309383e-02	1.740747e+00
1.922929e+14	7.696869e-02	1.546598e+00
1.922682e+14	1.056254e-01	1.346024e+00
1.922435e+14	1.383016e-01	1.141493e+00
1.922188e+14	1.738959e-01	9.347919e-01
1.921941e+14	2.110537e-01	7.273244e-01
1.921694e+14	2.482855e-01	5.202443e-01
1.921448e+14	2.841005e-01	3.144855e-01
1.921201e+14	3.171267e-01	1.107399e-01
1.920955e+14	3.461949e-01	-9.057628e-02
1.920708e+14	3.703729e-01	-2.893410e-01
1.920462e+14	3.889540e-01	-4.857217e-01
1.920215e+14	4.014133e-01	-6.801478e-01
1.919969e+14	4.073510e-01	-8.732654e-01
1.919723e+14	4.064378e-01	-1.065883e+00
1.919477e+14	3.983769e-01	-1.258911e+00
1.919231e+14	3.828914e-01	-1.453294e+00
1.918985e+14	3.597436e-01	-1.649943e+00
1.918739e+14	3.287916e-01	-1.849648e+00
1.918493e+14	2.900822e-01	-2.052994e+00
1.918247e+14	2.439718e-01	-2.260277e+00
1.918001e+14	1.912476e-01	-2.471459e+00
1.917756e+14	1.332107e-01	-2.686242e+00
1.917510e+14	7.167066e-02	-2.904827e+00
1.917264e+14	8.827148e-03	3.123613e+00
1.917019e+14	5.299610e-02	-1.847650e-01
1.916773e+14	1.115491e-01	-4.037417e-01
1.916528e+14	1.649827e-01	-6.175197e-01
1.916283e+14	2.119396e-01	-8.275635e-01
1.916037e+14	2.515864e-01	-1.034049e+00
1.915792e+14	2.835446e-01	-1.237269e+00
1.915547e+14	3.077777e-01	-1.437737e+00
1.915302e+14	3.244755e-01	-1.636137e+00
1.915057e+14	3.339628e-01	-1.833243e+00
1.914812e+14	3.366397e-01	-2.029849e+00
1.914567e+14	3.329551e-01	-2.226705e+00
1.914322e+14	3.234057e-01	-2.424469e+00
1.914077e+14	3.085512e-01	-2.623670e+00
1.913833e+14	2.890380e-01	-2.824682e+00
1.913588e+14	2.656185e-01	-3.027720e+00
1.913344e+14	2.391599e-01	3.050335e+00
1.913099e+14	2.106318e-01	2.843164e+00
1.912855e+14	1.810731e-01	2.634070e+00
1.912610e+14	1.515381e-01	2.423149e+00
1.912366e+14	1.230325e-01	2.210381e+00
1.912122e+14	9.644894e-02	1.995474e+00
1.911877e+14	7.251352e-02	1.777624e+00
1.911633e+14	5.175038e-02	1.555030e+00
1.911389e+14	3.446657e-02	1.323672e+00
1.911145e+14	2.075685e-02	1.073452e+00
1.910901e+14	1.053339e-02	7.711003e-01
1.910657e+14	3.677729e-03	2.196429e-01
1.910413e+14	2.099355e-03	-1.703191e+00
1.910170e+14	3.893374e-03	-2.463446e+00
1.909926e+14	4.629018e-03	-2.818039e+00
1.909682e+14	4.652894e-03	-3.124257e+00
1.909439e+14	4.647617e-03	2.855704e+00
1.909195e+14	5.290366e-03	2.574901e+00
1.908952e+14	7.176681e-03	2.348533e+00
1.908708e+14	1.082553e-02	2.162886e+00
1.908465e+14	1.667224e-02	1.987825e+00
1.908222e+14	2.502209e-02	1.809273e+00
1.907979e+14	3.602283e-02	1.624627e+00
1.907735e+14	4.965560e-02	1.434788e+00
1.907492e+14	6.573379e-02	1.241143e+00
1.907249e+14	8.390932e-02	1.044865e+00
1.907006e+14	1.036879e-01	8.468554e-01
1.906763e+14	1.244537e-01	6.478122e-01
1.906521e+14	1.455035e-01	4.482851e-01
1.906278e+14	1.660856e-01	2.487094e-01
1.906035e+14	1.854410e-01	4.941575e-02
1.905792e+14	2.028407e-01	-1.493694e-01
1.905550e+14	2.176158e-01	-3.475283e-01
1.905307e+14	2.291776e-01	-5.450532e-01
1.905065e+14	2.370287e-01	-7.420410e-01
1.904822e+14	2.407669e-01	-9.386815e-01
1.904580e+14	2.400847e-01	-1.135237e+00
1.904338e+14	2.347699e-01	-1.332019e+00
1.904096e+14	2.247096e-01	-1.529355e+00
1.903853e+14	2.098989e-01	-1.727559e+00
1.903611e+14	1.904564e-01	-1.926898e+00
1.903369e+14	1.666428e-01	-2.127571e+00
1.903127e+14	1.388780e-01	-2.329702e+00
1.902885e+14	1.077523e-01	-2.533376e+00
1.902644e+14	7.402220e-02	-2.738859e+00
1.902402e+14	3.858826e-02	-2.948026e+00
1.902160e+14	2.474558e-03	2.992773e+00
1.901918e+14	3.335497e-02	-1.961885e-01
1.901677e+14	6.780165e-02	-4.061890e-01
1.901435e+14	9.996849e-02	-6.115953e-01
1.901194e+14	1.290646e-01	-8.150651e-01
1.900952e+14	1.544652e-01	-1.017028e+00
1.900711e+14	1.757195e-01	-1.217668e+00
1.900470e+14	1.925440e-01	-1.417178e+00
1.900228e+14	2.048047e-01	-1.615803e+00
1.899987e+14	2.124975e-01	-1.813835e+00
1.899746e+14	2.157293e-01	-2.011591e+00
1.899505e+14	2.147036e-01	-2.209388e+00
1.899264e+14	2.097109e-01	-2.407520e+00
1.899023e+14	2.011224e-01	-2.606237e+00
1.898782e+14	1.893858e-01	-2.805741e+00
1.898542e+14	1.750184e-01	-3.006173e+00
1.898301e+14	1.585976e-01	3.075556e+00
1.898060e+14	1.407448e-01	2.873014e+00
1.897819e+14	1.221037e-01	2.669325e+00
1.897579e+14	1.033138e-01	2.464385e+00
1.897338e+14	8.498180e-02	2.257977e+00
1.897098e+14	6.765294e-02	2.049664e+00
1.896858e+14	5.178695e-02	1.838589e+00
1.896617e+14	3.773952e-02	1.623038e+00
1.896377e+14	2.575154e-02	1.399334e+00
1.896137e+14	1.594703e-02	1.158296e+00
1.895897e+14	8.345898e-03	8.693875e-01
1.895657e+14	2.967791e-03	3.450034e-01
1.895417e+14	1.738722e-03	-1.658559e+00
1.895177e+14	3.550889e-03	-2.385837e+00
1.894937e+14	4.487480e-03	-2.712134e+00
1.894697e+14	4.694214e-03	-2.984344e+00
1.894457e+14	4.582203e-03	3.033863e+00
1.894217e+14	4.590346e-03	2.768747e+00
1.893978e+14	5.138264e-03	2.519027e+00
1.893738e+14	6.598507e-03	2.302081e+00
1.893499e+14	9.292041e-03	2.111970e+00
1.893259e+14	1.347986e-02	1.931834e+00
1.893020e+14	1.934181e-02	1.751450e+00
1.892780e+14	2.696164e-02	1.567662e+00
1.892541e+14	3.632089e-02	1.380336e+00
1.892302e+14	4.729824e-02	1.190148e+00
1.892063e+14	5.967325e-02	9.978335e-01
1.891824e+14	7.313478e-02	8.040125e-01
1.891585e+14	8.729408e-02	6.091736e-01
1.891346e+14	1.017023e-01	4.136996e-01
1.891107e+14	1.158710e-01	2.178891e-01
1.890868e+14	1.292947e-01	2.196967e-02
1.890629e+14	1.414724e-01	-1.738963e-01
1.890390e+14	1.519285e-01	-3.696087e-01
1.890152e+14	1.602290e-01	-5.651284e-01
1.889913e+14	1.659954e-01	-7.604736e-01
1.889674e+14	1.689141e-01	-9.557138e-01
1.889436e+14	1.687441e-01	-1.150960e+00
1.889197e+14	1.653217e-01	-1.346353e+00
1.888959e+14	1.585666e-01	-1.542047e+00
1.888721e+14	1.484864e-01	-1.738198e+00
1.888482e+14	1.351822e-01	-1.934946e+00
1.888244e+14	1.188536e-01	-2.132413e+00
1.888006e+14	9.980129e-02	-2.330711e+00
1.887768e+14	7.842552e-02	-2.529996e+00
1.887530e+14	5.521912e-02	-2.730697e+00
1.887292e+14	3.075299e-02	-2.934881e+00
1.887054e+14	5.660491e-03	3.099435e+00
1.886816e+14	1.943374e-02	-1.634514e-01
1.886578e+14	4.384207e-02	-3.725617e-01
1.886341e+14	6.696434e-02	-5.742112e-01
1.886103e+14	8.824438e-02	-7.739223e-01
1.885865e+14	1.072086e-01	-9.725360e-01
1.885628e+14	1.234784e-01	-1.170315e+00
1.885390e+14	1.367755e-01	-1.367413e+00
1.885153e+14	1.469221e-01	-1.563975e+00
1.884916e+14	1.538363e-01	-1.760159e+00
1.884678e+14	1.575262e-01	-1.956139e+00
1.884441e+14	1.580830e-01	-2.152091e+00
1.884204e+14	1.556743e-01	-2.348189e+00
1.883967e+14	1.505375e-01	-2.544591e+00
1.883730e+14	1.429733e-01	-2.741434e+00
1.883493e+14	1.333373e-01	-2.938832e+00
1.883256e+14	1.220305e-01	-3.136882e+00
1.883019e+14	1.094873e-01	2.947514e+00
1.882782e+14	9.616000e-02	2.747885e+00
1.882545e+14	8.250250e-02	2.547277e+00
1.882309e+14	6.895226e-02	2.345456e+00
1.882072e+14	5.591255e-02	2.142017e+00
1.881835e+14	4.373653e-02	1.936227e+00
1.881599e+14	3.271406e-02	1.726694e+00
1.881362e+14	2.306246e-02	1.510543e+00
1.881126e+14	1.492210e-02	1.280916e+00
1.880890e+14	8.360447e-03	1.016699e+00
1.880653e+14	3.416760e-03	6.087353e-01
1.880417e+14	1.194061e-03	-1.172534e+00
1.880181e+14	2.960806e-03	-2.232129e+00
1.879945e+14	4.181278e-03	-2.572604e+00
1.879709e+14	4.663097e-03	-2.834364e+00
1.879473e+14	4.668408e-03	-3.079657e+00
1.879237e+14	4.503609e-03	2.958785e+00
1.879001e+14	4.481740e-03	2.713418e+00
1.878765e+14	4.900015e-03	2.478630e+00
1.878529e+14	6.023251e-03	2.266607e+00
1.878294e+14	8.077857e-03	2.075346e+00
1.878058e+14	1.124541e-02	1.893807e+00
1.877822e+14	1.565036e-02	1.713671e+00
1.877587e+14	2.135019e-02	1.531559e+00
1.877351e+14	2.833098e-02	1.346805e+00
1.877116e+14	3.650678e-02	1.159696e+00
1.876881e+14	4.572203e-02	9.707360e-01
1.876645e+14	5.575703e-02	7.803962e-01
1.876410e+14	6.633631e-02	5.890666e-01
1.876175e+14	7.713969e-02	3.970558e-01
1.875940e+14	8.781545e-02	2.046048e-01
1.875705e+14	9.799487e-02	1.189761e-02
1.875470e+14	1.073072e-01	-1.809302e-01
1.875235e+14	1.153939e-01	-3.737878e-01
1.875000e+14	1.219220e-01	-5.666255e-01
