("port 1","TE",1,"port 1",1,"modulation")
(1,1)
0.00021
(500,3)
2.000000e+14	3.764669e-03	-5.032888e-01
1.999733e+14	3.089633e-03	-7.303726e-01
1.999466e+14	2.074540e-03	-9.548531e-01
1.999199e+14	9.421995e-04	-1.167180e+00
1.998932e+14	1.562476e-04	1.525933e+00
1.998665e+14	1.136573e-03	1.459070e+00
1.998398e+14	2.016650e-03	1.241124e+00
1.998131e+14	2.888876e-03	1.016553e+00
1.997865e+14	3.924935e-03	7.905516e-01
1.997598e+14	5.360605e-03	5.640923e-01
1.997332e+14	7.477230e-03	3.372481e-01
1.997065e+14	1.057904e-02	1.099239e-01
1.996799e+14	1.496757e-02	-1.178976e-01
1.996532e+14	2.091461e-02	-3.461508e-01
1.996266e+14	2.863530e-02	-5.747442e-01
1.996000e+14	3.826282e-02	-8.035917e-01
1.995734e+14	4.982654e-02	-1.032615e+00
1.995468e+14	6.323537e-02	-1.261734e+00
1.995202e+14	7.826814e-02	-1.490855e+00
1.994936e+14	9.457283e-02	-1.719865e+00
1.994670e+14	1.116756e-01	-1.948632e+00
1.994404e+14	1.289998e-01	-2.177014e+00
1.994139e+14	1.458935e-01	-2.404871e+00
1.993873e+14	1.616628e-01	-2.632088e+00
1.993608e+14	1.756067e-01	-2.858594e+00
1.993342e+14	1.870507e-01	-3.084380e+00
1.993077e+14	1.953753e-01	2.973673e+00
1.992812e+14	2.000382e-01	2.749050e+00
1.992546e+14	2.005930e-01	2.524722e+00
1.992281e+14	1.967041e-01	2.300420e+00
1.992016e+14	1.881630e-01	2.075849e+00
1.991751e+14	1.749078e-01	1.850724e+00
1.991486e+14	1.570464e-01	1.624805e+00
1.991221e+14	1.348812e-01	1.397940e+00
1.990956e+14	1.089308e-01	1.170094e+00
1.990691e+14	7.993901e-02	9.413761e-01
1.990427e+14	4.886467e-02	7.120701e-01
1.990162e+14	1.684469e-02	4.830530e-01
1.989898e+14	1.486811e-02	-2.891010e+00
1.989633e+14	4.498453e-02	-3.119474e+00
1.989369e+14	7.226238e-02	2.935196e+00
1.989104e+14	9.557830e-02	2.707491e+00
1.988840e+14	1.139780e-01	2.480716e+00
1.988576e+14	1.267024e-01	2.254777e+00
1.988312e+14	1.331941e-01	2.029429e+00
1.988048e+14	1.330956e-01	1.804318e+00
1.987784e+14	1.262476e-01	1.579043e+00
1.987520e+14	1.126975e-01	1.353220e+00
1.987256e+14	9.271801e-02	1.126559e+00
1.986992e+14	6.683347e-02	8.989581e-01
1.986729e+14	3.584151e-02	6.708027e-01
1.986465e+14	8.172691e-04	5.109295e-01
1.986201e+14	3.692806e-02	-2.934017e+00
1.985938e+14	7.589809e-02	3.119792e+00
1.985674e+14	1.145375e-01	2.890497e+00
1.985411e+14	1.513407e-01	2.662247e+00
1.985148e+14	1.849614e-01	2.435548e+00
1.984885e+14	2.142874e-01	2.210666e+00
1.984622e+14	2.384720e-01	1.987642e+00
1.984358e+14	2.569280e-01	1.766299e+00
1.984095e+14	2.692968e-01	1.546280e+00
1.983832e+14	2.754096e-01	1.327100e+00
1.983570e+14	2.752538e-01	1.108203e+00
1.983307e+14	2.689543e-01	8.890219e-01
1.983044e+14	2.567707e-01	6.690436e-01
1.982781e+14	2.391099e-01	4.478576e-01
1.982519e+14	2.165453e-01	2.252002e-01
1.982256e+14	1.898345e-01	9.808955e-04
1.981994e+14	1.599214e-01	-2.247119e-01
1.981732e+14	1.279154e-01	-4.516271e-01
1.981469e+14	9.504188e-02	-6.793883e-01
1.981207e+14	6.256872e-02	-9.075330e-01
1.980945e+14	3.172031e-02	-1.135461e+00
1.980683e+14	3.595622e-03	-1.357240e+00
1.980421e+14	2.089625e-02	1.548671e+00
1.980159e+14	4.107356e-02	1.322493e+00
1.979897e+14	5.649520e-02	1.096565e+00
1.979635e+14	6.695256e-02	8.711158e-01
1.979373e+14	7.244986e-02	6.460407e-01
1.979112e+14	7.317937e-02	4.211704e-01
1.978850e+14	6.949554e-02	1.963378e-01
1.978588e+14	6.188934e-02	-2.858283e-02
1.978327e+14	5.096140e-02	-2.536450e-01
1.978066e+14	3.739216e-02	-4.787838e-01
1.977804e+14	2.190779e-02	-7.036003e-01
1.977543e+14	5.242328e-03	-9.228483e-01
1.977282e+14	1.190283e-02	1.980478e+00
1.977021e+14	2.889481e-02	1.756926e+00
1.976760e+14	4.520395e-02	1.531854e+00
1.976499e+14	6.042569e-02	1.306680e+00
1.976238e+14	7.429388e-02	1.081633e+00
1.975977e+14	8.668277e-02	8.567743e-01
1.975716e+14	9.759914e-02	6.321055e-01
1.975455e+14	1.071661e-01	4.076001e-01
1.975195e+14	1.156002e-01	1.832213e-01
1.974934e+14	1.231842e-01	-4.106736e-02
1.974674e+14	1.302361e-01	-2.652938e-01
1.974413e+14	1.370771e-01	-4.894724e-01
1.974153e+14	1.439994e-01	-7.136007e-01
1.973892e+14	1.512365e-01	-9.376587e-01
1.973632e+14	1.589370e-01	-1.161608e+00
1.973372e+14	1.671447e-01	-1.385394e+00
1.973112e+14	1.757862e-01	-1.608948e+00
1.972852e+14	1.846670e-01	-1.832193e+00
1.972592e+14	1.934771e-01	-2.055050e+00
1.972332e+14	2.018045e-01	-2.277453e+00
1.972072e+14	2.091565e-01	-2.499357e+00
1.971812e+14	2.149855e-01	-2.720757e+00
1.971553e+14	2.187172e-01	-2.941695e+00
1.971293e+14	2.197796e-01	3.120908e+00
1.971034e+14	2.176309e-01	2.900518e+00
1.970774e+14	2.117869e-01	2.680096e+00
1.970515e+14	2.018494e-01	2.459382e+00
1.970255e+14	1.875372e-01	2.238100e+00
1.969996e+14	1.687215e-01	2.015996e+00
1.969737e+14	1.454653e-01	1.792882e+00
1.969478e+14	1.180631e-01	1.568671e+00
1.969219e+14	8.707345e-02	1.343426e+00
1.968960e+14	5.333353e-02	1.117410e+00
1.968701e+14	1.794438e-02	8.915761e-01
1.968442e+14	1.777867e-02	-2.479576e+00
1.968183e+14	5.238748e-02	-2.705134e+00
1.967924e+14	8.440124e-02	-2.930609e+00
1.967666e+14	1.124036e-01	3.128121e+00
1.967407e+14	1.351180e-01	2.904885e+00
1.967148e+14	1.514510e-01	2.682796e+00
1.966890e+14	1.605044e-01	2.461550e+00
1.966632e+14	1.615699e-01	2.240648e+00
1.966373e+14	1.541232e-01	2.019464e+00
1.966115e+14	1.378379e-01	1.797333e+00
1.965857e+14	1.126301e-01	1.573673e+00
1.965599e+14	7.873870e-02	1.348151e+00
1.965341e+14	3.682714e-02	1.121261e+00
1.965083e+14	1.192637e-02	-2.258543e+00
1.964825e+14	6.579641e-02	-2.484539e+00
1.964567e+14	1.225880e-01	-2.715372e+00
1.964309e+14	1.798295e-01	-2.945499e+00
1.964051e+14	2.350502e-01	3.109783e+00
1.963794e+14	2.860564e-01	2.885243e+00
1.963536e+14	3.311236e-01	2.664802e+00
1.963279e+14	3.690586e-01	2.448731e+00
1.963021e+14	3.991462e-01	2.236831e+00
1.962764e+14	4.210233e-01	2.028494e+00
1.962507e+14	4.345354e-01	1.822792e+00
1.962249e+14	4.396118e-01	1.618576e+00
1.961992e+14	4.361802e-01	1.414569e+00
1.961735e+14	4.241313e-01	1.209456e+00
1.961478e+14	4.033349e-01	1.001983e+00
1.961221e+14	3.737133e-01	7.910593e-01
1.960964e+14	3.353703e-01	5.758739e-01
1.960707e+14	2.887646e-01	3.560234e-01
1.960450e+14	2.348918e-01	1.316193e-01
1.960194e+14	1.754127e-01	-9.665589e-02
1.959937e+14	1.126516e-01	-3.275630e-01
1.959681e+14	4.941723e-02	-5.591611e-01
1.959424e+14	1.132747e-02	2.342944e+00
1.959168e+14	6.684159e-02	2.117582e+00
1.958911e+14	1.149031e-01	1.890222e+00
1.958655e+14	1.539386e-01	1.665556e+00
1.958399e+14	1.829957e-01	1.443624e+00
1.958143e+14	2.016168e-01	1.223881e+00
1.957886e+14	2.096899e-01	1.005462e+00
1.957630e+14	2.073342e-01	7.873564e-01
1.957374e+14	1.948451e-01	5.685655e-01
1.957119e+14	1.727039e-01	3.482403e-01
1.956863e+14	1.416369e-01	1.258088e-01
1.956607e+14	1.026962e-01	-9.890519e-02
1.956351e+14	5.732164e-02	-3.254639e-01
1.956096e+14	7.340071e-03	-5.453931e-01
1.955840e+14	4.512813e-02	2.354767e+00
1.955585e+14	9.784605e-02	2.126259e+00
1.955329e+14	1.486903e-01	1.898315e+00
1.955074e+14	1.958554e-01	1.672232e+00
1.954818e+14	2.379873e-01	1.448611e+00
1.954563e+14	2.742212e-01	1.227659e+00
1.954308e+14	3.041400e-01	1.009260e+00
1.954053e+14	3.276881e-01	7.930475e-01
1.953798e+14	3.450755e-01	5.784928e-01
1.953543e+14	3.566939e-01	3.649905e-01
1.953288e+14	3.630563e-01	1.519335e-01
1.953033e+14	3.647575e-01	-6.122937e-02
1.952779e+14	3.624505e-01	-2.749517e-01
1.952524e+14	3.568304e-01	-4.895651e-01
1.952269e+14	3.486177e-01	-7.052713e-01
1.952015e+14	3.385360e-01	-9.221476e-01
1.951760e+14	3.272817e-01	-1.140164e+00
1.951506e+14	3.154859e-01	-1.359208e+00
1.951251e+14	3.036737e-01	-1.579116e+00
1.950997e+14	2.922246e-01	-1.799696e+00
1.950743e+14	2.813424e-01	-2.020759e+00
1.950489e+14	2.710373e-01	-2.242139e+00
1.950234e+14	2.611240e-01	-2.463707e+00
1.949980e+14	2.512363e-01	-2.685383e+00
1.949726e+14	2.408559e-01	-2.907150e+00
1.949473e+14	2.293529e-01	-3.129055e+00
1.949219e+14	2.160361e-01	2.931974e+00
1.948965e+14	2.002088e-01	2.709391e+00
1.948711e+14	1.812321e-01	2.486167e+00
1.948458e+14	1.585926e-01	2.262072e+00
1.948204e+14	1.319772e-01	2.036914e+00
1.947951e+14	1.013504e-01	1.810592e+00
1.947697e+14	6.702741e-02	1.583191e+00
1.947444e+14	2.972913e-02	1.355352e+00
1.947190e+14	9.401247e-03	-2.021408e+00
1.946937e+14	4.883297e-02	-2.247208e+00
1.946684e+14	8.674070e-02	-2.475816e+00
1.946431e+14	1.211341e-01	-2.703724e+00
1.946178e+14	1.499925e-01	-2.930458e+00
1.945925e+14	1.713646e-01	3.127180e+00
1.945672e+14	1.834085e-01	2.902391e+00
1.945419e+14	1.843769e-01	2.677467e+00
1.945166e+14	1.725787e-01	2.451098e+00
1.944914e+14	1.463786e-01	2.221685e+00
1.944661e+14	1.043195e-01	1.987628e+00
1.944408e+14	4.546318e-02	1.748430e+00
1.944156e+14	2.999975e-02	-1.647524e+00
1.943903e+14	1.199775e-01	-1.898418e+00
1.943651e+14	2.199583e-01	-2.155577e+00
1.943399e+14	3.233348e-01	-2.412469e+00
1.943146e+14	4.228361e-01	-2.663787e+00
1.942894e+14	5.124380e-01	-2.904793e+00
1.942642e+14	5.886318e-01	-3.132277e+00
1.942390e+14	6.504850e-01	2.938265e+00
1.942138e+14	6.988520e-01	2.740139e+00
1.941886e+14	7.354183e-01	2.555089e+00
1.941634e+14	7.619901e-01	2.381054e+00
1.941382e+14	7.800989e-01	2.215689e+00
1.941131e+14	7.908257e-01	2.056523e+00
1.940879e+14	7.947261e-01	1.900992e+00
1.940627e+14	7.917717e-01	1.746371e+00
1.940376e+14	7.812454e-01	1.589638e+00
1.940124e+14	7.615427e-01	1.427273e+00
1.939873e+14	7.298365e-01	1.255001e+00
1.939622e+14	6.815957e-01	1.067557e+00
1.939370e+14	6.101148e-01	8.586451e-01
1.939119e+14	5.067498e-01	6.216586e-01
1.938868e+14	3.636779e-01	3.521953e-01
1.938617e+14	1.813262e-01	5.323500e-02
1.938366e+14	2.297021e-02	2.865755e+00
1.938115e+14	2.184193e-01	2.566639e+00
1.937864e+14	3.793795e-01	2.282015e+00
1.937613e+14	4.974564e-01	2.028525e+00
1.937362e+14	5.768262e-01	1.803552e+00
1.937112e+14	6.250514e-01	1.599662e+00
1.936861e+14	6.479435e-01	1.408064e+00
1.936611e+14	6.478084e-01	1.219480e+00
1.936360e+14	6.225800e-01	1.023488e+00
1.936110e+14	5.642905e-01	8.069783e-01
1.935859e+14	4.564535e-01	5.523822e-01
1.935609e+14	2.737717e-01	2.388352e-01
1.935359e+14	8.874093e-04	4.287923e-01
1.935109e+14	3.173021e-01	2.567619e+00
1.934858e+14	5.819305e-01	2.174979e+00
1.934608e+14	7.502768e-01	1.857367e+00
1.934358e+14	8.455485e-01	1.611665e+00
1.934109e+14	8.989685e-01	1.418197e+00
1.933859e+14	9.299984e-01	1.259855e+00
1.933609e+14	9.488714e-01	1.125026e+00
1.933359e+14	9.608619e-01	1.006220e+00
1.933110e+14	9.687645e-01	8.985497e-01
1.932860e+14	9.741209e-01	7.987288e-01
1.932610e+14	9.778169e-01	7.044555e-01
1.932361e+14	9.803794e-01	6.140461e-01
1.932112e+14	9.821299e-01	5.262102e-01
1.931862e+14	9.832663e-01	4.399083e-01
1.931613e+14	9.839081e-01	3.542572e-01
1.931364e+14	9.841211e-01	2.684640e-01
1.931115e+14	9.839301e-01	1.817764e-01
1.930865e+14	9.833248e-01	9.344105e-02
1.930616e+14	9.822588e-01	2.666097e-03
1.930368e+14	9.806436e-01	-9.141786e-02
1.930119e+14	9.783358e-01	-1.898008e-01
1.929870e+14	9.751138e-01	-2.936447e-01
1.929621e+14	9.706417e-01	-4.043472e-01
1.929372e+14	9.644100e-01	-5.236210e-01
1.929124e+14	9.556414e-01	-6.535907e-01
1.928875e+14	9.431472e-01	-7.969024e-01
1.928627e+14	9.251151e-01	-9.568221e-01
1.928378e+14	8.988390e-01	-1.137253e+00
1.928130e+14	8.604883e-01	-1.342515e+00
1.927882e+14	8.052595e-01	-1.576588e+00
1.927633e+14	7.286367e-01	-1.841491e+00
1.927385e+14	6.294808e-01	-2.134935e+00
1.927137e+14	5.138878e-01	-2.448779e+00
1.926889e+14	3.956871e-01	-2.770742e+00
1.926641e+14	2.908596e-01	-3.089326e+00
1.926393e+14	2.103765e-01	2.885206e+00
1.926145e+14	1.575469e-01	2.587730e+00
1.925897e+14	1.296921e-01	2.299639e+00
1.925650e+14	1.207230e-01	2.018422e+00
1.925402e+14	1.228902e-01	1.741910e+00
1.925154e+14	1.277559e-01	1.468281e+00
1.924907e+14	1.267632e-01	1.195548e+00
1.924659e+14	1.115275e-01	9.208793e-01
1.924412e+14	7.391764e-02	6.402161e-01
1.924165e+14	6.360078e-03	3.576994e-01
1.923917e+14	9.654460e-02	-3.105225e+00
1.923670e+14	2.338122e-01	2.850486e+00
1.923423e+14	3.926903e-01	2.510897e+00
1.923176e+14	5.494958e-01	2.175331e+00
1.922929e+14	6.817547e-01	1.862506e+00
1.922682e+14	7.801574e-01	1.584561e+00
1.922435e+14	8.478464e-01	1.344061e+00
1.922188e+14	8.927658e-01	1.137299e+00
1.921941e+14	9.223689e-01	9.584021e-01
1.921694e+14	9.420600e-01	8.016440e-01
1.921448e+14	9.553787e-01	6.622402e-01
1.921201e+14	9.645578e-01	5.364231e-01
1.920955e+14	9.709957e-01	4.212818e-01
1.920708e+14	9.755742e-01	3.145649e-01
1.920462e+14	9.788560e-01	2.145108e-01
1.920215e+14	9.812050e-01	1.197162e-01
1.919969e+14	9.828577e-01	2.903696e-02
1.919723e+14	9.839670e-01	-5.848568e-02
1.919477e+14	9.846285e-01	-1.436817e-01
1.919231e+14	9.848949e-01	-2.272971e-01
1.918985e+14	9.847849e-01	-3.100328e-01
1.918739e+14	9.842843e-01	-3.925795e-01
1.918493e+14	9.833439e-01	-4.756555e-01
1.918247e+14	9.818693e-01	-5.600491e-01
1.918001e+14	9.797033e-01	-6.466738e-01
1.917756e+14	9.765919e-01	-7.366445e-01
1.917510e+14	9.721239e-01	-8.313900e-01
1.917264e+14	9.656213e-01	-9.328266e-01
1.917019e+14	9.559295e-01	-1.043637e+00
1.916773e+14	9.410068e-01	-1.167732e+00
1.916528e+14	9.170939e-01	-1.311007e+00
1.916283e+14	8.770185e-01	-1.482557e+00
1.916037e+14	8.069615e-01	-1.696228e+00
1.915792e+14	6.821618e-01	-1.970785e+00
1.915547e+14	4.709744e-01	-2.321341e+00
1.915302e+14	1.740029e-01	-2.731264e+00
1.915057e+14	1.314433e-01	-2.098715e-03
1.914812e+14	3.629041e-01	-3.498027e-01
1.914567e+14	5.087737e-01	-6.312983e-01
1.914322e+14	5.927086e-01	-8.635527e-01
1.914077e+14	6.361907e-01	-1.066031e+00
1.913833e+14	6.515642e-01	-1.253690e+00
1.913588e+14	6.441834e-01	-1.437781e+00
1.913344e+14	6.145752e-01	-1.627571e+00
1.913099e+14	5.595527e-01	-1.831531e+00
1.912855e+14	4.730576e-01	-2.057605e+00
1.912610e+14	3.483144e-01	-2.311919e+00
1.912366e+14	1.834150e-01	-2.595108e+00
1.912122e+14	1.045956e-02	2.227572e-01
1.911877e+14	2.074247e-01	-6.559535e-02
1.911633e+14	3.801498e-01	-3.533041e-01
1.911389e+14	5.149832e-01	-6.120688e-01
1.911145e+14	6.128050e-01	-8.403079e-01
1.910901e+14	6.810558e-01	-1.042411e+00
1.910657e+14	7.276105e-01	-1.224477e+00
1.910413e+14	7.585733e-01	-1.392267e+00
1.910170e+14	7.781126e-01	-1.550608e+00
1.909926e+14	7.888720e-01	-1.703434e+00
1.909682e+14	7.923920e-01	-1.853991e+00
1.909439e+14	7.894106e-01	-2.005055e+00
1.909195e+14	7.800473e-01	-2.159110e+00
1.908952e+14	7.639064e-01	-2.318470e+00
1.908708e+14	7.401375e-01	-2.485342e+00
1.908465e+14	7.074986e-01	-2.661819e+00
1.908222e+14	6.644862e-01	-2.849767e+00
1.907979e+14	6.096121e-01	-3.050594e+00
1.907735e+14	5.419050e-01	3.018302e+00
1.907492e+14	4.616282e-01	2.791212e+00
1.907249e+14	3.709890e-01	2.553513e+00
1.907006e+14	2.743827e-01	2.308829e+00
1.906763e+14	1.777668e-01	2.061573e+00
1.906521e+14	8.728772e-02	1.816087e+00
1.906278e+14	7.876340e-03	1.583069e+00
1.906035e+14	5.748390e-02	-1.804373e+00
1.905792e+14	1.076793e-01	-2.033001e+00
1.905550e+14	1.429403e-01	-2.256719e+00
1.905307e+14	1.642605e-01	-2.476527e+00
1.905065e+14	1.729811e-01	-2.693817e+00
1.904822e+14	1.705699e-01	-2.909888e+00
1.904580e+14	1.585444e-01	-3.125775e+00
1.904338e+14	1.384712e-01	2.941021e+00
1.904096e+14	1.119836e-01	2.723807e+00
1.903853e+14	8.078017e-02	2.505785e+00
1.903611e+14	4.658404e-02	2.287290e+00
1.903369e+14	1.106441e-02	2.070024e+00
1.903127e+14	2.426161e-02	-1.293453e+00
1.902885e+14	5.812160e-02	-1.510962e+00
1.902644e+14	8.955337e-02	-1.727999e+00
1.902402e+14	1.179314e-01	-1.944053e+00
1.902160e+14	1.429565e-01	-2.159048e+00
1.901918e+14	1.646179e-01	-2.373047e+00
1.901677e+14	1.831397e-01	-2.586191e+00
1.901435e+14	1.989222e-01	-2.798653e+00
1.901194e+14	2.124833e-01	-3.010606e+00
1.900952e+14	2.244034e-01	3.060989e+00
1.900711e+14	2.352741e-01	2.849658e+00
1.900470e+14	2.456513e-01	2.638530e+00
1.900228e+14	2.560134e-01	2.427606e+00
1.899987e+14	2.667257e-01	2.216932e+00
1.899746e+14	2.780128e-01	2.006603e+00
1.899505e+14	2.899425e-01	1.796750e+00
1.899264e+14	3.024204e-01	1.587533e+00
1.899023e+14	3.151979e-01	1.379127e+00
1.898782e+14	3.278910e-01	1.171703e+00
1.898542e+14	3.400082e-01	9.654092e-01
1.898301e+14	3.509835e-01	7.603460e-01
1.898060e+14	3.602085e-01	5.565436e-01
1.897819e+14	3.670621e-01	3.539422e-01
1.897579e+14	3.709328e-01	1.523780e-01
1.897338e+14	3.712340e-01	-4.842148e-02
1.897098e+14	3.674142e-01	-2.488331e-01
1.896858e+14	3.589655e-01	-4.493212e-01
1.896617e+14	3.454360e-01	-6.504105e-01
1.896377e+14	3.264511e-01	-8.526455e-01
1.896137e+14	3.017500e-01	-1.056539e+00
1.895897e+14	2.712400e-01	-1.262510e+00
1.895657e+14	2.350649e-01	-1.470817e+00
1.895417e+14	1.936802e-01	-1.681495e+00
1.895177e+14	1.479130e-01	-1.894300e+00
1.894937e+14	9.898448e-02	-2.108667e+00
1.894697e+14	4.846889e-02	-2.323479e+00
1.894457e+14	1.817234e-03	5.607944e-01
1.894217e+14	4.996922e-02	3.845442e-01
1.893978e+14	9.418335e-02	1.718361e-01
1.893738e+14	1.328842e-01	-3.928267e-02
1.893499e+14	1.648100e-01	-2.482543e-01
1.893259e+14	1.890211e-01	-4.551160e-01
1.893020e+14	2.048586e-01	-6.602494e-01
1.892780e+14	2.118809e-01	-8.642862e-01
1.892541e+14	2.098066e-01	-1.068018e+00
1.892302e+14	1.984850e-01	-1.272298e+00
1.892063e+14	1.779086e-01	-1.477936e+00
1.891824e+14	1.482689e-01	-1.685581e+00
1.891585e+14	1.100495e-01	-1.895593e+00
1.891346e+14	6.413328e-02	-2.107837e+00
1.891107e+14	1.188269e-02	-2.318299e+00
1.890868e+14	4.485348e-02	6.004522e-01
1.890629e+14	1.038412e-01	3.848691e-01
1.890390e+14	1.626734e-01	1.697316e-01
1.890152e+14	2.190364e-01	-4.326310e-02
1.889913e+14	2.709539e-01	-2.530264e-01
1.889674e+14	3.169375e-01	-4.588825e-01
1.889436e+14	3.560176e-01	-6.605876e-01
1.889197e+14	3.876766e-01	-8.583055e-01
1.888959e+14	4.117279e-01	-1.052542e+00
1.888721e+14	4.281868e-01	-1.244058e+00
1.888482e+14	4.371602e-01	-1.433785e+00
1.888244e+14	4.387719e-01	-1.622742e+00
1.888006e+14	4.331235e-01	-1.811969e+00
1.887768e+14	4.202909e-01	-2.002465e+00
1.887530e+14	4.003537e-01	-2.195122e+00
1.887292e+14	3.734537e-01	-2.390667e+00
1.887054e+14	3.398777e-01	-2.589596e+00
1.886816e+14	3.001510e-01	-2.792115e+00
1.886578e+14	2.551233e-01	-2.998100e+00
1.886341e+14	2.060166e-01	3.076096e+00
1.886103e+14	1.544083e-01	2.864866e+00
1.885865e+14	1.021353e-01	2.652397e+00
1.885628e+14	5.113263e-02	2.439998e+00
1.885390e+14	3.245564e-03	2.246322e+00
1.885153e+14	3.993806e-02	-1.128142e+00
1.884916e+14	7.718521e-02	-1.336806e+00
1.884678e+14	1.076552e-01	-1.544140e+00
1.884441e+14	1.308682e-01	-1.749842e+00
1.884204e+14	1.466449e-01	-1.954156e+00
1.883967e+14	1.550408e-01	-2.157506e+00
1.883730e+14	1.562912e-01	-2.360385e+00
1.883493e+14	1.507766e-01	-2.563274e+00
1.883256e+14	1.390078e-01	-2.766582e+00
1.883019e+14	1.216238e-01	-2.970598e+00
1.882782e+14	9.939441e-02	3.107723e+00
1.882545e+14	7.321659e-02	2.902043e+00
1.882309e+14	4.409757e-02	2.695815e+00
1.882072e+14	1.311962e-02	2.490605e+00
1.881835e+14	1.861152e-02	-8.625077e-01
1.881599e+14	5.002703e-02	-1.068342e+00
1.881362e+14	8.015550e-02	-1.274550e+00
1.881126e+14	1.081715e-01	-1.480146e+00
1.880890e+14	1.334265e-01	-1.684881e+00
1.880653e+14	1.554612e-01	-1.888668e+00
1.880417e+14	1.739990e-01	-2.091533e+00
1.880181e+14	1.889299e-01	-2.293579e+00
1.879945e+14	2.002862e-01	-2.494968e+00
1.879709e+14	2.082182e-01	-2.695886e+00
1.879473e+14	2.129697e-01	-2.896529e+00
1.879237e+14	2.148571e-01	-3.097074e+00
1.879001e+14	2.142492e-01	2.985512e+00
1.878765e+14	2.115498e-01	2.784744e+00
1.878529e+14	2.071793e-01	2.583734e+00
1.878294e+14	2.015575e-01	2.382445e+00
1.878058e+14	1.950858e-01	2.180874e+00
1.877822e+14	1.881294e-01	1.979044e+00
1.877587e+14	1.810022e-01	1.776997e+00
1.877351e+14	1.739531e-01	1.574782e+00
1.877116e+14	1.671562e-01	1.372456e+00
1.876881e+14	1.607060e-01	1.170070e+00
1.876645e+14	1.546169e-01	9.676694e-01
1.876410e+14	1.488275e-01	7.652916e-01
1.876175e+14	1.432099e-01	5.629620e-01
1.875940e+14	1.375825e-01	3.606942e-01
1.875705e+14	1.317256e-01	1.584891e-01
1.875470e+14	1.253998e-01	-4.366423e-02
1.875235e+14	1.183642e-01	-2.457874e-01
1.875000e+14	1.103965e-01	-4.479103e-01
("port 1","TE",1,"port 2",1,"modulation")
(1,1)
0.00021
(500,3)
2.000000e+14	3.764669e-03	-5.032888e-01
1.999733e+14	3.089633e-03	-7.303726e-01
1.999466e+14	2.074540e-03	-9.548531e-01
1.999199e+14	9.421995e-04	-1.167180e+00
1.998932e+14	1.562476e-04	1.525933e+00
1.998665e+14	1.136573e-03	1.459070e+00
1.998398e+14	2.016650e-03	1.241124e+00
1.998131e+14	2.888876e-03	1.016553e+00
1.997865e+14	3.924935e-03	7.905516e-01
1.997598e+14	5.360605e-03	5.640923e-01
1.997332e+14	7.477230e-03	3.372481e-01
1.997065e+14	1.057904e-02	1.099239e-01
1.996799e+14	1.496757e-02	-1.178976e-01
1.996532e+14	2.091461e-02	-3.461508e-01
1.996266e+14	2.863530e-02	-5.747442e-01
1.996000e+14	3.826282e-02	-8.035917e-01
1.995734e+14	4.982654e-02	-1.032615e+00
1.995468e+14	6.323537e-02	-1.261734e+00
1.995202e+14	7.826814e-02	-1.490855e+00
1.994936e+14	9.457283e-02	-1.719865e+00
1.994670e+14	1.116756e-01	-1.948632e+00
1.994404e+14	1.289998e-01	-2.177014e+00
1.994139e+14	1.458935e-01	-2.404871e+00
1.993873e+14	1.616628e-01	-2.632088e+00
1.993608e+14	1.756067e-01	-2.858594e+00
1.993342e+14	1.870507e-01	-3.084380e+00
1.993077e+14	1.953753e-01	2.973673e+00
1.992812e+14	2.000382e-01	2.749050e+00
1.992546e+14	2.005930e-01	2.524722e+00
1.992281e+14	1.967041e-01	2.300420e+00
1.992016e+14	1.881630e-01	2.075849e+00
1.991751e+14	1.749078e-01	1.850724e+00
1.991486e+14	1.570464e-01	1.624805e+00
1.991221e+14	1.348812e-01	1.397940e+00
1.990956e+14	1.089308e-01	1.170094e+00
1.990691e+14	7.993901e-02	9.413761e-01
1.990427e+14	4.886467e-02	7.120701e-01
1.990162e+14	1.684469e-02	4.830530e-01
1.989898e+14	1.486811e-02	-2.891010e+00
1.989633e+14	4.498453e-02	-3.119474e+00
1.989369e+14	7.226238e-02	2.935196e+00
1.989104e+14	9.557830e-02	2.707491e+00
1.988840e+14	1.139780e-01	2.480716e+00
1.988576e+14	1.267024e-01	2.254777e+00
1.988312e+14	1.331941e-01	2.029429e+00
1.988048e+14	1.330956e-01	1.804318e+00
1.987784e+14	1.262476e-01	1.579043e+00
1.987520e+14	1.126975e-01	1.353220e+00
1.987256e+14	9.271801e-02	1.126559e+00
1.986992e+14	6.683347e-02	8.989581e-01
1.986729e+14	3.584151e-02	6.708027e-01
1.986465e+14	8.172691e-04	5.109295e-01
1.986201e+14	3.692806e-02	-2.934017e+00
1.985938e+14	7.589809e-02	3.119792e+00
1.985674e+14	1.145375e-01	2.890497e+00
1.985411e+14	1.513407e-01	2.662247e+00
1.985148e+14	1.849614e-01	2.435548e+00
1.984885e+14	2.142874e-01	2.210666e+00
1.984622e+14	2.384720e-01	1.987642e+00
1.984358e+14	2.569280e-01	1.766299e+00
1.984095e+14	2.692968e-01	1.546280e+00
1.983832e+14	2.754096e-01	1.327100e+00
1.983570e+14	2.752538e-01	1.108203e+00
1.983307e+14	2.689543e-01	8.890219e-01
1.983044e+14	2.567707e-01	6.690436e-01
1.982781e+14	2.391099e-01	4.478576e-01
1.982519e+14	2.165453e-01	2.252002e-01
1.982256e+14	1.898345e-01	9.808955e-04
1.981994e+14	1.599214e-01	-2.247119e-01
1.981732e+14	1.279154e-01	-4.516271e-01
1.981469e+14	9.504188e-02	-6.793883e-01
1.981207e+14	6.256872e-02	-9.075330e-01
1.980945e+14	3.172031e-02	-1.135461e+00
1.980683e+14	3.595622e-03	-1.357240e+00
1.980421e+14	2.089625e-02	1.548671e+00
1.980159e+14	4.107356e-02	1.322493e+00
1.979897e+14	5.649520e-02	1.096565e+00
1.979635e+14	6.695256e-02	8.711158e-01
1.979373e+14	7.244986e-02	6.460407e-01
1.979112e+14	7.317937e-02	4.211704e-01
1.978850e+14	6.949554e-02	1.963378e-01
1.978588e+14	6.188934e-02	-2.858283e-02
1.978327e+14	5.096140e-02	-2.536450e-01
1.978066e+14	3.739216e-02	-4.787838e-01
1.977804e+14	2.190779e-02	-7.036003e-01
1.977543e+14	5.242328e-03	-9.228483e-01
1.977282e+14	1.190283e-02	1.980478e+00
1.977021e+14	2.889481e-02	1.756926e+00
1.976760e+14	4.520395e-02	1.531854e+00
1.976499e+14	6.042569e-02	1.306680e+00
1.976238e+14	7.429388e-02	1.081633e+00
1.975977e+14	8.668277e-02	8.567743e-01
1.975716e+14	9.759914e-02	6.321055e-01
1.975455e+14	1.071661e-01	4.076001e-01
1.975195e+14	1.156002e-01	1.832213e-01
1.974934e+14	1.231842e-01	-4.106736e-02
1.974674e+14	1.302361e-01	-2.652938e-01
1.974413e+14	1.370771e-01	-4.894724e-01
1.974153e+14	1.439994e-01	-7.136007e-01
1.973892e+14	1.512365e-01	-9.376587e-01
1.973632e+14	1.589370e-01	-1.161608e+00
1.973372e+14	1.671447e-01	-1.385394e+00
1.973112e+14	1.757862e-01	-1.608948e+00
1.972852e+14	1.846670e-01	-1.832193e+00
1.972592e+14	1.934771e-01	-2.055050e+00
1.972332e+14	2.018045e-01	-2.277453e+00
1.972072e+14	2.091565e-01	-2.499357e+00
1.971812e+14	2.149855e-01	-2.720757e+00
1.971553e+14	2.187172e-01	-2.941695e+00
1.971293e+14	2.197796e-01	3.120908e+00
1.971034e+14	2.176309e-01	2.900518e+00
1.970774e+14	2.117869e-01	2.680096e+00
1.970515e+14	2.018494e-01	2.459382e+00
1.970255e+14	1.875372e-01	2.238100e+00
1.969996e+14	1.687215e-01	2.015996e+00
1.969737e+14	1.454653e-01	1.792882e+00
1.969478e+14	1.180631e-01	1.568671e+00
1.969219e+14	8.707345e-02	1.343426e+00
1.968960e+14	5.333353e-02	1.117410e+00
1.968701e+14	1.794438e-02	8.915761e-01
1.968442e+14	1.777867e-02	-2.479576e+00
1.968183e+14	5.238748e-02	-2.705134e+00
1.967924e+14	8.440124e-02	-2.930609e+00
1.967666e+14	1.124036e-01	3.128121e+00
1.967407e+14	1.351180e-01	2.904885e+00
1.967148e+14	1.514510e-01	2.682796e+00
1.966890e+14	1.605044e-01	2.461550e+00
1.966632e+14	1.615699e-01	2.240648e+00
1.966373e+14	1.541232e-01	2.019464e+00
1.966115e+14	1.378379e-01	1.797333e+00
1.965857e+14	1.126301e-01	1.573673e+00
1.965599e+14	7.873870e-02	1.348151e+00
1.965341e+14	3.682714e-02	1.121261e+00
1.965083e+14	1.192637e-02	-2.258543e+00
1.964825e+14	6.579641e-02	-2.484539e+00
1.964567e+14	1.225880e-01	-2.715372e+00
1.964309e+14	1.798295e-01	-2.945499e+00
1.964051e+14	2.350502e-01	3.109783e+00
1.963794e+14	2.860564e-01	2.885243e+00
1.963536e+14	3.311236e-01	2.664802e+00
1.963279e+14	3.690586e-01	2.448731e+00
1.963021e+14	3.991462e-01	2.236831e+00
1.962764e+14	4.210233e-01	2.028494e+00
1.962507e+14	4.345354e-01	1.822792e+00
1.962249e+14	4.396118e-01	1.618576e+00
1.961992e+14	4.361802e-01	1.414569e+00
1.961735e+14	4.241313e-01	1.209456e+00
1.961478e+14	4.033349e-01	1.001983e+00
1.961221e+14	3.737133e-01	7.910593e-01
1.960964e+14	3.353703e-01	5.758739e-01
1.960707e+14	2.887646e-01	3.560234e-01
1.960450e+14	2.348918e-01	1.316193e-01
1.960194e+14	1.754127e-01	-9.665589e-02
1.959937e+14	1.126516e-01	-3.275630e-01
1.959681e+14	4.941723e-02	-5.591611e-01
1.959424e+14	1.132747e-02	2.342944e+00
1.959168e+14	6.684159e-02	2.117582e+00
1.958911e+14	1.149031e-01	1.890222e+00
1.958655e+14	1.539386e-01	1.665556e+00
1.958399e+14	1.829957e-01	1.443624e+00
1.958143e+14	2.016168e-01	1.223881e+00
1.957886e+14	2.096899e-01	1.005462e+00
1.957630e+14	2.073342e-01	7.873564e-01
1.957374e+14	1.948451e-01	5.685655e-01
1.957119e+14	1.727039e-01	3.482403e-01
1.956863e+14	1.416369e-01	1.258088e-01
1.956607e+14	1.026962e-01	-9.890519e-02
1.956351e+14	5.732164e-02	-3.254639e-01
1.956096e+14	7.340071e-03	-5.453931e-01
1.955840e+14	4.512813e-02	2.354767e+00
1.955585e+14	9.784605e-02	2.126259e+00
1.955329e+14	1.486903e-01	1.898315e+00
1.955074e+14	1.958554e-01	1.672232e+00
1.954818e+14	2.379873e-01	1.448611e+00
1.954563e+14	2.742212e-01	1.227659e+00
1.954308e+14	3.041400e-01	1.009260e+00
1.954053e+14	3.276881e-01	7.930475e-01
1.953798e+14	3.450755e-01	5.784928e-01
1.953543e+14	3.566939e-01	3.649905e-01
1.953288e+14	3.630563e-01	1.519335e-01
1.953033e+14	3.647575e-01	-6.122937e-02
1.952779e+14	3.624505e-01	-2.749517e-01
1.952524e+14	3.568304e-01	-4.895651e-01
1.952269e+14	3.486177e-01	-7.052713e-01
1.952015e+14	3.385360e-01	-9.221476e-01
1.951760e+14	3.272817e-01	-1.140164e+00
1.951506e+14	3.154859e-01	-1.359208e+00
1.951251e+14	3.036737e-01	-1.579116e+00
1.950997e+14	2.922246e-01	-1.799696e+00
1.950743e+14	2.813424e-01	-2.020759e+00
1.950489e+14	2.710373e-01	-2.242139e+00
1.950234e+14	2.611240e-01	-2.463707e+00
1.949980e+14	2.512363e-01	-2.685383e+00
1.949726e+14	2.408559e-01	-2.907150e+00
1.949473e+14	2.293529e-01	-3.129055e+00
1.949219e+14	2.160361e-01	2.931974e+00
1.948965e+14	2.002088e-01	2.709391e+00
1.948711e+14	1.812321e-01	2.486167e+00
1.948458e+14	1.585926e-01	2.262072e+00
1.948204e+14	1.319772e-01	2.036914e+00
1.947951e+14	1.013504e-01	1.810592e+00
1.947697e+14	6.702741e-02	1.583191e+00
1.947444e+14	2.972913e-02	1.355352e+00
1.947190e+14	9.401247e-03	-2.021408e+00
1.946937e+14	4.883297e-02	-2.247208e+00
1.946684e+14	8.674070e-02	-2.475816e+00
1.946431e+14	1.211341e-01	-2.703724e+00
1.946178e+14	1.499925e-01	-2.930458e+00
1.945925e+14	1.713646e-01	3.127180e+00
1.945672e+14	1.834085e-01	2.902391e+00
1.945419e+14	1.843769e-01	2.677467e+00
1.945166e+14	1.725787e-01	2.451098e+00
1.944914e+14	1.463786e-01	2.221685e+00
1.944661e+14	1.043195e-01	1.987628e+00
1.944408e+14	4.546318e-02	1.748430e+00
1.944156e+14	2.999975e-02	-1.647524e+00
1.943903e+14	1.199775e-01	-1.898418e+00
1.943651e+14	2.199583e-01	-2.155577e+00
1.943399e+14	3.233348e-01	-2.412469e+00
1.943146e+14	4.228361e-01	-2.663787e+00
1.942894e+14	5.124380e-01	-2.904793e+00
1.942642e+14	5.886318e-01	-3.132277e+00
1.942390e+14	6.504850e-01	2.938265e+00
1.942138e+14	6.988520e-01	2.740139e+00
1.941886e+14	7.354183e-01	2.555089e+00
1.941634e+14	7.619901e-01	2.381054e+00
1.941382e+14	7.800989e-01	2.215689e+00
1.941131e+14	7.908257e-01	2.056523e+00
1.940879e+14	7.947261e-01	1.900992e+00
1.940627e+14	7.917717e-01	1.746371e+00
1.940376e+14	7.812454e-01	1.589638e+00
1.940124e+14	7.615427e-01	1.427273e+00
1.939873e+14	7.298365e-01	1.255001e+00
1.939622e+14	6.815957e-01	1.067557e+00
1.939370e+14	6.101148e-01	8.586451e-01
1.939119e+14	5.067498e-01	6.216586e-01
1.938868e+14	3.636779e-01	3.521953e-01
1.938617e+14	1.813262e-01	5.323500e-02
1.938366e+14	2.297021e-02	2.865755e+00
1.938115e+14	2.184193e-01	2.566639e+00
1.937864e+14	3.793795e-01	2.282015e+00
1.937613e+14	4.974564e-01	2.028525e+00
1.937362e+14	5.768262e-01	1.803552e+00
1.937112e+14	6.250514e-01	1.599662e+00
1.936861e+14	6.479435e-01	1.408064e+00
1.936611e+14	6.478084e-01	1.219480e+00
1.936360e+14	6.225800e-01	1.023488e+00
1.936110e+14	5.642905e-01	8.069783e-01
1.935859e+14	4.564535e-01	5.523822e-01
1.935609e+14	2.737717e-01	2.388352e-01
1.935359e+14	8.874093e-04	4.287923e-01
1.935109e+14	3.173021e-01	2.567619e+00
1.934858e+14	5.819305e-01	2.174979e+00
1.934608e+14	7.502768e-01	1.857367e+00
1.934358e+14	8.455485e-01	1.611665e+00
1.934109e+14	8.989685e-01	1.418197e+00
1.933859e+14	9.299984e-01	1.259855e+00
1.933609e+14	9.488714e-01	1.125026e+00
1.933359e+14	9.608619e-01	1.006220e+00
1.933110e+14	9.687645e-01	8.985497e-01
1.932860e+14	9.741209e-01	7.987288e-01
1.932610e+14	9.778169e-01	7.044555e-01
1.932361e+14	9.803794e-01	6.140461e-01
1.932112e+14	9.821299e-01	5.262102e-01
1.931862e+14	9.832663e-01	4.399083e-01
1.931613e+14	9.839081e-01	3.542572e-01
1.931364e+14	9.841211e-01	2.684640e-01
1.931115e+14	9.839301e-01	1.817764e-01
1.930865e+14	9.833248e-01	9.344105e-02
1.930616e+14	9.822588e-01	2.666097e-03
1.930368e+14	9.806436e-01	-9.141786e-02
1.930119e+14	9.783358e-01	-1.898008e-01
1.929870e+14	9.751138e-01	-2.936447e-01
1.929621e+14	9.706417e-01	-4.043472e-01
1.929372e+14	9.644100e-01	-5.236210e-01
1.929124e+14	9.556414e-01	-6.535907e-01
1.928875e+14	9.431472e-01	-7.969024e-01
1.928627e+14	9.251151e-01	-9.568221e-01
1.928378e+14	8.988390e-01	-1.137253e+00
1.928130e+14	8.604883e-01	-1.342515e+00
1.927882e+14	8.052595e-01	-1.576588e+00
1.927633e+14	7.286367e-01	-1.841491e+00
1.927385e+14	6.294808e-01	-2.134935e+00
1.927137e+14	5.138878e-01	-2.448779e+00
1.926889e+14	3.956871e-01	-2.770742e+00
1.926641e+14	2.908596e-01	-3.089326e+00
1.926393e+14	2.103765e-01	2.885206e+00
1.926145e+14	1.575469e-01	2.587730e+00
1.925897e+14	1.296921e-01	2.299639e+00
1.925650e+14	1.207230e-01	2.018422e+00
1.925402e+14	1.228902e-01	1.741910e+00
1.925154e+14	1.277559e-01	1.468281e+00
1.924907e+14	1.267632e-01	1.195548e+00
1.924659e+14	1.115275e-01	9.208793e-01
1.924412e+14	7.391764e-02	6.402161e-01
1.924165e+14	6.360078e-03	3.576994e-01
1.923917e+14	9.654460e-02	-3.105225e+00
1.923670e+14	2.338122e-01	2.850486e+00
1.923423e+14	3.926903e-01	2.510897e+00
1.923176e+14	5.494958e-01	2.175331e+00
1.922929e+14	6.817547e-01	1.862506e+00
1.922682e+14	7.801574e-01	1.584561e+00
1.922435e+14	8.478464e-01	1.344061e+00
1.922188e+14	8.927658e-01	1.137299e+00
1.921941e+14	9.223689e-01	9.584021e-01
1.921694e+14	9.420600e-01	8.016440e-01
1.921448e+14	9.553787e-01	6.622402e-01
1.921201e+14	9.645578e-01	5.364231e-01
1.920955e+14	9.709957e-01	4.212818e-01
1.920708e+14	9.755742e-01	3.145649e-01
1.920462e+14	9.788560e-01	2.145108e-01
1.920215e+14	9.812050e-01	1.197162e-01
1.919969e+14	9.828577e-01	2.903696e-02
1.919723e+14	9.839670e-01	-5.848568e-02
1.919477e+14	9.846285e-01	-1.436817e-01
1.919231e+14	9.848949e-01	-2.272971e-01
1.918985e+14	9.847849e-01	-3.100328e-01
1.918739e+14	9.842843e-01	-3.925795e-01
1.918493e+14	9.833439e-01	-4.756555e-01
1.918247e+14	9.818693e-01	-5.600491e-01
1.918001e+14	9.797033e-01	-6.466738e-01
1.917756e+14	9.765919e-01	-7.366445e-01
1.917510e+14	9.721239e-01	-8.313900e-01
1.917264e+14	9.656213e-01	-9.328266e-01
1.917019e+14	9.559295e-01	-1.043637e+00
1.916773e+14	9.410068e-01	-1.167732e+00
1.916528e+14	9.170939e-01	-1.311007e+00
1.916283e+14	8.770185e-01	-1.482557e+00
1.916037e+14	8.069615e-01	-1.696228e+00
1.915792e+14	6.821618e-01	-1.970785e+00
1.915547e+14	4.709744e-01	-2.321341e+00
1.915302e+14	1.740029e-01	-2.731264e+00
1.915057e+14	1.314433e-01	-2.098715e-03
1.914812e+14	3.629041e-01	-3.498027e-01
1.914567e+14	5.087737e-01	-6.312983e-01
1.914322e+14	5.927086e-01	-8.635527e-01
1.914077e+14	6.361907e-01	-1.066031e+00
1.913833e+14	6.515642e-01	-1.253690e+00
1.913588e+14	6.441834e-01	-1.437781e+00
1.913344e+14	6.145752e-01	-1.627571e+00
1.913099e+14	5.595527e-01	-1.831531e+00
1.912855e+14	4.730576e-01	-2.057605e+00
1.912610e+14	3.483144e-01	-2.311919e+00
1.912366e+14	1.834150e-01	-2.595108e+00
1.912122e+14	1.045956e-02	2.227572e-01
1.911877e+14	2.074247e-01	-6.559535e-02
1.911633e+14	3.801498e-01	-3.533041e-01
1.911389e+14	5.149832e-01	-6.120688e-01
1.911145e+14	6.128050e-01	-8.403079e-01
1.910901e+14	6.810558e-01	-1.042411e+00
1.910657e+14	7.276105e-01	-1.224477e+00
1.910413e+14	7.585733e-01	-1.392267e+00
1.910170e+14	7.781126e-01	-1.550608e+00
1.909926e+14	7.888720e-01	-1.703434e+00
1.909682e+14	7.923920e-01	-1.853991e+00
1.909439e+14	7.894106e-01	-2.005055e+00
1.909195e+14	7.800473e-01	-2.159110e+00
1.908952e+14	7.639064e-01	-2.318470e+00
1.908708e+14	7.401375e-01	-2.485342e+00
1.908465e+14	7.074986e-01	-2.661819e+00
1.908222e+14	6.644862e-01	-2.849767e+00
1.907979e+14	6.096121e-01	-3.050594e+00
1.907735e+14	5.419050e-01	3.018302e+00
1.907492e+14	4.616282e-01	2.791212e+00
1.907249e+14	3.709890e-01	2.553513e+00
1.907006e+14	2.743827e-01	2.308829e+00
1.906763e+14	1.777668e-01	2.061573e+00
1.906521e+14	8.728772e-02	1.816087e+00
1.906278e+14	7.876340e-03	1.583069e+00
1.906035e+14	5.748390e-02	-1.804373e+00
1.905792e+14	1.076793e-01	-2.033001e+00
1.905550e+14	1.429403e-01	-2.256719e+00
1.905307e+14	1.642605e-01	-2.476527e+00
1.905065e+14	1.729811e-01	-2.693817e+00
1.904822e+14	1.705699e-01	-2.909888e+00
1.904580e+14	1.585444e-01	-3.125775e+00
1.904338e+14	1.384712e-01	2.941021e+00
1.904096e+14	1.119836e-01	2.723807e+00
1.903853e+14	8.078017e-02	2.505785e+00
1.903611e+14	4.658404e-02	2.287290e+00
1.903369e+14	1.106441e-02	2.070024e+00
1.903127e+14	2.426161e-02	-1.293453e+00
1.902885e+14	5.812160e-02	-1.510962e+00
1.902644e+14	8.955337e-02	-1.727999e+00
1.902402e+14	1.179314e-01	-1.944053e+00
1.902160e+14	1.429565e-01	-2.159048e+00
1.901918e+14	1.646179e-01	-2.373047e+00
1.901677e+14	1.831397e-01	-2.586191e+00
1.901435e+14	1.989222e-01	-2.798653e+00
1.901194e+14	2.124833e-01	-3.010606e+00
1.900952e+14	2.244034e-01	3.060989e+00
1.900711e+14	2.352741e-01	2.849658e+00
1.900470e+14	2.456513e-01	2.638530e+00
1.900228e+14	2.560134e-01	2.427606e+00
1.899987e+14	2.667257e-01	2.216932e+00
1.899746e+14	2.780128e-01	2.006603e+00
1.899505e+14	2.899425e-01	1.796750e+00
1.899264e+14	3.024204e-01	1.587533e+00
1.899023e+14	3.151979e-01	1.379127e+00
1.898782e+14	3.278910e-01	1.171703e+00
1.898542e+14	3.400082e-01	9.654092e-01
1.898301e+14	3.509835e-01	7.603460e-01
1.898060e+14	3.602085e-01	5.565436e-01
1.897819e+14	3.670621e-01	3.539422e-01
1.897579e+14	3.709328e-01	1.523780e-01
1.897338e+14	3.712340e-01	-4.842148e-02
1.897098e+14	3.674142e-01	-2.488331e-01
1.896858e+14	3.589655e-01	-4.493212e-01
1.896617e+14	3.454360e-01	-6.504105e-01
1.896377e+14	3.264511e-01	-8.526455e-01
1.896137e+14	3.017500e-01	-1.056539e+00
1.895897e+14	2.712400e-01	-1.262510e+00
1.895657e+14	2.350649e-01	-1.470817e+00
1.895417e+14	1.936802e-01	-1.681495e+00
1.895177e+14	1.479130e-01	-1.894300e+00
1.894937e+14	9.898448e-02	-2.108667e+00
1.894697e+14	4.846889e-02	-2.323479e+00
1.894457e+14	1.817234e-03	5.607944e-01
1.894217e+14	4.996922e-02	3.845442e-01
1.893978e+14	9.418335e-02	1.718361e-01
1.893738e+14	1.328842e-01	-3.928267e-02
1.893499e+14	1.648100e-01	-2.482543e-01
1.893259e+14	1.890211e-01	-4.551160e-01
1.893020e+14	2.048586e-01	-6.602494e-01
1.892780e+14	2.118809e-01	-8.642862e-01
1.892541e+14	2.098066e-01	-1.068018e+00
1.892302e+14	1.984850e-01	-1.272298e+00
1.892063e+14	1.779086e-01	-1.477936e+00
1.891824e+14	1.482689e-01	-1.685581e+00
1.891585e+14	1.100495e-01	-1.895593e+00
1.891346e+14	6.413328e-02	-2.107837e+00
1.891107e+14	1.188269e-02	-2.318299e+00
1.890868e+14	4.485348e-02	6.004522e-01
1.890629e+14	1.038412e-01	3.848691e-01
1.890390e+14	1.626734e-01	1.697316e-01
1.890152e+14	2.190364e-01	-4.326310e-02
1.889913e+14	2.709539e-01	-2.530264e-01
1.889674e+14	3.169375e-01	-4.588825e-01
1.889436e+14	3.560176e-01	-6.605876e-01
1.889197e+14	3.876766e-01	-8.583055e-01
1.888959e+14	4.117279e-01	-1.052542e+00
1.888721e+14	4.281868e-01	-1.244058e+00
1.888482e+14	4.371602e-01	-1.433785e+00
1.888244e+14	4.387719e-01	-1.622742e+00
1.888006e+14	4.331235e-01	-1.811969e+00
1.887768e+14	4.202909e-01	-2.002465e+00
1.887530e+14	4.003537e-01	-2.195122e+00
1.887292e+14	3.734537e-01	-2.390667e+00
1.887054e+14	3.398777e-01	-2.589596e+00
1.886816e+14	3.001510e-01	-2.792115e+00
1.886578e+14	2.551233e-01	-2.998100e+00
1.886341e+14	2.060166e-01	3.076096e+00
1.886103e+14	1.544083e-01	2.864866e+00
1.885865e+14	1.021353e-01	2.652397e+00
1.885628e+14	5.113263e-02	2.439998e+00
1.885390e+14	3.245564e-03	2.246322e+00
1.885153e+14	3.993806e-02	-1.128142e+00
1.884916e+14	7.718521e-02	-1.336806e+00
1.884678e+14	1.076552e-01	-1.544140e+00
1.884441e+14	1.308682e-01	-1.749842e+00
1.884204e+14	1.466449e-01	-1.954156e+00
1.883967e+14	1.550408e-01	-2.157506e+00
1.883730e+14	1.562912e-01	-2.360385e+00
1.883493e+14	1.507766e-01	-2.563274e+00
1.883256e+14	1.390078e-01	-2.766582e+00
1.883019e+14	1.216238e-01	-2.970598e+00
1.882782e+14	9.939441e-02	3.107723e+00
1.882545e+14	7.321659e-02	2.902043e+00
1.882309e+14	4.409757e-02	2.695815e+00
1.882072e+14	1.311962e-02	2.490605e+00
1.881835e+14	1.861152e-02	-8.625077e-01
1.881599e+14	5.002703e-02	-1.068342e+00
1.881362e+14	8.015550e-02	-1.274550e+00
1.881126e+14	1.081715e-01	-1.480146e+00
1.880890e+14	1.334265e-01	-1.684881e+00
1.880653e+14	1.554612e-01	-1.888668e+00
1.880417e+14	1.739990e-01	-2.091533e+00
1.880181e+14	1.889299e-01	-2.293579e+00
1.879945e+14	2.002862e-01	-2.494968e+00
1.879709e+14	2.082182e-01	-2.695886e+00
1.879473e+14	2.129697e-01	-2.896529e+00
1.879237e+14	2.148571e-01	-3.097074e+00
1.879001e+14	2.142492e-01	2.985512e+00
1.878765e+14	2.115498e-01	2.784744e+00
1.878529e+14	2.071793e-01	2.583734e+00
1.878294e+14	2.015575e-01	2.382445e+00
1.878058e+14	1.950858e-01	2.180874e+00
1.877822e+14	1.881294e-01	1.979044e+00
1.877587e+14	1.810022e-01	1.776997e+00
1.877351e+14	1.739531e-01	1.574782e+00
1.877116e+14	1.671562e-01	1.372456e+00
1.876881e+14	1.607060e-01	1.170070e+00
1.876645e+14	1.546169e-01	9.676694e-01
1.876410e+14	1.488275e-01	7.652916e-01
1.876175e+14	1.432099e-01	5.629620e-01
1.875940e+14	1.375825e-01	3.606942e-01
1.875705e+14	1.317256e-01	1.584891e-01
1.875470e+14	1.253998e-01	-4.366423e-02
1.875235e+14	1.183642e-01	-2.457874e-01
1.875000e+14	1.103965e-01	-4.479103e-01
("port 2","TE",1,"port 1",1,"modulation")
(1,1)
0.00021
(500,3)
2.000000e+14	9.995265e-01	-2.075610e+00
1.999733e+14	9.995273e-01	-2.305159e+00
1.999466e+14	9.995282e-01	-2.534643e+00
1.999199e+14	9.995281e-01	-2.764067e+00
1.998932e+14	9.995266e-01	-2.993435e+00
1.998665e+14	9.995240e-01	3.060435e+00
1.998398e+14	9.995205e-01	2.831166e+00
1.998131e+14	9.995163e-01	2.601939e+00
1.997865e+14	9.995107e-01	2.372745e+00
1.997598e+14	9.995020e-01	2.143577e+00
1.997332e+14	9.994864e-01	1.914423e+00
1.997065e+14	9.994566e-01	1.685268e+00
1.996799e+14	9.993988e-01	1.456097e+00
1.996532e+14	9.992905e-01	1.226893e+00
1.996266e+14	9.990979e-01	9.976423e-01
1.996000e+14	9.987748e-01	7.683415e-01
1.995734e+14	9.982643e-01	5.390023e-01
1.995468e+14	9.975047e-01	3.096599e-01
1.995202e+14	9.964384e-01	8.037777e-02
1.994936e+14	9.950244e-01	-1.487511e-01
1.994670e+14	9.932518e-01	-3.776078e-01
1.994404e+14	9.911525e-01	-6.060584e-01
1.994139e+14	9.888093e-01	-8.339701e-01
1.993873e+14	9.863564e-01	-1.061232e+00
1.993608e+14	9.839723e-01	-1.287775e+00
1.993342e+14	9.818640e-01	-1.513593e+00
1.993077e+14	9.802443e-01	-1.738754e+00
1.992812e+14	9.793062e-01	-1.963402e+00
1.992546e+14	9.791954e-01	-2.187755e+00
1.992281e+14	9.799866e-01	-2.412081e+00
1.992016e+14	9.816648e-01	-2.636676e+00
1.991751e+14	9.841155e-01	-2.861828e+00
1.991486e+14	9.871260e-01	-3.087778e+00
1.991221e+14	9.904008e-01	2.968504e+00
1.990956e+14	9.935929e-01	2.740605e+00
1.990691e+14	9.963479e-01	2.511801e+00
1.990427e+14	9.983582e-01	2.282312e+00
1.990162e+14	9.994153e-01	2.052461e+00
1.989898e+14	9.994509e-01	1.822631e+00
1.989633e+14	9.985530e-01	1.593202e+00
1.989369e+14	9.969545e-01	1.364489e+00
1.989104e+14	9.949939e-01	1.136689e+00
1.988840e+14	9.930579e-01	9.098499e-01
1.988576e+14	9.915178e-01	6.838584e-01
1.988312e+14	9.906690e-01	4.584595e-01
1.988048e+14	9.906840e-01	2.332939e-01
1.987784e+14	9.915812e-01	7.952241e-03
1.987520e+14	9.932132e-01	-2.179616e-01
1.987256e+14	9.952776e-01	-4.447646e-01
1.986992e+14	9.973506e-01	-6.726353e-01
1.986729e+14	9.989452e-01	-9.015698e-01
1.986465e+14	9.995887e-01	-1.131364e+00
1.986201e+14	9.989082e-01	-1.361627e+00
1.985938e+14	9.967070e-01	-1.591836e+00
1.985674e+14	9.930116e-01	-1.821409e+00
1.985411e+14	9.880754e-01	-2.049801e+00
1.985148e+14	9.823407e-01	-2.276590e+00
1.984885e+14	9.763666e-01	-2.501534e+00
1.984622e+14	9.707462e-01	-2.724607e+00
1.984358e+14	9.660283e-01	-2.945989e+00
1.984095e+14	9.626559e-01	3.117144e+00
1.983832e+14	9.609265e-01	2.897934e+00
1.983570e+14	9.609720e-01	2.679008e+00
1.983307e+14	9.627542e-01	2.459799e+00
1.983044e+14	9.660746e-01	2.239792e+00
1.982781e+14	9.705956e-01	2.018575e+00
1.982519e+14	9.758766e-01	1.795884e+00
1.982256e+14	9.814212e-01	1.571626e+00
1.981994e+14	9.867359e-01	1.345886e+00
1.981732e+14	9.913923e-01	1.118907e+00
1.981469e+14	9.950817e-01	8.910530e-01
1.981207e+14	9.976503e-01	6.627439e-01
1.980945e+14	9.991076e-01	4.343948e-01
1.980683e+14	9.996056e-01	2.063560e-01
1.980421e+14	9.993950e-01	-2.112899e-02
1.980159e+14	9.987706e-01	-2.479420e-01
1.979897e+14	9.980183e-01	-4.740863e-01
1.979635e+14	9.973725e-01	-6.996636e-01
1.979373e+14	9.969892e-01	-9.248400e-01
1.979112e+14	9.969366e-01	-1.149808e+00
1.978850e+14	9.972006e-01	-1.374750e+00
1.978588e+14	9.977019e-01	-1.599810e+00
1.978327e+14	9.983199e-01	-1.825078e+00
1.978066e+14	9.989204e-01	-2.050581e+00
1.977804e+14	9.993802e-01	-2.276288e+00
1.977543e+14	9.996071e-01	-2.502129e+00
1.977282e+14	9.995507e-01	-2.728006e+00
1.977021e+14	9.992048e-01	-2.953819e+00
1.976760e+14	9.986010e-01	3.103702e+00
1.976499e+14	9.977970e-01	2.878249e+00
1.976238e+14	9.968618e-01	2.653036e+00
1.975977e+14	9.958626e-01	2.428066e+00
1.975716e+14	9.948536e-01	2.203314e+00
1.975455e+14	9.938701e-01	1.978744e+00
1.975195e+14	9.929258e-01	1.754312e+00
1.974934e+14	9.920148e-01	1.529979e+00
1.974674e+14	9.911149e-01	1.305714e+00
1.974413e+14	9.901930e-01	1.081502e+00
1.974153e+14	9.892110e-01	8.573445e-01
1.973892e+14	9.881313e-01	6.332613e-01
1.973632e+14	9.869228e-01	4.092901e-01
1.973372e+14	9.855666e-01	1.854854e-01
1.973112e+14	9.840626e-01	-3.808464e-02
1.972852e+14	9.824353e-01	-2.613432e-01
1.972592e+14	9.807387e-01	-4.842131e-01
1.972332e+14	9.790594e-01	-7.066271e-01
1.972072e+14	9.775153e-01	-9.285417e-01
1.971812e+14	9.762500e-01	-1.149951e+00
1.971553e+14	9.754205e-01	-1.370900e+00
1.971293e+14	9.751814e-01	-1.591493e+00
1.971034e+14	9.756626e-01	-1.811896e+00
1.970774e+14	9.769469e-01	-2.032331e+00
1.970515e+14	9.790473e-01	-2.253062e+00
1.970255e+14	9.818879e-01	-2.474364e+00
1.969996e+14	9.852938e-01	-2.696492e+00
1.969737e+14	9.889930e-01	-2.919642e+00
1.969478e+14	9.926351e-01	3.139282e+00
1.969219e+14	9.958302e-01	2.913952e+00
1.968960e+14	9.982042e-01	2.687745e+00
1.968701e+14	9.994653e-01	2.460996e+00
1.968442e+14	9.994669e-01	2.234144e+00
1.968183e+14	9.982502e-01	2.007664e+00
1.967924e+14	9.960535e-01	1.781991e+00
1.967666e+14	9.932823e-01	1.557440e+00
1.967407e+14	9.904471e-01	1.334139e+00
1.967148e+14	9.880801e-01	1.111996e+00
1.966890e+14	9.866480e-01	8.906976e-01
1.966632e+14	9.864714e-01	6.697380e-01
1.966373e+14	9.876588e-01	4.484832e-01
1.966115e+14	9.900588e-01	2.262552e-01
1.965857e+14	9.932375e-01	2.438807e-03
1.965599e+14	9.964921e-01	-2.234007e-01
1.965341e+14	9.989146e-01	-4.514020e-01
1.965083e+14	9.995179e-01	-6.813184e-01
1.964825e+14	9.974183e-01	-9.124854e-01
1.964567e+14	9.920394e-01	-1.143871e+00
1.964309e+14	9.832766e-01	-1.374216e+00
1.964051e+14	9.715597e-01	-1.602240e+00
1.963794e+14	9.577876e-01	-1.826861e+00
1.963536e+14	9.431613e-01	-2.047360e+00
1.963279e+14	9.289797e-01	-2.263478e+00
1.963021e+14	9.164613e-01	-2.475418e+00
1.962764e+14	9.066247e-01	-2.683791e+00
1.962507e+14	9.002309e-01	-2.889525e+00
1.962249e+14	8.977658e-01	-3.093772e+00
1.961992e+14	8.994392e-01	2.985375e+00
1.961735e+14	9.051828e-01	2.780230e+00
1.961478e+14	9.146369e-01	2.572723e+00
1.961221e+14	9.271311e-01	2.361761e+00
1.960964e+14	9.416755e-01	2.146530e+00
1.960707e+14	9.569914e-01	1.926623e+00
1.960450e+14	9.716150e-01	1.702141e+00
1.960194e+14	9.840908e-01	1.473743e+00
1.959937e+14	9.932329e-01	1.242593e+00
1.959681e+14	9.983793e-01	1.010192e+00
1.959424e+14	9.995399e-01	7.781084e-01
1.959168e+14	9.973708e-01	5.476977e-01
1.958911e+14	9.929870e-01	3.198793e-01
1.958655e+14	9.876936e-01	9.502823e-02
1.958399e+14	9.827295e-01	-1.270127e-01
1.958143e+14	9.790826e-01	-3.468351e-01
1.957886e+14	9.773878e-01	-5.653216e-01
1.957630e+14	9.778912e-01	-7.834922e-01
1.957374e+14	9.804558e-01	-1.002355e+00
1.957119e+14	9.845957e-01	-1.222770e+00
1.956863e+14	9.895403e-01	-1.445330e+00
1.956607e+14	9.943338e-01	-1.670275e+00
1.956351e+14	9.979761e-01	-1.897436e+00
1.956096e+14	9.995926e-01	-2.126260e+00
1.955840e+14	9.986002e-01	-2.355889e+00
1.955585e+14	9.948201e-01	-2.585312e+00
1.955329e+14	9.885023e-01	-2.813538e+00
1.955074e+14	9.802516e-01	-3.039761e+00
1.954818e+14	9.708876e-01	3.019716e+00
1.954563e+14	9.612866e-01	2.798703e+00
1.954308e+14	9.522482e-01	2.580259e+00
1.954053e+14	9.444077e-01	2.364010e+00
1.953798e+14	9.381977e-01	2.149426e+00
1.953543e+14	9.338450e-01	1.935898e+00
1.953288e+14	9.313919e-01	1.722820e+00
1.953033e+14	9.307281e-01	1.509638e+00
1.952779e+14	9.316295e-01	1.295899e+00
1.952524e+14	9.337965e-01	1.081271e+00
1.952269e+14	9.368932e-01	8.655523e-01
1.952015e+14	9.405825e-01	6.486654e-01
1.951760e+14	9.445568e-01	4.306400e-01
1.951506e+14	9.485611e-01	2.115881e-01
1.951251e+14	9.524079e-01	-8.325229e-03
1.950997e+14	9.559824e-01	-2.289105e-01
1.950743e+14	9.592412e-01	-4.499790e-01
1.950489e+14	9.622036e-01	-6.713643e-01
1.950234e+14	9.649412e-01	-8.929380e-01
1.949980e+14	9.675628e-01	-1.114622e+00
1.949726e+14	9.701991e-01	-1.336400e+00
1.949473e+14	9.729828e-01	-1.558319e+00
1.949219e+14	9.760260e-01	-1.780494e+00
1.948965e+14	9.793951e-01	-2.003102e+00
1.948711e+14	9.830833e-01	-2.226360e+00
1.948458e+14	9.869881e-01	-2.450502e+00
1.948204e+14	9.908976e-01	-2.675730e+00
1.947951e+14	9.944965e-01	-2.902165e+00
1.947697e+14	9.973977e-01	-3.129798e+00
1.947444e+14	9.992053e-01	2.924739e+00
1.947190e+14	9.996040e-01	2.695440e+00
1.946937e+14	9.984561e-01	2.465999e+00
1.946684e+14	9.958811e-01	2.236984e+00
1.946431e+14	9.922874e-01	2.008904e+00
1.946178e+14	9.883392e-01	1.782061e+00
1.945925e+14	9.848603e-01	1.556429e+00
1.945672e+14	9.826892e-01	1.331558e+00
1.945419e+14	9.825069e-01	1.106544e+00
1.945166e+14	9.846445e-01	8.800578e-01
1.944914e+14	9.888731e-01	6.504602e-01
1.944661e+14	9.941822e-01	4.160198e-01
1.944408e+14	9.985963e-01	1.752776e-01
1.944156e+14	9.991706e-01	-7.243228e-02
1.943903e+14	9.923870e-01	-3.263845e-01
1.943651e+14	9.751099e-01	-5.840357e-01
1.943399e+14	9.458771e-01	-8.411353e-01
1.943146e+14	9.057930e-01	-1.092572e+00
1.942894e+14	8.583080e-01	-1.333657e+00
1.942642e+14	8.079844e-01	-1.561199e+00
1.942390e+14	7.591036e-01	-1.773888e+00
1.942138e+14	7.148534e-01	-1.972053e+00
1.941886e+14	6.772041e-01	-2.157137e+00
1.941634e+14	6.471840e-01	-2.331203e+00
1.941382e+14	6.252567e-01	-2.496598e+00
1.941131e+14	6.116476e-01	-2.655792e+00
1.940879e+14	6.065802e-01	-2.811353e+00
1.940627e+14	6.104345e-01	-2.966005e+00
1.940376e+14	6.238460e-01	-3.122771e+00
1.940124e+14	6.477393e-01	2.998010e+00
1.939873e+14	6.832458e-01	2.825692e+00
1.939622e+14	7.313481e-01	2.638188e+00
1.939370e+14	7.919218e-01	2.429192e+00
1.939119e+14	8.616861e-01	2.192074e+00
1.938868e+14	9.310985e-01	1.922354e+00
1.938617e+14	9.829799e-01	1.622592e+00
1.938366e+14	9.992852e-01	1.306792e+00
1.938115e+14	9.754083e-01	9.970370e-01
1.937864e+14	9.248077e-01	7.118307e-01
1.937613e+14	8.670718e-01	4.581160e-01
1.937362e+14	8.164646e-01	2.330120e-01
1.937112e+14	7.801918e-01	2.902526e-02
1.936861e+14	7.613012e-01	-1.626581e-01
1.936611e+14	7.614125e-01	-3.513307e-01
1.936360e+14	7.821504e-01	-5.474298e-01
1.936110e+14	8.251389e-01	-7.640936e-01
1.935859e+14	8.892552e-01	-1.018970e+00
1.935609e+14	9.612219e-01	-1.333311e+00
1.935359e+14	9.993344e-01	-1.718314e+00
1.935109e+14	9.475951e-01	-2.143036e+00
1.934858e+14	8.124957e-01	-2.536473e+00
1.934608e+14	6.603955e-01	-2.854359e+00
1.934358e+14	5.331861e-01	-3.100204e+00
1.934109e+14	4.373082e-01	2.989423e+00
1.933859e+14	3.668577e-01	2.831016e+00
1.933609e+14	3.149502e-01	2.696138e+00
1.933359e+14	2.763050e-01	2.577291e+00
1.933110e+14	2.472488e-01	2.469587e+00
1.932860e+14	2.252833e-01	2.369736e+00
1.932610e+14	2.087083e-01	2.275436e+00
1.932361e+14	1.963603e-01	2.185002e+00
1.932112e+14	1.874416e-01	2.097143e+00
1.931862e+14	1.814112e-01	2.010818e+00
1.931613e+14	1.779155e-01	1.925146e+00
1.931364e+14	1.767453e-01	1.839332e+00
1.931115e+14	1.778103e-01	1.752623e+00
1.930865e+14	1.811263e-01	1.664267e+00
1.930616e+14	1.868125e-01	1.573471e+00
1.930368e+14	1.950984e-01	1.479366e+00
1.930119e+14	2.063382e-01	1.380961e+00
1.929870e+14	2.210353e-01	1.277094e+00
1.929621e+14	2.398763e-01	1.166368e+00
1.929372e+14	2.637732e-01	1.047069e+00
1.929124e+14	2.939082e-01	9.170725e-01
1.928875e+14	3.317630e-01	7.737320e-01
1.928627e+14	3.790844e-01	6.137814e-01
1.928378e+14	4.376847e-01	4.333169e-01
1.928130e+14	5.088827e-01	2.280188e-01
1.927882e+14	5.923421e-01	-6.093827e-03
1.927633e+14	6.843299e-01	-2.710392e-01
1.927385e+14	7.764612e-01	-5.645262e-01
1.927137e+14	8.573251e-01	-8.784108e-01
1.926889e+14	9.178805e-01	-1.200401e+00
1.926641e+14	9.562885e-01	-1.518976e+00
1.926393e+14	9.771664e-01	-1.827549e+00
1.926145e+14	9.870740e-01	-2.124835e+00
1.925897e+14	9.911268e-01	-2.412642e+00
1.925650e+14	9.922638e-01	-2.693594e+00
1.925402e+14	9.919999e-01	-2.969963e+00
1.925154e+14	9.913853e-01	3.039607e+00
1.924907e+14	9.915103e-01	2.766795e+00
1.924659e+14	9.933320e-01	2.491956e+00
1.924412e+14	9.968210e-01	2.210879e+00
1.924165e+14	9.995111e-01	1.918139e+00
1.923917e+14	9.948204e-01	1.608558e+00
1.923670e+14	9.717203e-01	1.280588e+00
1.923423e+14	9.190486e-01	9.408189e-01
1.923176e+14	8.348161e-01	6.051486e-01
1.922929e+14	7.308520e-01	2.922521e-01
1.922682e+14	6.248171e-01	1.425234e-02
1.922435e+14	5.294469e-01	-2.262918e-01
1.922188e+14	4.497029e-01	-4.330909e-01
1.921941e+14	3.854732e-01	-6.120199e-01
1.921694e+14	3.345922e-01	-7.688064e-01
1.921448e+14	2.945205e-01	-9.082358e-01
1.921201e+14	2.630021e-01	-1.034076e+00
1.920955e+14	2.382261e-01	-1.149239e+00
1.920708e+14	2.188037e-01	-1.255977e+00
1.920462e+14	2.036937e-01	-1.356050e+00
1.920215e+14	1.921272e-01	-1.450863e+00
1.919969e+14	1.835461e-01	-1.541560e+00
1.919723e+14	1.775571e-01	-1.629100e+00
1.919477e+14	1.738999e-01	-1.714313e+00
1.919231e+14	1.724264e-01	-1.797945e+00
1.918985e+14	1.730902e-01	-1.880698e+00
1.918739e+14	1.759450e-01	-1.963261e+00
1.918493e+14	1.811523e-01	-2.046355e+00
1.918247e+14	1.890005e-01	-2.130766e+00
1.918001e+14	1.999381e-01	-2.217410e+00
1.917756e+14	2.146284e-01	-2.307400e+00
1.917510e+14	2.340349e-01	-2.402167e+00
1.917264e+14	2.595558e-01	-2.503627e+00
1.917019e+14	2.932299e-01	-2.614464e+00
1.916773e+14	3.380448e-01	-2.738590e+00
1.916528e+14	3.983432e-01	-2.881903e+00
1.916283e+14	4.801322e-01	-3.053503e+00
1.916037e+14	5.902698e-01	3.015940e+00
1.915792e+14	7.308439e-01	2.741264e+00
1.915547e+14	8.817615e-01	2.390452e+00
1.915302e+14	9.843478e-01	1.979391e+00
1.915057e+14	9.909444e-01	1.570838e+00
1.914812e+14	9.314829e-01	1.221640e+00
1.914567e+14	8.605919e-01	9.398567e-01
1.914322e+14	8.051364e-01	7.074702e-01
1.914077e+14	7.712709e-01	5.049085e-01
1.913833e+14	7.583451e-01	3.171851e-01
1.913588e+14	7.646288e-01	1.330358e-01
1.913344e+14	7.886159e-01	-5.681411e-02
1.913099e+14	8.285459e-01	-2.608459e-01
1.912855e+14	8.807700e-01	-4.870217e-01
1.912610e+14	9.370988e-01	-7.415213e-01
1.912366e+14	9.827379e-01	-1.025251e+00
1.912122e+14	9.996329e-01	-1.329386e+00
1.911877e+14	9.779327e-01	-1.635413e+00
1.911633e+14	9.246097e-01	-1.923583e+00
1.911389e+14	8.568941e-01	-2.182514e+00
1.911145e+14	7.899393e-01	-2.410843e+00
1.910901e+14	7.319478e-01	-2.613005e+00
1.910657e+14	6.857168e-01	-2.795115e+00
1.910413e+14	6.513227e-01	-2.962938e+00
1.910170e+14	6.278671e-01	-3.121308e+00
1.909926e+14	6.143059e-01	3.009026e+00
1.909682e+14	6.097655e-01	2.858446e+00
1.909439e+14	6.136228e-01	2.707360e+00
1.909195e+14	6.254806e-01	2.553284e+00
1.908952e+14	6.450888e-01	2.393903e+00
1.908708e+14	6.722181e-01	2.227009e+00
1.908465e+14	7.064770e-01	2.050508e+00
1.908222e+14	7.470616e-01	1.862535e+00
1.907979e+14	7.924593e-01	1.661679e+00
1.907735e+14	8.401973e-01	1.447355e+00
1.907492e+14	8.868297e-01	1.220220e+00
1.907249e+14	9.283930e-01	9.824620e-01
1.907006e+14	9.613772e-01	7.376861e-01
1.906763e+14	9.838317e-01	4.902631e-01
1.906521e+14	9.959456e-01	2.443293e-01
1.906278e+14	9.997354e-01	2.904379e-03
1.906035e+14	9.981167e-01	-2.324991e-01
1.905792e+14	9.939593e-01	-4.617473e-01
1.905550e+14	9.895075e-01	-6.856670e-01
1.905307e+14	9.861948e-01	-9.055832e-01
1.905065e+14	9.847037e-01	-1.122945e+00
1.904822e+14	9.851242e-01	-1.339075e+00
1.904580e+14	9.871301e-01	-1.555016e+00
1.904338e+14	9.901440e-01	-1.771462e+00
1.904096e+14	9.934867e-01	-1.988745e+00
1.903853e+14	9.965077e-01	-2.206875e+00
1.903611e+14	9.986893e-01	-2.425611e+00
1.903369e+14	9.997130e-01	-2.644560e+00
1.903127e+14	9.994792e-01	-2.863284e+00
1.902885e+14	9.980824e-01	-3.081388e+00
1.902644e+14	9.957542e-01	2.984602e+00
1.902402e+14	9.927930e-01	2.768472e+00
1.902160e+14	9.894992e-01	2.553433e+00
1.901918e+14	9.861264e-01	2.339405e+00
1.901677e+14	9.828545e-01	2.126244e+00
1.901435e+14	9.797813e-01	1.913772e+00
1.901194e+14	9.769290e-01	1.701815e+00
1.900952e+14	9.742589e-01	1.490225e+00
1.900711e+14	9.716899e-01	1.278898e+00
1.900470e+14	9.691174e-01	1.067779e+00
1.900228e+14	9.664307e-01	8.568652e-01
1.899987e+14	9.635286e-01	6.462032e-01
1.899746e+14	9.603322e-01	4.358857e-01
1.899505e+14	9.567980e-01	2.260435e-01
1.899264e+14	9.529280e-01	1.683550e-02
1.899023e+14	9.487791e-01	-1.915644e-01
1.898782e+14	9.444689e-01	-3.989849e-01
1.898542e+14	9.401765e-01	-6.052784e-01
1.898301e+14	9.361368e-01	-8.103444e-01
1.898060e+14	9.326285e-01	-1.014153e+00
1.897819e+14	9.299550e-01	-1.216763e+00
1.897579e+14	9.284203e-01	-1.418339e+00
1.897338e+14	9.283020e-01	-1.619153e+00
1.897098e+14	9.298220e-01	-1.819582e+00
1.896858e+14	9.331170e-01	-2.020091e+00
1.896617e+14	9.382097e-01	-2.221206e+00
1.896377e+14	9.449821e-01	-2.423470e+00
1.896137e+14	9.531551e-01	-2.627400e+00
1.895897e+14	9.622791e-01	-2.833416e+00
1.895657e+14	9.717458e-01	-3.041784e+00
1.895417e+14	9.808292e-01	3.030637e+00
1.895177e+14	9.887631e-01	2.817696e+00
1.894937e+14	9.948500e-01	2.603065e+00
1.894697e+14	9.985844e-01	2.387463e+00
1.894457e+14	9.997573e-01	2.171752e+00
1.894217e+14	9.985096e-01	1.956809e+00
1.893978e+14	9.953144e-01	1.743390e+00
1.893738e+14	9.908923e-01	1.532017e+00
1.893499e+14	9.860877e-01	1.322908e+00
1.893259e+14	9.817372e-01	1.115954e+00
1.893020e+14	9.785574e-01	9.107489e-01
1.892780e+14	9.770625e-01	7.066504e-01
1.892541e+14	9.775105e-01	5.028591e-01
1.892302e+14	9.798713e-01	2.985154e-01
1.892063e+14	9.838132e-01	9.280167e-02
1.891824e+14	9.887113e-01	-1.149479e-01
1.891585e+14	9.936875e-01	-3.251389e-01
1.891346e+14	9.976996e-01	-5.378210e-01
1.891107e+14	9.996842e-01	-7.526293e-01
1.890868e+14	9.987453e-01	-9.687877e-01
1.890629e+14	9.943431e-01	-1.185193e+00
1.890390e+14	9.864275e-01	-1.400573e+00
1.890152e+14	9.754635e-01	-1.613689e+00
1.889913e+14	9.623394e-01	-1.823530e+00
1.889674e+14	9.481946e-01	-2.029442e+00
1.889436e+14	9.342292e-01	-2.231191e+00
1.889197e+14	9.215475e-01	-2.428946e+00
1.888959e+14	9.110611e-01	-2.623215e+00
1.888721e+14	9.034466e-01	-2.814761e+00
1.888482e+14	8.991418e-01	-3.004516e+00
1.888244e+14	8.983578e-01	3.089685e+00
1.888006e+14	9.010945e-01	2.900429e+00
1.887768e+14	9.071493e-01	2.709904e+00
1.887530e+14	9.161199e-01	2.517215e+00
1.887292e+14	9.274068e-01	2.321635e+00
1.887054e+14	9.402261e-01	2.122667e+00
1.886816e+14	9.536465e-01	1.920100e+00
1.886578e+14	9.666617e-01	1.714055e+00
1.886341e+14	9.783005e-01	1.504982e+00
1.886103e+14	9.877584e-01	1.293623e+00
1.885865e+14	9.945218e-01	1.080914e+00
1.885628e+14	9.984438e-01	8.678557e-01
1.885390e+14	9.997480e-01	6.553646e-01
1.885153e+14	9.989573e-01	4.441583e-01
1.884916e+14	9.967741e-01	2.346787e-01
1.884678e+14	9.939479e-01	2.707429e-02
1.884441e+14	9.911616e-01	-1.787714e-01
1.884204e+14	9.889530e-01	-3.831795e-01
1.883967e+14	9.876735e-01	-5.866010e-01
1.883730e+14	9.874778e-01	-7.895405e-01
1.883493e+14	9.883357e-01	-9.924867e-01
1.883256e+14	9.900598e-01	-1.195854e+00
1.883019e+14	9.923453e-01	-1.399940e+00
1.882782e+14	9.948176e-01	-1.604897e+00
1.882545e+14	9.970860e-01	-1.810724e+00
1.882309e+14	9.987976e-01	-2.017279e+00
1.882072e+14	9.996850e-01	-2.224309e+00
1.881835e+14	9.995987e-01	-2.431489e+00
1.881599e+14	9.985208e-01	-2.638476e+00
1.881362e+14	9.965564e-01	-2.844955e+00
1.881126e+14	9.939075e-01	-3.050679e+00
1.880890e+14	9.908352e-01	3.027696e+00
1.880653e+14	9.876196e-01	2.823857e+00
1.880417e+14	9.845245e-01	2.620953e+00
1.880181e+14	9.817702e-01	2.418875e+00
1.879945e+14	9.795178e-01	2.217462e+00
1.879709e+14	9.778634e-01	2.016523e+00
1.879473e+14	9.768403e-01	1.815864e+00
1.879237e+14	9.764274e-01	1.615305e+00
1.879001e+14	9.765613e-01	1.414694e+00
1.878765e+14	9.771499e-01	1.213919e+00
1.878529e+14	9.780860e-01	1.012903e+00
1.878294e+14	9.792601e-01	8.116120e-01
1.878058e+14	9.805700e-01	6.100413e-01
1.877822e+14	9.819286e-01	4.082144e-01
1.877587e+14	9.832676e-01	2.061722e-01
1.877351e+14	9.845395e-01	3.965293e-03
1.877116e+14	9.857167e-01	-1.983523e-01
1.876881e+14	9.867893e-01	-4.007292e-01
1.876645e+14	9.877622e-01	-6.031205e-01
1.876410e+14	9.886517e-01	-8.054906e-01
1.876175e+14	9.894816e-01	-1.007815e+00
1.875940e+14	9.902803e-01	-1.210081e+00
1.875705e+14	9.910769e-01	-1.412288e+00
1.875470e+14	9.918976e-01	-1.614448e+00
1.875235e+14	9.927621e-01	-1.816584e+00
1.875000e+14	9.936800e-01	-2.018726e+00
("port 2","TE",1,"port 2",1,"modulation")
(1,1)
0.00021
(500,3)
2.000000e+14	3.764669e-03	-5.032888e-01
1.999733e+14	3.089633e-03	-7.303726e-01
1.999466e+14	2.074540e-03	-9.548531e-01
1.999199e+14	9.421995e-04	-1.167180e+00
1.998932e+14	1.562476e-04	1.525933e+00
1.998665e+14	1.136573e-03	1.459070e+00
1.998398e+14	2.016650e-03	1.241124e+00
1.998131e+14	2.888876e-03	1.016553e+00
1.997865e+14	3.924935e-03	7.905516e-01
1.997598e+14	5.360605e-03	5.640923e-01
1.997332e+14	7.477230e-03	3.372481e-01
1.997065e+14	1.057904e-02	1.099239e-01
1.996799e+14	1.496757e-02	-1.178976e-01
1.996532e+14	2.091461e-02	-3.461508e-01
1.996266e+14	2.863530e-02	-5.747442e-01
1.996000e+14	3.826282e-02	-8.035917e-01
1.995734e+14	4.982654e-02	-1.032615e+00
1.995468e+14	6.323537e-02	-1.261734e+00
1.995202e+14	7.826814e-02	-1.490855e+00
1.994936e+14	9.457283e-02	-1.719865e+00
1.994670e+14	1.116756e-01	-1.948632e+00
1.994404e+14	1.289998e-01	-2.177014e+00
1.994139e+14	1.458935e-01	-2.404871e+00
1.993873e+14	1.616628e-01	-2.632088e+00
1.993608e+14	1.756067e-01	-2.858594e+00
1.993342e+14	1.870507e-01	-3.084380e+00
1.993077e+14	1.953753e-01	2.973673e+00
1.992812e+14	2.000382e-01	2.749050e+00
1.992546e+14	2.005930e-01	2.524722e+00
1.992281e+14	1.967041e-01	2.300420e+00
1.992016e+14	1.881630e-01	2.075849e+00
1.991751e+14	1.749078e-01	1.850724e+00
1.991486e+14	1.570464e-01	1.624805e+00
1.991221e+14	1.348812e-01	1.397940e+00
1.990956e+14	1.089308e-01	1.170094e+00
1.990691e+14	7.993901e-02	9.413761e-01
1.990427e+14	4.886467e-02	7.120701e-01
1.990162e+14	1.684469e-02	4.830530e-01
1.989898e+14	1.486811e-02	-2.891010e+00
1.989633e+14	4.498453e-02	-3.119474e+00
1.989369e+14	7.226238e-02	2.935196e+00
1.989104e+14	9.557830e-02	2.707491e+00
1.988840e+14	1.139780e-01	2.480716e+00
1.988576e+14	1.267024e-01	2.254777e+00
1.988312e+14	1.331941e-01	2.029429e+00
1.988048e+14	1.330956e-01	1.804318e+00
1.987784e+14	1.262476e-01	1.579043e+00
1.987520e+14	1.126975e-01	1.353220e+00
1.987256e+14	9.271801e-02	1.126559e+00
1.986992e+14	6.683347e-02	8.989581e-01
1.986729e+14	3.584151e-02	6.708027e-01
1.986465e+14	8.172691e-04	5.109295e-01
1.986201e+14	3.692806e-02	-2.934017e+00
1.985938e+14	7.589809e-02	3.119792e+00
1.985674e+14	1.145375e-01	2.890497e+00
1.985411e+14	1.513407e-01	2.662247e+00
1.985148e+14	1.849614e-01	2.435548e+00
1.984885e+14	2.142874e-01	2.210666e+00
1.984622e+14	2.384720e-01	1.987642e+00
1.984358e+14	2.569280e-01	1.766299e+00
1.984095e+14	2.692968e-01	1.546280e+00
1.983832e+14	2.754096e-01	1.327100e+00
1.983570e+14	2.752538e-01	1.108203e+00
1.983307e+14	2.689543e-01	8.890219e-01
1.983044e+14	2.567707e-01	6.690436e-01
1.982781e+14	2.391099e-01	4.478576e-01
1.982519e+14	2.165453e-01	2.252002e-01
1.982256e+14	1.898345e-01	9.808955e-04
1.981994e+14	1.599214e-01	-2.247119e-01
1.981732e+14	1.279154e-01	-4.516271e-01
1.981469e+14	9.504188e-02	-6.793883e-01
1.981207e+14	6.256872e-02	-9.075330e-01
1.980945e+14	3.172031e-02	-1.135461e+00
1.980683e+14	3.595622e-03	-1.357240e+00
1.980421e+14	2.089625e-02	1.548671e+00
1.980159e+14	4.107356e-02	1.322493e+00
1.979897e+14	5.649520e-02	1.096565e+00
1.979635e+14	6.695256e-02	8.711158e-01
1.979373e+14	7.244986e-02	6.460407e-01
1.979112e+14	7.317937e-02	4.211704e-01
1.978850e+14	6.949554e-02	1.963378e-01
1.978588e+14	6.188934e-02	-2.858283e-02
1.978327e+14	5.096140e-02	-2.536450e-01
1.978066e+14	3.739216e-02	-4.787838e-01
1.977804e+14	2.190779e-02	-7.036003e-01
1.977543e+14	5.242328e-03	-9.228483e-01
1.977282e+14	1.190283e-02	1.980478e+00
1.977021e+14	2.889481e-02	1.756926e+00
1.976760e+14	4.520395e-02	1.531854e+00
1.976499e+14	6.042569e-02	1.306680e+00
1.976238e+14	7.429388e-02	1.081633e+00
1.975977e+14	8.668277e-02	8.567743e-01
1.975716e+14	9.759914e-02	6.321055e-01
1.975455e+14	1.071661e-01	4.076001e-01
1.975195e+14	1.156002e-01	1.832213e-01
1.974934e+14	1.231842e-01	-4.106736e-02
1.974674e+14	1.302361e-01	-2.652938e-01
1.974413e+14	1.370771e-01	-4.894724e-01
1.974153e+14	1.439994e-01	-7.136007e-01
1.973892e+14	1.512365e-01	-9.376587e-01
1.973632e+14	1.589370e-01	-1.161608e+00
1.973372e+14	1.671447e-01	-1.385394e+00
1.973112e+14	1.757862e-01	-1.608948e+00
1.972852e+14	1.846670e-01	-1.832193e+00
1.972592e+14	1.934771e-01	-2.055050e+00
1.972332e+14	2.018045e-01	-2.277453e+00
1.972072e+14	2.091565e-01	-2.499357e+00
1.971812e+14	2.149855e-01	-2.720757e+00
1.971553e+14	2.187172e-01	-2.941695e+00
1.971293e+14	2.197796e-01	3.120908e+00
1.971034e+14	2.176309e-01	2.900518e+00
1.970774e+14	2.117869e-01	2.680096e+00
1.970515e+14	2.018494e-01	2.459382e+00
1.970255e+14	1.875372e-01	2.238100e+00
1.969996e+14	1.687215e-01	2.015996e+00
1.969737e+14	1.454653e-01	1.792882e+00
1.969478e+14	1.180631e-01	1.568671e+00
1.969219e+14	8.707345e-02	1.343426e+00
1.968960e+14	5.333353e-02	1.117410e+00
1.968701e+14	1.794438e-02	8.915761e-01
1.968442e+14	1.777867e-02	-2.479576e+00
1.968183e+14	5.238748e-02	-2.705134e+00
1.967924e+14	8.440124e-02	-2.930609e+00
1.967666e+14	1.124036e-01	3.128121e+00
1.967407e+14	1.351180e-01	2.904885e+00
1.967148e+14	1.514510e-01	2.682796e+00
1.966890e+14	1.605044e-01	2.461550e+00
1.966632e+14	1.615699e-01	2.240648e+00
1.966373e+14	1.541232e-01	2.019464e+00
1.966115e+14	1.378379e-01	1.797333e+00
1.965857e+14	1.126301e-01	1.573673e+00
1.965599e+14	7.873870e-02	1.348151e+00
1.965341e+14	3.682714e-02	1.121261e+00
1.965083e+14	1.192637e-02	-2.258543e+00
1.964825e+14	6.579641e-02	-2.484539e+00
1.964567e+14	1.225880e-01	-2.715372e+00
1.964309e+14	1.798295e-01	-2.945499e+00
1.964051e+14	2.350502e-01	3.109783e+00
1.963794e+14	2.860564e-01	2.885243e+00
1.963536e+14	3.311236e-01	2.664802e+00
1.963279e+14	3.690586e-01	2.448731e+00
1.963021e+14	3.991462e-01	2.236831e+00
1.962764e+14	4.210233e-01	2.028494e+00
1.962507e+14	4.345354e-01	1.822792e+00
1.962249e+14	4.396118e-01	1.618576e+00
1.961992e+14	4.361802e-01	1.414569e+00
1.961735e+14	4.241313e-01	1.209456e+00
1.961478e+14	4.033349e-01	1.001983e+00
1.961221e+14	3.737133e-01	7.910593e-01
1.960964e+14	3.353703e-01	5.758739e-01
1.960707e+14	2.887646e-01	3.560234e-01
1.960450e+14	2.348918e-01	1.316193e-01
1.960194e+14	1.754127e-01	-9.665589e-02
1.959937e+14	1.126516e-01	-3.275630e-01
1.959681e+14	4.941723e-02	-5.591611e-01
1.959424e+14	1.132747e-02	2.342944e+00
1.959168e+14	6.684159e-02	2.117582e+00
1.958911e+14	1.149031e-01	1.890222e+00
1.958655e+14	1.539386e-01	1.665556e+00
1.958399e+14	1.829957e-01	1.443624e+00
1.958143e+14	2.016168e-01	1.223881e+00
1.957886e+14	2.096899e-01	1.005462e+00
1.957630e+14	2.073342e-01	7.873564e-01
1.957374e+14	1.948451e-01	5.685655e-01
1.957119e+14	1.727039e-01	3.482403e-01
1.956863e+14	1.416369e-01	1.258088e-01
1.956607e+14	1.026962e-01	-9.890519e-02
1.956351e+14	5.732164e-02	-3.254639e-01
1.956096e+14	7.340071e-03	-5.453931e-01
1.955840e+14	4.512813e-02	2.354767e+00
1.955585e+14	9.784605e-02	2.126259e+00
1.955329e+14	1.486903e-01	1.898315e+00
1.955074e+14	1.958554e-01	1.672232e+00
1.954818e+14	2.379873e-01	1.448611e+00
1.954563e+14	2.742212e-01	1.227659e+00
1.954308e+14	3.041400e-01	1.009260e+00
1.954053e+14	3.276881e-01	7.930475e-01
1.953798e+14	3.450755e-01	5.784928e-01
1.953543e+14	3.566939e-01	3.649905e-01
1.953288e+14	3.630563e-01	1.519335e-01
1.953033e+14	3.647575e-01	-6.122937e-02
1.952779e+14	3.624505e-01	-2.749517e-01
1.952524e+14	3.568304e-01	-4.895651e-01
1.952269e+14	3.486177e-01	-7.052713e-01
1.952015e+14	3.385360e-01	-9.221476e-01
1.951760e+14	3.272817e-01	-1.140164e+00
1.951506e+14	3.154859e-01	-1.359208e+00
1.951251e+14	3.036737e-01	-1.579116e+00
1.950997e+14	2.922246e-01	-1.799696e+00
1.950743e+14	2.813424e-01	-2.020759e+00
1.950489e+14	2.710373e-01	-2.242139e+00
1.950234e+14	2.611240e-01	-2.463707e+00
1.949980e+14	2.512363e-01	-2.685383e+00
1.949726e+14	2.408559e-01	-2.907150e+00
1.949473e+14	2.293529e-01	-3.129055e+00
1.949219e+14	2.160361e-01	2.931974e+00
1.948965e+14	2.002088e-01	2.709391e+00
1.948711e+14	1.812321e-01	2.486167e+00
1.948458e+14	1.585926e-01	2.262072e+00
1.948204e+14	1.319772e-01	2.036914e+00
1.947951e+14	1.013504e-01	1.810592e+00
1.947697e+14	6.702741e-02	1.583191e+00
1.947444e+14	2.972913e-02	1.355352e+00
1.947190e+14	9.401247e-03	-2.021408e+00
1.946937e+14	4.883297e-02	-2.247208e+00
1.946684e+14	8.674070e-02	-2.475816e+00
1.946431e+14	1.211341e-01	-2.703724e+00
1.946178e+14	1.499925e-01	-2.930458e+00
1.945925e+14	1.713646e-01	3.127180e+00
1.945672e+14	1.834085e-01	2.902391e+00
1.945419e+14	1.843769e-01	2.677467e+00
1.945166e+14	1.725787e-01	2.451098e+00
1.944914e+14	1.463786e-01	2.221685e+00
1.944661e+14	1.043195e-01	1.987628e+00
1.944408e+14	4.546318e-02	1.748430e+00
1.944156e+14	2.999975e-02	-1.647524e+00
1.943903e+14	1.199775e-01	-1.898418e+00
1.943651e+14	2.199583e-01	-2.155577e+00
1.943399e+14	3.233348e-01	-2.412469e+00
1.943146e+14	4.228361e-01	-2.663787e+00
1.942894e+14	5.124380e-01	-2.904793e+00
1.942642e+14	5.886318e-01	-3.132277e+00
1.942390e+14	6.504850e-01	2.938265e+00
1.942138e+14	6.988520e-01	2.740139e+00
1.941886e+14	7.354183e-01	2.555089e+00
1.941634e+14	7.619901e-01	2.381054e+00
1.941382e+14	7.800989e-01	2.215689e+00
1.941131e+14	7.908257e-01	2.056523e+00
1.940879e+14	7.947261e-01	1.900992e+00
1.940627e+14	7.917717e-01	1.746371e+00
1.940376e+14	7.812454e-01	1.589638e+00
1.940124e+14	7.615427e-01	1.427273e+00
1.939873e+14	7.298365e-01	1.255001e+00
1.939622e+14	6.815957e-01	1.067557e+00
1.939370e+14	6.101148e-01	8.586451e-01
1.939119e+14	5.067498e-01	6.216586e-01
1.938868e+14	3.636779e-01	3.521953e-01
1.938617e+14	1.813262e-01	5.323500e-02
1.938366e+14	2.297021e-02	2.865755e+00
1.938115e+14	2.184193e-01	2.566639e+00
1.937864e+14	3.793795e-01	2.282015e+00
1.937613e+14	4.974564e-01	2.028525e+00
1.937362e+14	5.768262e-01	1.803552e+00
1.937112e+14	6.250514e-01	1.599662e+00
1.936861e+14	6.479435e-01	1.408064e+00
1.936611e+14	6.478084e-01	1.219480e+00
1.936360e+14	6.225800e-01	1.023488e+00
1.936110e+14	5.642905e-01	8.069783e-01
1.935859e+14	4.564535e-01	5.523822e-01
1.935609e+14	2.737717e-01	2.388352e-01
1.935359e+14	8.874093e-04	4.287923e-01
1.935109e+14	3.173021e-01	2.567619e+00
1.934858e+14	5.819305e-01	2.174979e+00
1.934608e+14	7.502768e-01	1.857367e+00
1.934358e+14	8.455485e-01	1.611665e+00
1.934109e+14	8.989685e-01	1.418197e+00
1.933859e+14	9.299984e-01	1.259855e+00
1.933609e+14	9.488714e-01	1.125026e+00
1.933359e+14	9.608619e-01	1.006220e+00
1.933110e+14	9.687645e-01	8.985497e-01
1.932860e+14	9.741209e-01	7.987288e-01
1.932610e+14	9.778169e-01	7.044555e-01
1.932361e+14	9.803794e-01	6.140461e-01
1.932112e+14	9.821299e-01	5.262102e-01
1.931862e+14	9.832663e-01	4.399083e-01
1.931613e+14	9.839081e-01	3.542572e-01
1.931364e+14	9.841211e-01	2.684640e-01
1.931115e+14	9.839301e-01	1.817764e-01
1.930865e+14	9.833248e-01	9.344105e-02
1.930616e+14	9.822588e-01	2.666097e-03
1.930368e+14	9.806436e-01	-9.141786e-02
1.930119e+14	9.783358e-01	-1.898008e-01
1.929870e+14	9.751138e-01	-2.936447e-01
1.929621e+14	9.706417e-01	-4.043472e-01
1.929372e+14	9.644100e-01	-5.236210e-01
1.929124e+14	9.556414e-01	-6.535907e-01
1.928875e+14	9.431472e-01	-7.969024e-01
1.928627e+14	9.251151e-01	-9.568221e-01
1.928378e+14	8.988390e-01	-1.137253e+00
1.928130e+14	8.604883e-01	-1.342515e+00
1.927882e+14	8.052595e-01	-1.576588e+00
1.927633e+14	7.286367e-01	-1.841491e+00
1.927385e+14	6.294808e-01	-2.134935e+00
1.927137e+14	5.138878e-01	-2.448779e+00
1.926889e+14	3.956871e-01	-2.770742e+00
1.926641e+14	2.908596e-01	-3.089326e+00
1.926393e+14	2.103765e-01	2.885206e+00
1.926145e+14	1.575469e-01	2.587730e+00
1.925897e+14	1.296921e-01	2.299639e+00
1.925650e+14	1.207230e-01	2.018422e+00
1.925402e+14	1.228902e-01	1.741910e+00
1.925154e+14	1.277559e-01	1.468281e+00
1.924907e+14	1.267632e-01	1.195548e+00
1.924659e+14	1.115275e-01	9.208793e-01
1.924412e+14	7.391764e-02	6.402161e-01
1.924165e+14	6.360078e-03	3.576994e-01
1.923917e+14	9.654460e-02	-3.105225e+00
1.923670e+14	2.338122e-01	2.850486e+00
1.923423e+14	3.926903e-01	2.510897e+00
1.923176e+14	5.494958e-01	2.175331e+00
1.922929e+14	6.817547e-01	1.862506e+00
1.922682e+14	7.801574e-01	1.584561e+00
1.922435e+14	8.478464e-01	1.344061e+00
1.922188e+14	8.927658e-01	1.137299e+00
1.921941e+14	9.223689e-01	9.584021e-01
1.921694e+14	9.420600e-01	8.016440e-01
1.921448e+14	9.553787e-01	6.622402e-01
1.921201e+14	9.645578e-01	5.364231e-01
1.920955e+14	9.709957e-01	4.212818e-01
1.920708e+14	9.755742e-01	3.145649e-01
1.920462e+14	9.788560e-01	2.145108e-01
1.920215e+14	9.812050e-01	1.197162e-01
1.919969e+14	9.828577e-01	2.903696e-02
1.919723e+14	9.839670e-01	-5.848568e-02
1.919477e+14	9.846285e-01	-1.436817e-01
1.919231e+14	9.848949e-01	-2.272971e-01
1.918985e+14	9.847849e-01	-3.100328e-01
1.918739e+14	9.842843e-01	-3.925795e-01
1.918493e+14	9.833439e-01	-4.756555e-01
1.918247e+14	9.818693e-01	-5.600491e-01
1.918001e+14	9.797033e-01	-6.466738e-01
1.917756e+14	9.765919e-01	-7.366445e-01
1.917510e+14	9.721239e-01	-8.313900e-01
1.917264e+14	9.656213e-01	-9.328266e-01
1.917019e+14	9.559295e-01	-1.043637e+00
1.916773e+14	9.410068e-01	-1.167732e+00
1.916528e+14	9.170939e-01	-1.311007e+00
1.916283e+14	8.770185e-01	-1.482557e+00
1.916037e+14	8.069615e-01	-1.696228e+00
1.915792e+14	6.821618e-01	-1.970785e+00
1.915547e+14	4.709744e-01	-2.321341e+00
1.915302e+14	1.740029e-01	-2.731264e+00
1.915057e+14	1.314433e-01	-2.098715e-03
1.914812e+14	3.629041e-01	-3.498027e-01
1.914567e+14	5.087737e-01	-6.312983e-01
1.914322e+14	5.927086e-01	-8.635527e-01
1.914077e+14	6.361907e-01	-1.066031e+00
1.913833e+14	6.515642e-01	-1.253690e+00
1.913588e+14	6.441834e-01	-1.437781e+00
1.913344e+14	6.145752e-01	-1.627571e+00
1.913099e+14	5.595527e-01	-1.831531e+00
1.912855e+14	4.730576e-01	-2.057605e+00
1.912610e+14	3.483144e-01	-2.311919e+00
1.912366e+14	1.834150e-01	-2.595108e+00
1.912122e+14	1.045956e-02	2.227572e-01
1.911877e+14	2.074247e-01	-6.559535e-02
1.911633e+14	3.801498e-01	-3.533041e-01
1.911389e+14	5.149832e-01	-6.120688e-01
1.911145e+14	6.128050e-01	-8.403079e-01
1.910901e+14	6.810558e-01	-1.042411e+00
1.910657e+14	7.276105e-01	-1.224477e+00
1.910413e+14	7.585733e-01	-1.392267e+00
1.910170e+14	7.781126e-01	-1.550608e+00
1.909926e+14	7.888720e-01	-1.703434e+00
1.909682e+14	7.923920e-01	-1.853991e+00
1.909439e+14	7.894106e-01	-2.005055e+00
1.909195e+14	7.800473e-01	-2.159110e+00
1.908952e+14	7.639064e-01	-2.318470e+00
1.908708e+14	7.401375e-01	-2.485342e+00
1.908465e+14	7.074986e-01	-2.661819e+00
1.908222e+14	6.644862e-01	-2.849767e+00
1.907979e+14	6.096121e-01	-3.050594e+00
1.907735e+14	5.419050e-01	3.018302e+00
1.907492e+14	4.616282e-01	2.791212e+00
1.907249e+14	3.709890e-01	2.553513e+00
1.907006e+14	2.743827e-01	2.308829e+00
1.906763e+14	1.777668e-01	2.061573e+00
1.906521e+14	8.728772e-02	1.816087e+00
1.906278e+14	7.876340e-03	1.583069e+00
1.906035e+14	5.748390e-02	-1.804373e+00
1.905792e+14	1.076793e-01	-2.033001e+00
1.905550e+14	1.429403e-01	-2.256719e+00
1.905307e+14	1.642605e-01	-2.476527e+00
1.905065e+14	1.729811e-01	-2.693817e+00
1.904822e+14	1.705699e-01	-2.909888e+00
1.904580e+14	1.585444e-01	-3.125775e+00
1.904338e+14	1.384712e-01	2.941021e+00
1.904096e+14	1.119836e-01	2.723807e+00
1.903853e+14	8.078017e-02	2.505785e+00
1.903611e+14	4.658404e-02	2.287290e+00
1.903369e+14	1.106441e-02	2.070024e+00
1.903127e+14	2.426161e-02	-1.293453e+00
1.902885e+14	5.812160e-02	-1.510962e+00
1.902644e+14	8.955337e-02	-1.727999e+00
1.902402e+14	1.179314e-01	-1.944053e+00
1.902160e+14	1.429565e-01	-2.159048e+00
1.901918e+14	1.646179e-01	-2.373047e+00
1.901677e+14	1.831397e-01	-2.586191e+00
1.901435e+14	1.989222e-01	-2.798653e+00
1.901194e+14	2.124833e-01	-3.010606e+00
1.900952e+14	2.244034e-01	3.060989e+00
1.900711e+14	2.352741e-01	2.849658e+00
1.900470e+14	2.456513e-01	2.638530e+00
1.900228e+14	2.560134e-01	2.427606e+00
1.899987e+14	2.667257e-01	2.216932e+00
1.899746e+14	2.780128e-01	2.006603e+00
1.899505e+14	2.899425e-01	1.796750e+00
1.899264e+14	3.024204e-01	1.587533e+00
1.899023e+14	3.151979e-01	1.379127e+00
1.898782e+14	3.278910e-01	1.171703e+00
1.898542e+14	3.400082e-01	9.654092e-01
1.898301e+14	3.509835e-01	7.603460e-01
1.898060e+14	3.602085e-01	5.565436e-01
1.897819e+14	3.670621e-01	3.539422e-01
1.897579e+14	3.709328e-01	1.523780e-01
1.897338e+14	3.712340e-01	-4.842148e-02
1.897098e+14	3.674142e-01	-2.488331e-01
1.896858e+14	3.589655e-01	-4.493212e-01
1.896617e+14	3.454360e-01	-6.504105e-01
1.896377e+14	3.264511e-01	-8.526455e-01
1.896137e+14	3.017500e-01	-1.056539e+00
1.895897e+14	2.712400e-01	-1.262510e+00
1.895657e+14	2.350649e-01	-1.470817e+00
1.895417e+14	1.936802e-01	-1.681495e+00
1.895177e+14	1.479130e-01	-1.894300e+00
1.894937e+14	9.898448e-02	-2.108667e+00
1.894697e+14	4.846889e-02	-2.323479e+00
1.894457e+14	1.817234e-03	5.607944e-01
1.894217e+14	4.996922e-02	3.845442e-01
1.893978e+14	9.418335e-02	1.718361e-01
1.893738e+14	1.328842e-01	-3.928267e-02
1.893499e+14	1.648100e-01	-2.482543e-01
1.893259e+14	1.890211e-01	-4.551160e-01
1.893020e+14	2.048586e-01	-6.602494e-01
1.892780e+14	2.118809e-01	-8.642862e-01
1.892541e+14	2.098066e-01	-1.068018e+00
1.892302e+14	1.984850e-01	-1.272298e+00
1.892063e+14	1.779086e-01	-1.477936e+00
1.891824e+14	1.482689e-01	-1.685581e+00
1.891585e+14	1.100495e-01	-1.895593e+00
1.891346e+14	6.413328e-02	-2.107837e+00
1.891107e+14	1.188269e-02	-2.318299e+00
1.890868e+14	4.485348e-02	6.004522e-01
1.890629e+14	1.038412e-01	3.848691e-01
1.890390e+14	1.626734e-01	1.697316e-01
1.890152e+14	2.190364e-01	-4.326310e-02
1.889913e+14	2.709539e-01	-2.530264e-01
1.889674e+14	3.169375e-01	-4.588825e-01
1.889436e+14	3.560176e-01	-6.605876e-01
1.889197e+14	3.876766e-01	-8.583055e-01
1.888959e+14	4.117279e-01	-1.052542e+00
1.888721e+14	4.281868e-01	-1.244058e+00
1.888482e+14	4.371602e-01	-1.433785e+00
1.888244e+14	4.387719e-01	-1.622742e+00
1.888006e+14	4.331235e-01	-1.811969e+00
1.887768e+14	4.202909e-01	-2.002465e+00
1.887530e+14	4.003537e-01	-2.195122e+00
1.887292e+14	3.734537e-01	-2.390667e+00
1.887054e+14	3.398777e-01	-2.589596e+00
1.886816e+14	3.001510e-01	-2.792115e+00
1.886578e+14	2.551233e-01	-2.998100e+00
1.886341e+14	2.060166e-01	3.076096e+00
1.886103e+14	1.544083e-01	2.864866e+00
1.885865e+14	1.021353e-01	2.652397e+00
1.885628e+14	5.113263e-02	2.439998e+00
1.885390e+14	3.245564e-03	2.246322e+00
1.885153e+14	3.993806e-02	-1.128142e+00
1.884916e+14	7.718521e-02	-1.336806e+00
1.884678e+14	1.076552e-01	-1.544140e+00
1.884441e+14	1.308682e-01	-1.749842e+00
1.884204e+14	1.466449e-01	-1.954156e+00
1.883967e+14	1.550408e-01	-2.157506e+00
1.883730e+14	1.562912e-01	-2.360385e+00
1.883493e+14	1.507766e-01	-2.563274e+00
1.883256e+14	1.390078e-01	-2.766582e+00
1.883019e+14	1.216238e-01	-2.970598e+00
1.882782e+14	9.939441e-02	3.107723e+00
1.882545e+14	7.321659e-02	2.902043e+00
1.882309e+14	4.409757e-02	2.695815e+00
1.882072e+14	1.311962e-02	2.490605e+00
1.881835e+14	1.861152e-02	-8.625077e-01
1.881599e+14	5.002703e-02	-1.068342e+00
1.881362e+14	8.015550e-02	-1.274550e+00
1.881126e+14	1.081715e-01	-1.480146e+00
1.880890e+14	1.334265e-01	-1.684881e+00
1.880653e+14	1.554612e-01	-1.888668e+00
1.880417e+14	1.739990e-01	-2.091533e+00
1.880181e+14	1.889299e-01	-2.293579e+00
1.879945e+14	2.002862e-01	-2.494968e+00
1.879709e+14	2.082182e-01	-2.695886e+00
1.879473e+14	2.129697e-01	-2.896529e+00
1.879237e+14	2.148571e-01	-3.097074e+00
1.879001e+14	2.142492e-01	2.985512e+00
1.878765e+14	2.115498e-01	2.784744e+00
1.878529e+14	2.071793e-01	2.583734e+00
1.878294e+14	2.015575e-01	2.382445e+00
1.878058e+14	1.950858e-01	2.180874e+00
1.877822e+14	1.881294e-01	1.979044e+00
1.877587e+14	1.810022e-01	1.776997e+00
1.877351e+14	1.739531e-01	1.574782e+00
1.877116e+14	1.671562e-01	1.372456e+00
1.876881e+14	1.607060e-01	1.170070e+00
1.876645e+14	1.546169e-01	9.676694e-01
1.876410e+14	1.488275e-01	7.652916e-01
1.876175e+14	1.432099e-01	5.629620e-01
1.875940e+14	1.375825e-01	3.606942e-01
1.875705e+14	1.317256e-01	1.584891e-01
1.875470e+14	1.253998e-01	-4.366423e-02
1.875235e+14	1.183642e-01	-2.457874e-01
1.875000e+14	1.103965e-01	-4.479103e-01
