("port 1","TE",1,"port 1",1,"modulation")
(1,1)
0.00579
(500,3)
2.000000e+14	1.217277e-01	1.991615e+00
1.999733e+14	1.403130e-01	1.761875e+00
1.999466e+14	1.552391e-01	1.532912e+00
1.999199e+14	1.661827e-01	1.304619e+00
1.998932e+14	1.729902e-01	1.076816e+00
1.998665e+14	1.756642e-01	8.492854e-01
1.998398e+14	1.743491e-01	6.217981e-01
1.998131e+14	1.693175e-01	3.941449e-01
1.997865e+14	1.609564e-01	1.661584e-01
1.997598e+14	1.497528e-01	-6.227101e-02
1.997332e+14	1.362758e-01	-2.911886e-01
1.997065e+14	1.211537e-01	-5.205779e-01
1.996799e+14	1.050461e-01	-7.503706e-01
1.996532e+14	8.861111e-02	-9.804623e-01
1.996266e+14	7.247221e-02	-1.210730e+00
1.996000e+14	5.718560e-02	-1.441049e+00
1.995734e+14	4.321359e-02	-1.671303e+00
1.995468e+14	3.090544e-02	-1.901385e+00
1.995202e+14	2.048730e-02	-2.131183e+00
1.994936e+14	1.206120e-02	-2.360502e+00
1.994670e+14	5.612173e-03	-2.588650e+00
1.994404e+14	1.022360e-03	-2.805735e+00
1.994139e+14	1.910355e-03	8.376907e-02
1.993873e+14	3.448155e-03	-1.413210e-01
1.993608e+14	3.889684e-03	-3.689063e-01
1.993342e+14	3.543164e-03	-5.963506e-01
1.993077e+14	2.701400e-03	-8.225068e-01
1.992812e+14	1.618660e-03	-1.044259e+00
1.992546e+14	4.914119e-04	-1.232118e+00
1.992281e+14	5.600934e-04	1.569407e+00
1.992016e+14	1.490950e-03	1.372798e+00
1.991751e+14	2.348367e-03	1.151069e+00
1.991486e+14	3.258755e-03	9.259255e-01
1.991221e+14	4.421107e-03	6.999193e-01
1.990956e+14	6.091375e-03	4.735162e-01
1.990691e+14	8.562229e-03	2.466762e-01
1.990427e+14	1.213916e-02	1.933339e-02
1.990162e+14	1.711428e-02	-2.084834e-01
1.989898e+14	2.373922e-02	-4.366896e-01
1.989633e+14	3.219883e-02	-6.651940e-01
1.989369e+14	4.258716e-02	-8.939157e-01
1.989104e+14	5.488751e-02	-1.122778e+00
1.988840e+14	6.895845e-02	-1.351698e+00
1.988576e+14	8.452752e-02	-1.580576e+00
1.988312e+14	1.011943e-01	-1.809291e+00
1.988048e+14	1.184431e-01	-2.037708e+00
1.987784e+14	1.356660e-01	-2.265682e+00
1.987520e+14	1.521923e-01	-2.493084e+00
1.987256e+14	1.673232e-01	-2.719811e+00
1.986992e+14	1.803662e-01	-2.945817e+00
1.986729e+14	1.906669e-01	3.112065e+00
1.986465e+14	1.976349e-01	2.887369e+00
1.986201e+14	2.007645e-01	2.663107e+00
1.985938e+14	1.996512e-01	2.439042e+00
1.985674e+14	1.940069e-01	2.214892e+00
1.985411e+14	1.836771e-01	1.990361e+00
1.985148e+14	1.686618e-01	1.765178e+00
1.984885e+14	1.491393e-01	1.539134e+00
1.984622e+14	1.254910e-01	1.312115e+00
1.984358e+14	9.831866e-02	1.084140e+00
1.984095e+14	6.844747e-02	8.553759e-01
1.983832e+14	3.690609e-02	6.262027e-01
1.983570e+14	4.880065e-03	4.001734e-01
1.983307e+14	2.635804e-02	-2.975843e+00
1.983044e+14	5.553070e-02	3.078797e+00
1.982781e+14	8.143605e-02	2.850768e+00
1.982519e+14	1.030121e-01	2.623626e+00
1.982256e+14	1.193775e-01	2.397399e+00
1.981994e+14	1.298496e-01	2.171931e+00
1.981732e+14	1.339467e-01	1.946933e+00
1.981469e+14	1.313845e-01	1.722027e+00
1.981207e+14	1.220784e-01	1.496811e+00
1.980945e+14	1.061549e-01	1.270927e+00
1.980683e+14	8.397441e-02	1.044141e+00
1.980421e+14	5.615703e-02	8.164658e-01
1.980159e+14	2.359899e-02	5.888763e-01
1.979897e+14	1.253614e-02	-2.789686e+00
1.979635e+14	5.086178e-02	-3.016214e+00
1.979373e+14	8.985502e-02	3.037666e+00
1.979112e+14	1.279676e-01	2.808890e+00
1.978850e+14	1.637442e-01	2.581367e+00
1.978588e+14	1.959193e-01	2.355512e+00
1.978327e+14	2.234766e-01	2.131511e+00
1.978066e+14	2.456661e-01	1.909323e+00
1.977804e+14	2.619874e-01	1.688706e+00
1.977543e+14	2.721540e-01	1.469252e+00
1.977282e+14	2.760556e-01	1.250444e+00
1.977021e+14	2.737294e-01	1.031717e+00
1.976760e+14	2.653462e-01	8.125192e-01
1.976499e+14	2.512144e-01	5.923680e-01
1.976238e+14	2.317952e-01	3.709013e-01
1.975977e+14	2.077229e-01	1.479140e-01
1.975716e+14	1.798177e-01	-7.662209e-02
1.975455e+14	1.490820e-01	-3.025598e-01
1.975195e+14	1.166686e-01	-5.296015e-01
1.974934e+14	8.382317e-02	-7.573398e-01
1.974674e+14	5.180483e-02	-9.852894e-01
1.974413e+14	2.180020e-02	-1.212691e+00
1.974153e+14	5.153565e-03	1.695575e+00
1.973892e+14	2.822390e-02	1.472331e+00
1.973632e+14	4.681250e-02	1.246340e+00
1.973372e+14	6.055944e-02	1.020780e+00
1.973112e+14	6.933088e-02	7.956808e-01
1.972852e+14	7.319695e-02	5.709020e-01
1.972592e+14	7.240646e-02	3.462696e-01
1.972332e+14	6.736125e-02	1.216267e-01
1.972072e+14	5.859042e-02	-1.031321e-01
1.971812e+14	4.672280e-02	-3.280296e-01
1.971553e+14	3.245594e-02	-5.529394e-01
1.971293e+14	1.652078e-02	-7.771411e-01
1.971034e+14	3.599444e-04	2.013115e+00
1.970774e+14	1.749705e-02	1.908006e+00
1.970515e+14	3.429862e-02	1.683709e+00
1.970255e+14	5.027247e-02	1.458755e+00
1.969996e+14	6.505942e-02	1.233814e+00
1.969737e+14	7.843999e-02	1.009031e+00
1.969478e+14	9.033300e-02	7.844420e-01
1.969219e+14	1.007849e-01	5.600360e-01
1.968960e+14	1.099513e-01	3.357817e-01
1.968701e+14	1.180725e-01	1.116416e-01
1.968442e+14	1.254453e-01	-1.124188e-01
1.968183e+14	1.323912e-01	-3.364233e-01
1.967924e+14	1.392247e-01	-5.603811e-01
1.967666e+14	1.462217e-01	-7.842843e-01
1.967407e+14	1.535906e-01	-1.008107e+00
1.967148e+14	1.614484e-01	-1.231805e+00
1.966890e+14	1.698027e-01	-1.455320e+00
1.966632e+14	1.785423e-01	-1.678579e+00
1.966373e+14	1.874360e-01	-1.901504e+00
1.966115e+14	1.961409e-01	-2.124020e+00
1.965857e+14	2.042185e-01	-2.346065e+00
1.965599e+14	2.111574e-01	-2.567605e+00
1.965341e+14	2.164000e-01	-2.788649e+00
1.965083e+14	2.193714e-01	-3.009258e+00
1.964825e+14	2.195073e-01	3.053630e+00
1.964567e+14	2.162820e-01	2.833461e+00
1.964309e+14	2.092357e-01	2.613185e+00
1.964051e+14	1.980035e-01	2.392533e+00
1.963794e+14	1.823469e-01	2.171234e+00
1.963536e+14	1.621913e-01	1.949049e+00
1.963279e+14	1.376651e-01	1.725816e+00
1.963021e+14	1.091385e-01	1.501492e+00
1.962764e+14	7.725146e-02	1.276192e+00
1.962507e+14	4.292077e-02	1.050277e+00
1.962249e+14	7.315179e-03	8.266553e-01
1.961992e+14	2.820447e-02	-2.546034e+00
1.961735e+14	6.217333e-02	-2.771581e+00
1.961478e+14	9.312401e-02	-2.996580e+00
1.961221e+14	1.196785e-01	3.062710e+00
1.960964e+14	1.406143e-01	2.840034e+00
1.960707e+14	1.548977e-01	2.618437e+00
1.960450e+14	1.616891e-01	2.397552e+00
1.960194e+14	1.603355e-01	2.176839e+00
1.959937e+14	1.503687e-01	1.955651e+00
1.959681e+14	1.315268e-01	1.733335e+00
1.959424e+14	1.038092e-01	1.509360e+00
1.959168e+14	6.756498e-02	1.283522e+00
1.958911e+14	2.359535e-02	1.057222e+00
1.958655e+14	2.676857e-02	-2.320442e+00
1.958399e+14	8.165957e-02	-2.549683e+00
1.958143e+14	1.387856e-01	-2.780299e+00
1.957886e+14	1.956521e-01	-3.009729e+00
1.957630e+14	2.498470e-01	3.046602e+00
1.957374e+14	2.992998e-01	2.823355e+00
1.957119e+14	3.424381e-01	2.604324e+00
1.956863e+14	3.782143e-01	2.389645e+00
1.956607e+14	4.060272e-01	2.178999e+00
1.956351e+14	4.255866e-01	1.971682e+00
1.956096e+14	4.367724e-01	1.766696e+00
1.955840e+14	4.395204e-01	1.562853e+00
1.955585e+14	4.337498e-01	1.358857e+00
1.955329e+14	4.193419e-01	1.153407e+00
1.955074e+14	3.961716e-01	9.452845e-01
1.954818e+14	3.641957e-01	7.334643e-01
1.954563e+14	3.235953e-01	5.172368e-01
1.954308e+14	2.749555e-01	2.963292e-01
1.954053e+14	2.194390e-01	7.100379e-02
1.953798e+14	1.588867e-01	-1.579049e-01
1.953543e+14	9.577051e-02	-3.890103e-01
1.953288e+14	3.296911e-02	-6.198162e-01
1.953033e+14	2.658626e-02	2.285391e+00
1.952779e+14	8.027623e-02	2.057633e+00
1.952524e+14	1.260497e-01	1.831141e+00
1.952269e+14	1.625086e-01	1.607425e+00
1.952015e+14	1.888465e-01	1.386335e+00
1.951760e+14	2.047107e-01	1.167228e+00
1.951506e+14	2.100585e-01	9.491865e-01
1.951251e+14	2.050569e-01	7.311934e-01
1.950997e+14	1.900450e-01	5.122779e-01
1.950743e+14	1.655587e-01	2.916537e-01
1.950489e+14	1.323980e-01	6.884110e-02
1.950234e+14	9.170693e-02	-1.562096e-01
1.949980e+14	4.502280e-02	-3.827583e-01
1.949726e+14	5.746218e-03	2.514852e+00
1.949473e+14	5.843437e-02	2.297477e+00
1.949219e+14	1.108201e-01	2.069116e+00
1.948965e+14	1.608477e-01	1.841766e+00
1.948711e+14	2.068205e-01	1.616461e+00
1.948458e+14	2.475098e-01	1.393697e+00
1.948204e+14	2.821704e-01	1.173594e+00
1.947951e+14	3.104844e-01	9.559679e-01
1.947697e+14	3.324706e-01	7.404051e-01
1.947444e+14	3.483896e-01	5.263523e-01
1.947190e+14	3.586665e-01	3.131992e-01
1.946937e+14	3.638358e-01	1.003493e-01
1.946684e+14	3.645065e-01	-1.127265e-01
1.946431e+14	3.613416e-01	-3.264523e-01
1.946178e+14	3.550419e-01	-5.411278e-01
1.945925e+14	3.463292e-01	-7.569232e-01
1.945672e+14	3.359216e-01	-9.738879e-01
1.945419e+14	3.245017e-01	-1.191970e+00
1.945166e+14	3.126773e-01	-1.411043e+00
1.944914e+14	3.009407e-01	-1.630933e+00
1.944661e+14	2.896311e-01	-1.851448e+00
1.944408e+14	2.789071e-01	-2.072405e+00
1.944156e+14	2.687323e-01	-2.293643e+00
1.943903e+14	2.588778e-01	-2.515045e+00
1.943651e+14	2.489396e-01	-2.736546e+00
1.943399e+14	2.383710e-01	-2.958143e+00
1.943146e+14	2.265246e-01	3.103288e+00
1.942894e+14	2.127046e-01	2.881247e+00
1.942642e+14	1.962235e-01	2.658734e+00
1.942390e+14	1.764665e-01	2.435527e+00
1.942138e+14	1.529601e-01	2.211403e+00
1.941886e+14	1.254482e-01	1.986183e+00
1.941634e+14	9.396859e-02	1.759800e+00
1.941382e+14	5.892312e-02	1.532404e+00
1.941131e+14	2.112566e-02	1.305090e+00
1.940879e+14	1.819179e-02	-2.070027e+00
1.940627e+14	5.742697e-02	-2.297594e+00
1.940376e+14	9.471035e-02	-2.525920e+00
1.940124e+14	1.280389e-01	-2.753393e+00
1.939873e+14	1.554055e-01	-2.979655e+00
1.939622e+14	1.748864e-01	3.078400e+00
1.939370e+14	1.846679e-01	2.853871e+00
1.939119e+14	1.830226e-01	2.628958e+00
1.938868e+14	1.682729e-01	2.402278e+00
1.938617e+14	1.388096e-01	2.172204e+00
1.938366e+14	9.325243e-02	1.937217e+00
1.938115e+14	3.084599e-02	1.697980e+00
1.937864e+14	4.788162e-02	-1.699182e+00
1.937613e+14	1.403563e-01	-1.952214e+00
1.937362e+14	2.415708e-01	-2.209522e+00
1.937112e+14	3.446447e-01	-2.465462e+00
1.936861e+14	4.424318e-01	-2.714769e+00
1.936611e+14	5.293793e-01	-2.952967e+00
1.936360e+14	6.025536e-01	3.105948e+00
1.936110e+14	6.614728e-01	2.896545e+00
1.935859e+14	7.072338e-01	2.701412e+00
1.935609e+14	7.415896e-01	2.518949e+00
1.935359e+14	7.663092e-01	2.347022e+00
1.935109e+14	7.828387e-01	2.183257e+00
1.934858e+14	7.921547e-01	2.025171e+00
1.934608e+14	7.946996e-01	1.870184e+00
1.934358e+14	7.903179e-01	1.715530e+00
1.934109e+14	7.781371e-01	1.558114e+00
1.933859e+14	7.563459e-01	1.394296e+00
1.933609e+14	7.218298e-01	1.219634e+00
1.933359e+14	6.696714e-01	1.028662e+00
1.933110e+14	5.927390e-01	8.149455e-01
1.932860e+14	4.822295e-01	5.720486e-01
1.932610e+14	3.312065e-01	2.965269e-01
1.932361e+14	1.428403e-01	-6.388311e-03
1.932112e+14	6.211241e-02	2.812770e+00
1.931862e+14	2.523087e-01	2.510229e+00
1.931613e+14	4.050975e-01	2.231557e+00
1.931364e+14	5.152072e-01	1.984106e+00
1.931115e+14	5.880669e-01	1.763940e+00
1.930865e+14	6.311440e-01	1.563216e+00
1.930616e+14	6.496556e-01	1.373067e+00
1.930368e+14	6.451565e-01	1.184108e+00
1.930119e+14	6.146409e-01	9.855823e-01
1.929870e+14	5.488043e-01	7.637067e-01
1.929621e+14	4.293820e-01	5.000617e-01
1.929372e+14	2.305234e-01	1.742265e-01
1.929124e+14	5.636598e-02	2.909339e+00
1.928875e+14	3.715715e-01	2.492576e+00
1.928627e+14	6.190979e-01	2.112091e+00
1.928378e+14	7.716574e-01	1.808788e+00
1.928130e+14	8.573973e-01	1.574094e+00
1.927882e+14	9.057086e-01	1.388107e+00
1.927633e+14	9.340079e-01	1.234753e+00
1.927385e+14	9.513669e-01	1.103302e+00
1.927137e+14	9.624774e-01	9.868359e-01
1.926889e+14	9.698434e-01	8.808197e-01
1.926641e+14	9.748572e-01	7.821814e-01
1.926393e+14	9.783243e-01	6.887532e-01
1.926145e+14	9.807268e-01	5.989366e-01
1.925897e+14	9.823595e-01	5.114957e-01
1.925650e+14	9.834041e-01	4.254260e-01
1.925402e+14	9.839693e-01	3.398657e-01
1.925154e+14	9.841130e-01	2.540338e-01
1.924907e+14	9.838541e-01	1.671822e-01
1.924659e+14	9.831762e-01	7.855545e-02
1.924412e+14	9.820267e-01	-1.264675e-02
1.924165e+14	9.803092e-01	-1.073087e-01
1.923917e+14	9.778696e-01	-2.064428e-01
1.923670e+14	9.744712e-01	-3.112422e-01
1.923423e+14	9.697552e-01	-4.231471e-01
1.923176e+14	9.631772e-01	-5.439258e-01
1.922929e+14	9.539071e-01	-6.757744e-01
1.922682e+14	9.406751e-01	-8.214258e-01
1.922435e+14	9.215506e-01	-9.842406e-01
1.922188e+14	8.936692e-01	-1.168200e+00
1.921941e+14	8.530332e-01	-1.377623e+00
1.921694e+14	7.947811e-01	-1.616294e+00
1.921448e+14	7.147000e-01	-1.885705e+00
1.921201e+14	6.125654e-01	-2.182702e+00
1.920955e+14	4.957746e-01	-2.498313e+00
1.920708e+14	3.789233e-01	-2.820068e+00
1.920462e+14	2.775533e-01	-3.137088e+00
1.920215e+14	2.014492e-01	2.839458e+00
1.919969e+14	1.528317e-01	2.543810e+00
1.919723e+14	1.283645e-01	2.257145e+00
1.919477e+14	1.216391e-01	1.976985e+00
1.919231e+14	1.247761e-01	1.701245e+00
1.918985e+14	1.293143e-01	1.428131e+00
1.918739e+14	1.267353e-01	1.155576e+00
1.918493e+14	1.087126e-01	8.805771e-01
1.918247e+14	6.718071e-02	5.989155e-01
1.918001e+14	5.259947e-03	-2.851430e+00
1.917756e+14	1.134165e-01	3.132360e+00
1.917510e+14	2.549282e-01	2.802676e+00
1.917264e+14	4.151803e-01	2.462686e+00
1.917019e+14	5.697309e-01	2.129421e+00
1.916773e+14	6.974811e-01	1.821156e+00
1.916528e+14	7.912156e-01	1.548658e+00
1.916283e+14	8.552276e-01	1.313333e+00
1.916037e+14	8.976105e-01	1.110958e+00
1.915792e+14	9.255617e-01	9.355873e-01
1.915547e+14	9.441947e-01	7.816079e-01
1.915302e+14	9.568322e-01	6.443856e-01
1.915057e+14	9.655657e-01	5.202878e-01
1.914812e+14	9.717055e-01	4.065097e-01
1.914567e+14	9.760793e-01	3.008799e-01
1.914322e+14	9.792167e-01	2.016954e-01
1.914077e+14	9.814601e-01	1.075959e-01
1.913833e+14	9.830326e-01	1.746817e-02
1.913588e+14	9.840781e-01	-6.962418e-02
1.913344e+14	9.846855e-01	-1.544957e-01
1.913099e+14	9.849028e-01	-2.378826e-01
1.912855e+14	9.847443e-01	-3.204807e-01
1.912610e+14	9.841917e-01	-4.029802e-01
1.912366e+14	9.831908e-01	-4.861041e-01
1.912122e+14	9.816410e-01	-5.706510e-01
1.911877e+14	9.793752e-01	-6.575527e-01
1.911633e+14	9.761247e-01	-7.479534e-01
1.911389e+14	9.714536e-01	-8.433276e-01
1.911145e+14	9.646410e-01	-9.456638e-01
1.910901e+14	9.544543e-01	-1.057759e+00
1.910657e+14	9.387046e-01	-1.183706e+00
1.910413e+14	9.133436e-01	-1.329700e+00
1.910170e+14	8.706270e-01	-1.505301e+00
1.909926e+14	7.956786e-01	-1.724969e+00
1.909682e+14	6.623788e-01	-2.007745e+00
1.909439e+14	4.399781e-01	-2.366823e+00
1.909195e+14	1.370022e-01	-2.779510e+00
1.908952e+14	1.627013e-01	-4.536629e-02
1.908708e+14	3.835665e-01	-3.850204e-01
1.908465e+14	5.209395e-01	-6.596260e-01
1.908222e+14	5.993301e-01	-8.874251e-01
1.907979e+14	6.391590e-01	-1.087416e+00
1.907735e+14	6.518200e-01	-1.274021e+00
1.907492e+14	6.420317e-01	-1.458164e+00
1.907249e+14	6.098685e-01	-1.648955e+00
1.907006e+14	5.517880e-01	-1.854795e+00
1.906763e+14	4.615190e-01	-2.083510e+00
1.906521e+14	3.324825e-01	-2.340842e+00
1.906278e+14	1.637920e-01	-2.626487e+00
1.906035e+14	3.166264e-02	2.024916e-01
1.905792e+14	2.270570e-01	-9.676538e-02
1.905550e+14	3.960270e-01	-3.815820e-01
1.905307e+14	5.266923e-01	-6.369010e-01
1.905065e+14	6.210087e-01	-8.620120e-01
1.904822e+14	6.866513e-01	-1.061627e+00
1.904580e+14	7.313459e-01	-1.241858e+00
1.904338e+14	7.609761e-01	-1.408367e+00
1.904096e+14	7.795262e-01	-1.565874e+00
1.903853e+14	7.895064e-01	-1.718225e+00
1.903611e+14	7.923627e-01	-1.868601e+00
1.903369e+14	7.887643e-01	-2.019738e+00
1.903127e+14	7.787767e-01	-2.174093e+00
1.902885e+14	7.619591e-01	-2.333961e+00
1.902644e+14	7.374220e-01	-2.501535e+00
1.902402e+14	7.038947e-01	-2.678889e+00
1.902160e+14	6.598640e-01	-2.867851e+00
1.901918e+14	6.038686e-01	-3.069767e+00
1.901677e+14	5.350223e-01	2.998064e+00
1.901435e+14	4.537405e-01	2.770066e+00
1.901194e+14	3.624261e-01	2.531754e+00
1.900952e+14	2.656455e-01	2.286847e+00
1.900711e+14	1.694211e-01	2.039776e+00
1.900470e+14	7.982674e-02	1.794847e+00
1.900228e+14	1.627356e-03	1.598650e+00
1.899987e+14	6.238144e-02	-1.824225e+00
1.899746e+14	1.112250e-01	-2.052244e+00
1.899505e+14	1.452213e-01	-2.275405e+00
1.899264e+14	1.654044e-01	-2.494778e+00
1.899023e+14	1.731292e-01	-2.711753e+00
1.898782e+14	1.698655e-01	-2.927611e+00
1.898542e+14	1.571310e-01	3.139831e+00
1.898301e+14	1.364933e-01	2.923548e+00
1.898060e+14	1.095880e-01	2.706432e+00
1.897819e+14	7.811371e-02	2.488528e+00
1.897579e+14	4.378822e-02	2.270208e+00
1.897338e+14	8.268310e-03	2.053981e+00
1.897098e+14	2.694892e-02	-1.310198e+00
1.896858e+14	6.061652e-02	-1.527526e+00
1.896617e+14	9.180032e-02	-1.744321e+00
1.896377e+14	1.199022e-01	-1.960127e+00
1.896137e+14	1.446472e-01	-2.174880e+00
1.895897e+14	1.660442e-01	-2.388647e+00
1.895657e+14	1.843319e-01	-2.601574e+00
1.895417e+14	1.999205e-01	-2.813834e+00
1.895177e+14	2.133329e-01	-3.025597e+00
1.894937e+14	2.251507e-01	3.046177e+00
1.894697e+14	2.359630e-01	2.835018e+00
1.894457e+14	2.463203e-01	2.624062e+00
1.894217e+14	2.566929e-01	2.413309e+00
1.893978e+14	2.674362e-01	2.202812e+00
1.893738e+14	2.787640e-01	1.992667e+00
1.893499e+14	2.907326e-01	1.783007e+00
1.893259e+14	3.032371e-01	1.573994e+00
1.893020e+14	3.160195e-01	1.365802e+00
1.892780e+14	3.286886e-01	1.158601e+00
1.892541e+14	3.407480e-01	9.525377e-01
1.892302e+14	3.516290e-01	7.477073e-01
1.892063e+14	3.607231e-01	5.441352e-01
1.891824e+14	3.674105e-01	3.417557e-01
1.891585e+14	3.710820e-01	1.403987e-01
1.891346e+14	3.711544e-01	-6.021443e-02
1.891107e+14	3.670797e-01	-2.604655e-01
1.890868e+14	3.583541e-01	-4.608225e-01
1.890629e+14	3.445305e-01	-6.618114e-01
1.890390e+14	3.252404e-01	-8.639752e-01
1.890152e+14	3.002317e-01	-1.067822e+00
1.889913e+14	2.694230e-01	-1.273763e+00
1.889674e+14	2.329732e-01	-1.482047e+00
1.889436e+14	1.913557e-01	-1.692691e+00
1.889197e+14	1.454169e-01	-1.905439e+00
1.888959e+14	9.639581e-02	-2.119705e+00
1.888721e+14	4.587943e-02	-2.334315e+00
1.888482e+14	4.310189e-03	5.731292e-01
1.888244e+14	5.227538e-02	3.740592e-01
1.888006e+14	9.622248e-02	1.615550e-01
1.887768e+14	1.345944e-01	-4.930911e-02
1.887530e+14	1.661481e-01	-2.580218e-01
1.887292e+14	1.899606e-01	-4.646391e-01
1.887054e+14	2.053862e-01	-6.695553e-01
1.886816e+14	2.119930e-01	-8.734102e-01
1.886578e+14	2.095065e-01	-1.076999e+00
1.886341e+14	1.977823e-01	-1.281174e+00
1.886103e+14	1.768201e-01	-1.486737e+00
1.885865e+14	1.468217e-01	-1.694326e+00
1.885628e+14	1.082845e-01	-1.904287e+00
1.885390e+14	6.210847e-02	-2.116452e+00
1.885153e+14	9.673709e-03	-2.325650e+00
1.884916e+14	4.715663e-02	5.920804e-01
1.884678e+14	1.061416e-01	3.766144e-01
1.884441e+14	1.648779e-01	1.616897e-01
1.884204e+14	2.210656e-01	-5.104639e-02
1.883967e+14	2.727492e-01	-2.605230e-01
1.883730e+14	3.184626e-01	-4.660818e-01
1.883493e+14	3.572566e-01	-6.674947e-01
1.883256e+14	3.886287e-01	-8.649388e-01
1.883019e+14	4.124020e-01	-1.058929e+00
1.882782e+14	4.285964e-01	-1.250233e+00
1.882545e+14	4.373202e-01	-1.439782e+00
1.882309e+14	4.386967e-01	-1.628596e+00
1.882072e+14	4.328264e-01	-1.817714e+00
1.881835e+14	4.197845e-01	-2.008127e+00
1.881599e+14	3.996514e-01	-2.200724e+00
1.881362e+14	3.725718e-01	-2.396223e+00
1.881126e+14	3.388373e-01	-2.595110e+00
1.880890e+14	2.989804e-01	-2.797584e+00
1.880653e+14	2.538589e-01	-3.003510e+00
1.880417e+14	2.047023e-01	3.070766e+00
1.880181e+14	1.530930e-01	2.859642e+00
1.879945e+14	1.008685e-01	2.647309e+00
1.879709e+14	4.995969e-02	2.435088e+00
1.879473e+14	2.203649e-03	2.251028e+00
1.879237e+14	4.082374e-02	-1.132685e+00
1.879001e+14	7.790005e-02	-1.341186e+00
1.878765e+14	1.081952e-01	-1.548337e+00
1.878529e+14	1.312375e-01	-1.753862e+00
1.878294e+14	1.468537e-01	-1.958008e+00
1.878058e+14	1.551031e-01	-2.161200e+00
1.877822e+14	1.562236e-01	-2.363931e+00
1.877587e+14	1.505975e-01	-2.566681e+00
1.877351e+14	1.387366e-01	-2.769855e+00
1.877116e+14	1.212810e-01	-2.973740e+00
1.876881e+14	9.900085e-02	3.104713e+00
1.876645e+14	7.279315e-02	2.899170e+00
1.876410e+14	4.366431e-02	2.693088e+00
1.876175e+14	1.269495e-02	2.488121e+00
1.875940e+14	1.901180e-02	-8.649443e-01
1.875705e+14	5.039040e-02	-1.070648e+00
1.875470e+14	8.047318e-02	-1.276702e+00
1.875235e+14	1.084384e-01	-1.482144e+00
1.875000e+14	1.336414e-01	-1.686724e+00
("port 1","TE",1,"port 2",1,"modulation")
(1,1)
0.00579
(500,3)
2.000000e+14	1.217277e-01	1.991615e+00
1.999733e+14	1.403130e-01	1.761875e+00
1.999466e+14	1.552391e-01	1.532912e+00
1.999199e+14	1.661827e-01	1.304619e+00
1.998932e+14	1.729902e-01	1.076816e+00
1.998665e+14	1.756642e-01	8.492854e-01
1.998398e+14	1.743491e-01	6.217981e-01
1.998131e+14	1.693175e-01	3.941449e-01
1.997865e+14	1.609564e-01	1.661584e-01
1.997598e+14	1.497528e-01	-6.227101e-02
1.997332e+14	1.362758e-01	-2.911886e-01
1.997065e+14	1.211537e-01	-5.205779e-01
1.996799e+14	1.050461e-01	-7.503706e-01
1.996532e+14	8.861111e-02	-9.804623e-01
1.996266e+14	7.247221e-02	-1.210730e+00
1.996000e+14	5.718560e-02	-1.441049e+00
1.995734e+14	4.321359e-02	-1.671303e+00
1.995468e+14	3.090544e-02	-1.901385e+00
1.995202e+14	2.048730e-02	-2.131183e+00
1.994936e+14	1.206120e-02	-2.360502e+00
1.994670e+14	5.612173e-03	-2.588650e+00
1.994404e+14	1.022360e-03	-2.805735e+00
1.994139e+14	1.910355e-03	8.376907e-02
1.993873e+14	3.448155e-03	-1.413210e-01
1.993608e+14	3.889684e-03	-3.689063e-01
1.993342e+14	3.543164e-03	-5.963506e-01
1.993077e+14	2.701400e-03	-8.225068e-01
1.992812e+14	1.618660e-03	-1.044259e+00
1.992546e+14	4.914119e-04	-1.232118e+00
1.992281e+14	5.600934e-04	1.569407e+00
1.992016e+14	1.490950e-03	1.372798e+00
1.991751e+14	2.348367e-03	1.151069e+00
1.991486e+14	3.258755e-03	9.259255e-01
1.991221e+14	4.421107e-03	6.999193e-01
1.990956e+14	6.091375e-03	4.735162e-01
1.990691e+14	8.562229e-03	2.466762e-01
1.990427e+14	1.213916e-02	1.933339e-02
1.990162e+14	1.711428e-02	-2.084834e-01
1.989898e+14	2.373922e-02	-4.366896e-01
1.989633e+14	3.219883e-02	-6.651940e-01
1.989369e+14	4.258716e-02	-8.939157e-01
1.989104e+14	5.488751e-02	-1.122778e+00
1.988840e+14	6.895845e-02	-1.351698e+00
1.988576e+14	8.452752e-02	-1.580576e+00
1.988312e+14	1.011943e-01	-1.809291e+00
1.988048e+14	1.184431e-01	-2.037708e+00
1.987784e+14	1.356660e-01	-2.265682e+00
1.987520e+14	1.521923e-01	-2.493084e+00
1.987256e+14	1.673232e-01	-2.719811e+00
1.986992e+14	1.803662e-01	-2.945817e+00
1.986729e+14	1.906669e-01	3.112065e+00
1.986465e+14	1.976349e-01	2.887369e+00
1.986201e+14	2.007645e-01	2.663107e+00
1.985938e+14	1.996512e-01	2.439042e+00
1.985674e+14	1.940069e-01	2.214892e+00
1.985411e+14	1.836771e-01	1.990361e+00
1.985148e+14	1.686618e-01	1.765178e+00
1.984885e+14	1.491393e-01	1.539134e+00
1.984622e+14	1.254910e-01	1.312115e+00
1.984358e+14	9.831866e-02	1.084140e+00
1.984095e+14	6.844747e-02	8.553759e-01
1.983832e+14	3.690609e-02	6.262027e-01
1.983570e+14	4.880065e-03	4.001734e-01
1.983307e+14	2.635804e-02	-2.975843e+00
1.983044e+14	5.553070e-02	3.078797e+00
1.982781e+14	8.143605e-02	2.850768e+00
1.982519e+14	1.030121e-01	2.623626e+00
1.982256e+14	1.193775e-01	2.397399e+00
1.981994e+14	1.298496e-01	2.171931e+00
1.981732e+14	1.339467e-01	1.946933e+00
1.981469e+14	1.313845e-01	1.722027e+00
1.981207e+14	1.220784e-01	1.496811e+00
1.980945e+14	1.061549e-01	1.270927e+00
1.980683e+14	8.397441e-02	1.044141e+00
1.980421e+14	5.615703e-02	8.164658e-01
1.980159e+14	2.359899e-02	5.888763e-01
1.979897e+14	1.253614e-02	-2.789686e+00
1.979635e+14	5.086178e-02	-3.016214e+00
1.979373e+14	8.985502e-02	3.037666e+00
1.979112e+14	1.279676e-01	2.808890e+00
1.978850e+14	1.637442e-01	2.581367e+00
1.978588e+14	1.959193e-01	2.355512e+00
1.978327e+14	2.234766e-01	2.131511e+00
1.978066e+14	2.456661e-01	1.909323e+00
1.977804e+14	2.619874e-01	1.688706e+00
1.977543e+14	2.721540e-01	1.469252e+00
1.977282e+14	2.760556e-01	1.250444e+00
1.977021e+14	2.737294e-01	1.031717e+00
1.976760e+14	2.653462e-01	8.125192e-01
1.976499e+14	2.512144e-01	5.923680e-01
1.976238e+14	2.317952e-01	3.709013e-01
1.975977e+14	2.077229e-01	1.479140e-01
1.975716e+14	1.798177e-01	-7.662209e-02
1.975455e+14	1.490820e-01	-3.025598e-01
1.975195e+14	1.166686e-01	-5.296015e-01
1.974934e+14	8.382317e-02	-7.573398e-01
1.974674e+14	5.180483e-02	-9.852894e-01
1.974413e+14	2.180020e-02	-1.212691e+00
1.974153e+14	5.153565e-03	1.695575e+00
1.973892e+14	2.822390e-02	1.472331e+00
1.973632e+14	4.681250e-02	1.246340e+00
1.973372e+14	6.055944e-02	1.020780e+00
1.973112e+14	6.933088e-02	7.956808e-01
1.972852e+14	7.319695e-02	5.709020e-01
1.972592e+14	7.240646e-02	3.462696e-01
1.972332e+14	6.736125e-02	1.216267e-01
1.972072e+14	5.859042e-02	-1.031321e-01
1.971812e+14	4.672280e-02	-3.280296e-01
1.971553e+14	3.245594e-02	-5.529394e-01
1.971293e+14	1.652078e-02	-7.771411e-01
1.971034e+14	3.599444e-04	2.013115e+00
1.970774e+14	1.749705e-02	1.908006e+00
1.970515e+14	3.429862e-02	1.683709e+00
1.970255e+14	5.027247e-02	1.458755e+00
1.969996e+14	6.505942e-02	1.233814e+00
1.969737e+14	7.843999e-02	1.009031e+00
1.969478e+14	9.033300e-02	7.844420e-01
1.969219e+14	1.007849e-01	5.600360e-01
1.968960e+14	1.099513e-01	3.357817e-01
1.968701e+14	1.180725e-01	1.116416e-01
1.968442e+14	1.254453e-01	-1.124188e-01
1.968183e+14	1.323912e-01	-3.364233e-01
1.967924e+14	1.392247e-01	-5.603811e-01
1.967666e+14	1.462217e-01	-7.842843e-01
1.967407e+14	1.535906e-01	-1.008107e+00
1.967148e+14	1.614484e-01	-1.231805e+00
1.966890e+14	1.698027e-01	-1.455320e+00
1.966632e+14	1.785423e-01	-1.678579e+00
1.966373e+14	1.874360e-01	-1.901504e+00
1.966115e+14	1.961409e-01	-2.124020e+00
1.965857e+14	2.042185e-01	-2.346065e+00
1.965599e+14	2.111574e-01	-2.567605e+00
1.965341e+14	2.164000e-01	-2.788649e+00
1.965083e+14	2.193714e-01	-3.009258e+00
1.964825e+14	2.195073e-01	3.053630e+00
1.964567e+14	2.162820e-01	2.833461e+00
1.964309e+14	2.092357e-01	2.613185e+00
1.964051e+14	1.980035e-01	2.392533e+00
1.963794e+14	1.823469e-01	2.171234e+00
1.963536e+14	1.621913e-01	1.949049e+00
1.963279e+14	1.376651e-01	1.725816e+00
1.963021e+14	1.091385e-01	1.501492e+00
1.962764e+14	7.725146e-02	1.276192e+00
1.962507e+14	4.292077e-02	1.050277e+00
1.962249e+14	7.315179e-03	8.266553e-01
1.961992e+14	2.820447e-02	-2.546034e+00
1.961735e+14	6.217333e-02	-2.771581e+00
1.961478e+14	9.312401e-02	-2.996580e+00
1.961221e+14	1.196785e-01	3.062710e+00
1.960964e+14	1.406143e-01	2.840034e+00
1.960707e+14	1.548977e-01	2.618437e+00
1.960450e+14	1.616891e-01	2.397552e+00
1.960194e+14	1.603355e-01	2.176839e+00
1.959937e+14	1.503687e-01	1.955651e+00
1.959681e+14	1.315268e-01	1.733335e+00
1.959424e+14	1.038092e-01	1.509360e+00
1.959168e+14	6.756498e-02	1.283522e+00
1.958911e+14	2.359535e-02	1.057222e+00
1.958655e+14	2.676857e-02	-2.320442e+00
1.958399e+14	8.165957e-02	-2.549683e+00
1.958143e+14	1.387856e-01	-2.780299e+00
1.957886e+14	1.956521e-01	-3.009729e+00
1.957630e+14	2.498470e-01	3.046602e+00
1.957374e+14	2.992998e-01	2.823355e+00
1.957119e+14	3.424381e-01	2.604324e+00
1.956863e+14	3.782143e-01	2.389645e+00
1.956607e+14	4.060272e-01	2.178999e+00
1.956351e+14	4.255866e-01	1.971682e+00
1.956096e+14	4.367724e-01	1.766696e+00
1.955840e+14	4.395204e-01	1.562853e+00
1.955585e+14	4.337498e-01	1.358857e+00
1.955329e+14	4.193419e-01	1.153407e+00
1.955074e+14	3.961716e-01	9.452845e-01
1.954818e+14	3.641957e-01	7.334643e-01
1.954563e+14	3.235953e-01	5.172368e-01
1.954308e+14	2.749555e-01	2.963292e-01
1.954053e+14	2.194390e-01	7.100379e-02
1.953798e+14	1.588867e-01	-1.579049e-01
1.953543e+14	9.577051e-02	-3.890103e-01
1.953288e+14	3.296911e-02	-6.198162e-01
1.953033e+14	2.658626e-02	2.285391e+00
1.952779e+14	8.027623e-02	2.057633e+00
1.952524e+14	1.260497e-01	1.831141e+00
1.952269e+14	1.625086e-01	1.607425e+00
1.952015e+14	1.888465e-01	1.386335e+00
1.951760e+14	2.047107e-01	1.167228e+00
1.951506e+14	2.100585e-01	9.491865e-01
1.951251e+14	2.050569e-01	7.311934e-01
1.950997e+14	1.900450e-01	5.122779e-01
1.950743e+14	1.655587e-01	2.916537e-01
1.950489e+14	1.323980e-01	6.884110e-02
1.950234e+14	9.170693e-02	-1.562096e-01
1.949980e+14	4.502280e-02	-3.827583e-01
1.949726e+14	5.746218e-03	2.514852e+00
1.949473e+14	5.843437e-02	2.297477e+00
1.949219e+14	1.108201e-01	2.069116e+00
1.948965e+14	1.608477e-01	1.841766e+00
1.948711e+14	2.068205e-01	1.616461e+00
1.948458e+14	2.475098e-01	1.393697e+00
1.948204e+14	2.821704e-01	1.173594e+00
1.947951e+14	3.104844e-01	9.559679e-01
1.947697e+14	3.324706e-01	7.404051e-01
1.947444e+14	3.483896e-01	5.263523e-01
1.947190e+14	3.586665e-01	3.131992e-01
1.946937e+14	3.638358e-01	1.003493e-01
1.946684e+14	3.645065e-01	-1.127265e-01
1.946431e+14	3.613416e-01	-3.264523e-01
1.946178e+14	3.550419e-01	-5.411278e-01
1.945925e+14	3.463292e-01	-7.569232e-01
1.945672e+14	3.359216e-01	-9.738879e-01
1.945419e+14	3.245017e-01	-1.191970e+00
1.945166e+14	3.126773e-01	-1.411043e+00
1.944914e+14	3.009407e-01	-1.630933e+00
1.944661e+14	2.896311e-01	-1.851448e+00
1.944408e+14	2.789071e-01	-2.072405e+00
1.944156e+14	2.687323e-01	-2.293643e+00
1.943903e+14	2.588778e-01	-2.515045e+00
1.943651e+14	2.489396e-01	-2.736546e+00
1.943399e+14	2.383710e-01	-2.958143e+00
1.943146e+14	2.265246e-01	3.103288e+00
1.942894e+14	2.127046e-01	2.881247e+00
1.942642e+14	1.962235e-01	2.658734e+00
1.942390e+14	1.764665e-01	2.435527e+00
1.942138e+14	1.529601e-01	2.211403e+00
1.941886e+14	1.254482e-01	1.986183e+00
1.941634e+14	9.396859e-02	1.759800e+00
1.941382e+14	5.892312e-02	1.532404e+00
1.941131e+14	2.112566e-02	1.305090e+00
1.940879e+14	1.819179e-02	-2.070027e+00
1.940627e+14	5.742697e-02	-2.297594e+00
1.940376e+14	9.471035e-02	-2.525920e+00
1.940124e+14	1.280389e-01	-2.753393e+00
1.939873e+14	1.554055e-01	-2.979655e+00
1.939622e+14	1.748864e-01	3.078400e+00
1.939370e+14	1.846679e-01	2.853871e+00
1.939119e+14	1.830226e-01	2.628958e+00
1.938868e+14	1.682729e-01	2.402278e+00
1.938617e+14	1.388096e-01	2.172204e+00
1.938366e+14	9.325243e-02	1.937217e+00
1.938115e+14	3.084599e-02	1.697980e+00
1.937864e+14	4.788162e-02	-1.699182e+00
1.937613e+14	1.403563e-01	-1.952214e+00
1.937362e+14	2.415708e-01	-2.209522e+00
1.937112e+14	3.446447e-01	-2.465462e+00
1.936861e+14	4.424318e-01	-2.714769e+00
1.936611e+14	5.293793e-01	-2.952967e+00
1.936360e+14	6.025536e-01	3.105948e+00
1.936110e+14	6.614728e-01	2.896545e+00
1.935859e+14	7.072338e-01	2.701412e+00
1.935609e+14	7.415896e-01	2.518949e+00
1.935359e+14	7.663092e-01	2.347022e+00
1.935109e+14	7.828387e-01	2.183257e+00
1.934858e+14	7.921547e-01	2.025171e+00
1.934608e+14	7.946996e-01	1.870184e+00
1.934358e+14	7.903179e-01	1.715530e+00
1.934109e+14	7.781371e-01	1.558114e+00
1.933859e+14	7.563459e-01	1.394296e+00
1.933609e+14	7.218298e-01	1.219634e+00
1.933359e+14	6.696714e-01	1.028662e+00
1.933110e+14	5.927390e-01	8.149455e-01
1.932860e+14	4.822295e-01	5.720486e-01
1.932610e+14	3.312065e-01	2.965269e-01
1.932361e+14	1.428403e-01	-6.388311e-03
1.932112e+14	6.211241e-02	2.812770e+00
1.931862e+14	2.523087e-01	2.510229e+00
1.931613e+14	4.050975e-01	2.231557e+00
1.931364e+14	5.152072e-01	1.984106e+00
1.931115e+14	5.880669e-01	1.763940e+00
1.930865e+14	6.311440e-01	1.563216e+00
1.930616e+14	6.496556e-01	1.373067e+00
1.930368e+14	6.451565e-01	1.184108e+00
1.930119e+14	6.146409e-01	9.855823e-01
1.929870e+14	5.488043e-01	7.637067e-01
1.929621e+14	4.293820e-01	5.000617e-01
1.929372e+14	2.305234e-01	1.742265e-01
1.929124e+14	5.636598e-02	2.909339e+00
1.928875e+14	3.715715e-01	2.492576e+00
1.928627e+14	6.190979e-01	2.112091e+00
1.928378e+14	7.716574e-01	1.808788e+00
1.928130e+14	8.573973e-01	1.574094e+00
1.927882e+14	9.057086e-01	1.388107e+00
1.927633e+14	9.340079e-01	1.234753e+00
1.927385e+14	9.513669e-01	1.103302e+00
1.927137e+14	9.624774e-01	9.868359e-01
1.926889e+14	9.698434e-01	8.808197e-01
1.926641e+14	9.748572e-01	7.821814e-01
1.926393e+14	9.783243e-01	6.887532e-01
1.926145e+14	9.807268e-01	5.989366e-01
1.925897e+14	9.823595e-01	5.114957e-01
1.925650e+14	9.834041e-01	4.254260e-01
1.925402e+14	9.839693e-01	3.398657e-01
1.925154e+14	9.841130e-01	2.540338e-01
1.924907e+14	9.838541e-01	1.671822e-01
1.924659e+14	9.831762e-01	7.855545e-02
1.924412e+14	9.820267e-01	-1.264675e-02
1.924165e+14	9.803092e-01	-1.073087e-01
1.923917e+14	9.778696e-01	-2.064428e-01
1.923670e+14	9.744712e-01	-3.112422e-01
1.923423e+14	9.697552e-01	-4.231471e-01
1.923176e+14	9.631772e-01	-5.439258e-01
1.922929e+14	9.539071e-01	-6.757744e-01
1.922682e+14	9.406751e-01	-8.214258e-01
1.922435e+14	9.215506e-01	-9.842406e-01
1.922188e+14	8.936692e-01	-1.168200e+00
1.921941e+14	8.530332e-01	-1.377623e+00
1.921694e+14	7.947811e-01	-1.616294e+00
1.921448e+14	7.147000e-01	-1.885705e+00
1.921201e+14	6.125654e-01	-2.182702e+00
1.920955e+14	4.957746e-01	-2.498313e+00
1.920708e+14	3.789233e-01	-2.820068e+00
1.920462e+14	2.775533e-01	-3.137088e+00
1.920215e+14	2.014492e-01	2.839458e+00
1.919969e+14	1.528317e-01	2.543810e+00
1.919723e+14	1.283645e-01	2.257145e+00
1.919477e+14	1.216391e-01	1.976985e+00
1.919231e+14	1.247761e-01	1.701245e+00
1.918985e+14	1.293143e-01	1.428131e+00
1.918739e+14	1.267353e-01	1.155576e+00
1.918493e+14	1.087126e-01	8.805771e-01
1.918247e+14	6.718071e-02	5.989155e-01
1.918001e+14	5.259947e-03	-2.851430e+00
1.917756e+14	1.134165e-01	3.132360e+00
1.917510e+14	2.549282e-01	2.802676e+00
1.917264e+14	4.151803e-01	2.462686e+00
1.917019e+14	5.697309e-01	2.129421e+00
1.916773e+14	6.974811e-01	1.821156e+00
1.916528e+14	7.912156e-01	1.548658e+00
1.916283e+14	8.552276e-01	1.313333e+00
1.916037e+14	8.976105e-01	1.110958e+00
1.915792e+14	9.255617e-01	9.355873e-01
1.915547e+14	9.441947e-01	7.816079e-01
1.915302e+14	9.568322e-01	6.443856e-01
1.915057e+14	9.655657e-01	5.202878e-01
1.914812e+14	9.717055e-01	4.065097e-01
1.914567e+14	9.760793e-01	3.008799e-01
1.914322e+14	9.792167e-01	2.016954e-01
1.914077e+14	9.814601e-01	1.075959e-01
1.913833e+14	9.830326e-01	1.746817e-02
1.913588e+14	9.840781e-01	-6.962418e-02
1.913344e+14	9.846855e-01	-1.544957e-01
1.913099e+14	9.849028e-01	-2.378826e-01
1.912855e+14	9.847443e-01	-3.204807e-01
1.912610e+14	9.841917e-01	-4.029802e-01
1.912366e+14	9.831908e-01	-4.861041e-01
1.912122e+14	9.816410e-01	-5.706510e-01
1.911877e+14	9.793752e-01	-6.575527e-01
1.911633e+14	9.761247e-01	-7.479534e-01
1.911389e+14	9.714536e-01	-8.433276e-01
1.911145e+14	9.646410e-01	-9.456638e-01
1.910901e+14	9.544543e-01	-1.057759e+00
1.910657e+14	9.387046e-01	-1.183706e+00
1.910413e+14	9.133436e-01	-1.329700e+00
1.910170e+14	8.706270e-01	-1.505301e+00
1.909926e+14	7.956786e-01	-1.724969e+00
1.909682e+14	6.623788e-01	-2.007745e+00
1.909439e+14	4.399781e-01	-2.366823e+00
1.909195e+14	1.370022e-01	-2.779510e+00
1.908952e+14	1.627013e-01	-4.536629e-02
1.908708e+14	3.835665e-01	-3.850204e-01
1.908465e+14	5.209395e-01	-6.596260e-01
1.908222e+14	5.993301e-01	-8.874251e-01
1.907979e+14	6.391590e-01	-1.087416e+00
1.907735e+14	6.518200e-01	-1.274021e+00
1.907492e+14	6.420317e-01	-1.458164e+00
1.907249e+14	6.098685e-01	-1.648955e+00
1.907006e+14	5.517880e-01	-1.854795e+00
1.906763e+14	4.615190e-01	-2.083510e+00
1.906521e+14	3.324825e-01	-2.340842e+00
1.906278e+14	1.637920e-01	-2.626487e+00
1.906035e+14	3.166264e-02	2.024916e-01
1.905792e+14	2.270570e-01	-9.676538e-02
1.905550e+14	3.960270e-01	-3.815820e-01
1.905307e+14	5.266923e-01	-6.369010e-01
1.905065e+14	6.210087e-01	-8.620120e-01
1.904822e+14	6.866513e-01	-1.061627e+00
1.904580e+14	7.313459e-01	-1.241858e+00
1.904338e+14	7.609761e-01	-1.408367e+00
1.904096e+14	7.795262e-01	-1.565874e+00
1.903853e+14	7.895064e-01	-1.718225e+00
1.903611e+14	7.923627e-01	-1.868601e+00
1.903369e+14	7.887643e-01	-2.019738e+00
1.903127e+14	7.787767e-01	-2.174093e+00
1.902885e+14	7.619591e-01	-2.333961e+00
1.902644e+14	7.374220e-01	-2.501535e+00
1.902402e+14	7.038947e-01	-2.678889e+00
1.902160e+14	6.598640e-01	-2.867851e+00
1.901918e+14	6.038686e-01	-3.069767e+00
1.901677e+14	5.350223e-01	2.998064e+00
1.901435e+14	4.537405e-01	2.770066e+00
1.901194e+14	3.624261e-01	2.531754e+00
1.900952e+14	2.656455e-01	2.286847e+00
1.900711e+14	1.694211e-01	2.039776e+00
1.900470e+14	7.982674e-02	1.794847e+00
1.900228e+14	1.627356e-03	1.598650e+00
1.899987e+14	6.238144e-02	-1.824225e+00
1.899746e+14	1.112250e-01	-2.052244e+00
1.899505e+14	1.452213e-01	-2.275405e+00
1.899264e+14	1.654044e-01	-2.494778e+00
1.899023e+14	1.731292e-01	-2.711753e+00
1.898782e+14	1.698655e-01	-2.927611e+00
1.898542e+14	1.571310e-01	3.139831e+00
1.898301e+14	1.364933e-01	2.923548e+00
1.898060e+14	1.095880e-01	2.706432e+00
1.897819e+14	7.811371e-02	2.488528e+00
1.897579e+14	4.378822e-02	2.270208e+00
1.897338e+14	8.268310e-03	2.053981e+00
1.897098e+14	2.694892e-02	-1.310198e+00
1.896858e+14	6.061652e-02	-1.527526e+00
1.896617e+14	9.180032e-02	-1.744321e+00
1.896377e+14	1.199022e-01	-1.960127e+00
1.896137e+14	1.446472e-01	-2.174880e+00
1.895897e+14	1.660442e-01	-2.388647e+00
1.895657e+14	1.843319e-01	-2.601574e+00
1.895417e+14	1.999205e-01	-2.813834e+00
1.895177e+14	2.133329e-01	-3.025597e+00
1.894937e+14	2.251507e-01	3.046177e+00
1.894697e+14	2.359630e-01	2.835018e+00
1.894457e+14	2.463203e-01	2.624062e+00
1.894217e+14	2.566929e-01	2.413309e+00
1.893978e+14	2.674362e-01	2.202812e+00
1.893738e+14	2.787640e-01	1.992667e+00
1.893499e+14	2.907326e-01	1.783007e+00
1.893259e+14	3.032371e-01	1.573994e+00
1.893020e+14	3.160195e-01	1.365802e+00
1.892780e+14	3.286886e-01	1.158601e+00
1.892541e+14	3.407480e-01	9.525377e-01
1.892302e+14	3.516290e-01	7.477073e-01
1.892063e+14	3.607231e-01	5.441352e-01
1.891824e+14	3.674105e-01	3.417557e-01
1.891585e+14	3.710820e-01	1.403987e-01
1.891346e+14	3.711544e-01	-6.021443e-02
1.891107e+14	3.670797e-01	-2.604655e-01
1.890868e+14	3.583541e-01	-4.608225e-01
1.890629e+14	3.445305e-01	-6.618114e-01
1.890390e+14	3.252404e-01	-8.639752e-01
1.890152e+14	3.002317e-01	-1.067822e+00
1.889913e+14	2.694230e-01	-1.273763e+00
1.889674e+14	2.329732e-01	-1.482047e+00
1.889436e+14	1.913557e-01	-1.692691e+00
1.889197e+14	1.454169e-01	-1.905439e+00
1.888959e+14	9.639581e-02	-2.119705e+00
1.888721e+14	4.587943e-02	-2.334315e+00
1.888482e+14	4.310189e-03	5.731292e-01
1.888244e+14	5.227538e-02	3.740592e-01
1.888006e+14	9.622248e-02	1.615550e-01
1.887768e+14	1.345944e-01	-4.930911e-02
1.887530e+14	1.661481e-01	-2.580218e-01
1.887292e+14	1.899606e-01	-4.646391e-01
1.887054e+14	2.053862e-01	-6.695553e-01
1.886816e+14	2.119930e-01	-8.734102e-01
1.886578e+14	2.095065e-01	-1.076999e+00
1.886341e+14	1.977823e-01	-1.281174e+00
1.886103e+14	1.768201e-01	-1.486737e+00
1.885865e+14	1.468217e-01	-1.694326e+00
1.885628e+14	1.082845e-01	-1.904287e+00
1.885390e+14	6.210847e-02	-2.116452e+00
1.885153e+14	9.673709e-03	-2.325650e+00
1.884916e+14	4.715663e-02	5.920804e-01
1.884678e+14	1.061416e-01	3.766144e-01
1.884441e+14	1.648779e-01	1.616897e-01
1.884204e+14	2.210656e-01	-5.104639e-02
1.883967e+14	2.727492e-01	-2.605230e-01
1.883730e+14	3.184626e-01	-4.660818e-01
1.883493e+14	3.572566e-01	-6.674947e-01
1.883256e+14	3.886287e-01	-8.649388e-01
1.883019e+14	4.124020e-01	-1.058929e+00
1.882782e+14	4.285964e-01	-1.250233e+00
1.882545e+14	4.373202e-01	-1.439782e+00
1.882309e+14	4.386967e-01	-1.628596e+00
1.882072e+14	4.328264e-01	-1.817714e+00
1.881835e+14	4.197845e-01	-2.008127e+00
1.881599e+14	3.996514e-01	-2.200724e+00
1.881362e+14	3.725718e-01	-2.396223e+00
1.881126e+14	3.388373e-01	-2.595110e+00
1.880890e+14	2.989804e-01	-2.797584e+00
1.880653e+14	2.538589e-01	-3.003510e+00
1.880417e+14	2.047023e-01	3.070766e+00
1.880181e+14	1.530930e-01	2.859642e+00
1.879945e+14	1.008685e-01	2.647309e+00
1.879709e+14	4.995969e-02	2.435088e+00
1.879473e+14	2.203649e-03	2.251028e+00
1.879237e+14	4.082374e-02	-1.132685e+00
1.879001e+14	7.790005e-02	-1.341186e+00
1.878765e+14	1.081952e-01	-1.548337e+00
1.878529e+14	1.312375e-01	-1.753862e+00
1.878294e+14	1.468537e-01	-1.958008e+00
1.878058e+14	1.551031e-01	-2.161200e+00
1.877822e+14	1.562236e-01	-2.363931e+00
1.877587e+14	1.505975e-01	-2.566681e+00
1.877351e+14	1.387366e-01	-2.769855e+00
1.877116e+14	1.212810e-01	-2.973740e+00
1.876881e+14	9.900085e-02	3.104713e+00
1.876645e+14	7.279315e-02	2.899170e+00
1.876410e+14	4.366431e-02	2.693088e+00
1.876175e+14	1.269495e-02	2.488121e+00
1.875940e+14	1.901180e-02	-8.649443e-01
1.875705e+14	5.039040e-02	-1.070648e+00
1.875470e+14	8.047318e-02	-1.276702e+00
1.875235e+14	1.084384e-01	-1.482144e+00
1.875000e+14	1.336414e-01	-1.686724e+00
("port 2","TE",1,"port 1",1,"modulation")
(1,1)
0.00579
(500,3)
2.000000e+14	9.920831e-01	-2.720245e+00
1.999733e+14	9.896279e-01	-2.950089e+00
1.999466e+14	9.873991e-01	3.104054e+00
1.999199e+14	9.856187e-01	2.875694e+00
1.998932e+14	9.844490e-01	2.647834e+00
1.998665e+14	9.839773e-01	2.420250e+00
1.998398e+14	9.842127e-01	2.192712e+00
1.998131e+14	9.850918e-01	1.965009e+00
1.997865e+14	9.864931e-01	1.736970e+00
1.997598e+14	9.882561e-01	1.508486e+00
1.997332e+14	9.902044e-01	1.279508e+00
1.997065e+14	9.921679e-01	1.050051e+00
1.996799e+14	9.940021e-01	8.201789e-01
1.996532e+14	9.956015e-01	5.899927e-01
1.996266e+14	9.969060e-01	3.596084e-01
1.996000e+14	9.978995e-01	1.291407e-01
1.995734e+14	9.986021e-01	-1.013111e-01
1.995468e+14	9.990588e-01	-3.316725e-01
1.995202e+14	9.993268e-01	-5.618968e-01
1.994936e+14	9.994640e-01	-7.919632e-01
1.994670e+14	9.995210e-01	-1.021871e+00
1.994404e+14	9.995361e-01	-1.251633e+00
1.994139e+14	9.995344e-01	-1.481269e+00
1.993873e+14	9.995297e-01	-1.710799e+00
1.993608e+14	9.995274e-01	-1.940238e+00
1.993342e+14	9.995278e-01	-2.169602e+00
1.993077e+14	9.995293e-01	-2.398897e+00
1.992812e+14	9.995304e-01	-2.628130e+00
1.992546e+14	9.995303e-01	-2.857304e+00
1.992281e+14	9.995288e-01	-3.086425e+00
1.992016e+14	9.995262e-01	2.967690e+00
1.991751e+14	9.995229e-01	2.738664e+00
1.991486e+14	9.995185e-01	2.509676e+00
1.991221e+14	9.995121e-01	2.280719e+00
1.990956e+14	9.995014e-01	2.051782e+00
1.990691e+14	9.994813e-01	1.822854e+00
1.990427e+14	9.994423e-01	1.593919e+00
1.990162e+14	9.993675e-01	1.364960e+00
1.989898e+14	9.992303e-01	1.135963e+00
1.989633e+14	9.989918e-01	9.069157e-01
1.989369e+14	9.986014e-01	6.778207e-01
1.989104e+14	9.979998e-01	4.486980e-01
1.988840e+14	9.971255e-01	2.195935e-01
1.988576e+14	9.959261e-01	-9.417805e-03
1.988312e+14	9.943708e-01	-2.382322e-01
1.988048e+14	9.924643e-01	-4.667237e-01
1.987784e+14	9.902576e-01	-6.947568e-01
1.987520e+14	9.878536e-01	-9.222049e-01
1.987256e+14	9.854048e-01	-1.148971e+00
1.986992e+14	9.831025e-01	-1.375010e+00
1.986729e+14	9.811583e-01	-1.600341e+00
1.986465e+14	9.797801e-01	-1.825063e+00
1.986201e+14	9.791453e-01	-2.049350e+00
1.985938e+14	9.793746e-01	-2.273439e+00
1.985674e+14	9.805100e-01	-2.497613e+00
1.985411e+14	9.824992e-01	-2.722169e+00
1.985148e+14	9.851898e-01	-2.947379e+00
1.984885e+14	9.883357e-01	3.109728e+00
1.984622e+14	9.916184e-01	2.882667e+00
1.984358e+14	9.946830e-01	2.654631e+00
1.984095e+14	9.971873e-01	2.425760e+00
1.983832e+14	9.988559e-01	2.196315e+00
1.983570e+14	9.995297e-01	1.966649e+00
1.983307e+14	9.991985e-01	1.737149e+00
1.983044e+14	9.980069e-01	1.508177e+00
1.982781e+14	9.962322e-01	1.280009e+00
1.982519e+14	9.942370e-01	1.052788e+00
1.982256e+14	9.924088e-01	8.265029e-01
1.981994e+14	9.910962e-01	6.009843e-01
1.981732e+14	9.905534e-01	3.759347e-01
1.981469e+14	9.908985e-01	1.509703e-01
1.981207e+14	9.920895e-01	-7.431969e-02
1.980945e+14	9.939206e-01	-3.003090e-01
1.980683e+14	9.960408e-01	-5.272698e-01
1.980421e+14	9.979966e-01	-7.553178e-01
1.980159e+14	9.992980e-01	-9.843770e-01
1.979897e+14	9.994997e-01	-1.214173e+00
1.979635e+14	9.982858e-01	-1.444261e+00
1.979373e+14	9.955367e-01	-1.674089e+00
1.979112e+14	9.913618e-01	-1.903078e+00
1.978850e+14	9.860879e-01	-2.130721e+00
1.978588e+14	9.802065e-01	-2.356654e+00
1.978327e+14	9.742972e-01	-2.580712e+00
1.978066e+14	9.689437e-01	-2.802943e+00
1.977804e+14	9.646617e-01	-3.023597e+00
1.977543e+14	9.618452e-01	3.040102e+00
1.977282e+14	9.607343e-01	2.821265e+00
1.977021e+14	9.614005e-01	2.602511e+00
1.976760e+14	9.637481e-01	2.383285e+00
1.976499e+14	9.675275e-01	2.163106e+00
1.976238e+14	9.723618e-01	1.941609e+00
1.975977e+14	9.777861e-01	1.718588e+00
1.975716e+14	9.832995e-01	1.494013e+00
1.975455e+14	9.884256e-01	1.268025e+00
1.975195e+14	9.927729e-01	1.040916e+00
1.974934e+14	9.960839e-01	8.130735e-01
1.974674e+14	9.982617e-01	5.849224e-01
1.974413e+14	9.993680e-01	3.568603e-01
1.974153e+14	9.995936e-01	1.292038e-01
1.973892e+14	9.992096e-01	-9.784574e-02
1.973632e+14	9.985126e-01	-3.242131e-01
1.973372e+14	9.977744e-01	-5.499380e-01
1.973112e+14	9.972042e-01	-7.751478e-01
1.972852e+14	9.969286e-01	-1.000021e+00
1.972592e+14	9.969868e-01	-1.224750e+00
1.972332e+14	9.973407e-01	-1.449506e+00
1.972072e+14	9.978945e-01	-1.674417e+00
1.971812e+14	9.985207e-01	-1.899550e+00
1.971553e+14	9.990864e-01	-2.124914e+00
1.971293e+14	9.994772e-01	-2.350463e+00
1.971034e+14	9.996142e-01	-2.576115e+00
1.970774e+14	9.994619e-01	-2.801769e+00
1.970515e+14	9.990274e-01	-3.027331e+00
1.970255e+14	9.983523e-01	3.030465e+00
1.969996e+14	9.974992e-01	2.805299e+00
1.969737e+14	9.965377e-01	2.580377e+00
1.969478e+14	9.955317e-01	2.355691e+00
1.969219e+14	9.945295e-01	2.131211e+00
1.968960e+14	9.935593e-01	1.906899e+00
1.968701e+14	9.926284e-01	1.682712e+00
1.968442e+14	9.917250e-01	1.458612e+00
1.968183e+14	9.908230e-01	1.234573e+00
1.967924e+14	9.898871e-01	1.010585e+00
1.967666e+14	9.888788e-01	7.866564e-01
1.967407e+14	9.877622e-01	5.628114e-01
1.967148e+14	9.865093e-01	3.390937e-01
1.966890e+14	9.851066e-01	1.155621e-01
1.966632e+14	9.835610e-01	-1.077119e-01
1.966373e+14	9.819057e-01	-3.306505e-01
1.966115e+14	9.802047e-01	-5.531785e-01
1.965857e+14	9.785544e-01	-7.752348e-01
1.965599e+14	9.770811e-01	-9.967861e-01
1.965341e+14	9.759338e-01	-1.217841e+00
1.965083e+14	9.752704e-01	-1.438462e+00
1.964825e+14	9.752399e-01	-1.658771e+00
1.964567e+14	9.759600e-01	-1.878954e+00
1.964309e+14	9.774944e-01	-2.099246e+00
1.964051e+14	9.798306e-01	-2.319917e+00
1.963794e+14	9.828636e-01	-2.541239e+00
1.963536e+14	9.863887e-01	-2.763455e+00
1.963279e+14	9.901081e-01	-2.986729e+00
1.963021e+14	9.936556e-01	3.072069e+00
1.962764e+14	9.966403e-01	2.846656e+00
1.962507e+14	9.987065e-01	2.620454e+00
1.962249e+14	9.996005e-01	2.393833e+00
1.961992e+14	9.992284e-01	2.167248e+00
1.961735e+14	9.976904e-01	1.941171e+00
1.961478e+14	9.952782e-01	1.716009e+00
1.961221e+14	9.924348e-01	1.492026e+00
1.960964e+14	9.896849e-01	1.269287e+00
1.960707e+14	9.875490e-01	1.047635e+00
1.960450e+14	9.864580e-01	8.266958e-01
1.960194e+14	9.866763e-01	6.059216e-01
1.959937e+14	9.882409e-01	3.846568e-01
1.959681e+14	9.909204e-01	1.622318e-01
1.959424e+14	9.942014e-01	-6.192770e-02
1.959168e+14	9.973151e-01	-2.881816e-01
1.958911e+14	9.993177e-01	-5.165657e-01
1.958655e+14	9.992335e-01	-7.467151e-01
1.958399e+14	9.962479e-01	-9.778533e-01
1.958143e+14	9.899062e-01	-1.208869e+00
1.957886e+14	9.802538e-01	-1.438478e+00
1.957630e+14	9.678630e-01	-1.665439e+00
1.957374e+14	9.537346e-01	-1.888759e+00
1.957119e+14	9.391145e-01	-2.107844e+00
1.956863e+14	9.252914e-01	-2.322568e+00
1.956607e+14	9.134341e-01	-2.533252e+00
1.956351e+14	9.044912e-01	-2.740604e+00
1.956096e+14	8.991463e-01	-2.945622e+00
1.955840e+14	8.978081e-01	3.133688e+00
1.955585e+14	9.006102e-01	2.929660e+00
1.955329e+14	9.074068e-01	2.724177e+00
1.955074e+14	9.177564e-01	2.516017e+00
1.954818e+14	9.309039e-01	2.304156e+00
1.954563e+14	9.457785e-01	2.087878e+00
1.954308e+14	9.610414e-01	1.866907e+00
1.954053e+14	9.752122e-01	1.641490e+00
1.953798e+14	9.868846e-01	1.412432e+00
1.953543e+14	9.949932e-01	1.181004e+00
1.953288e+14	9.990486e-01	9.487469e-01
1.953033e+14	9.992415e-01	7.171970e-01
1.952779e+14	9.963706e-01	4.876081e-01
1.952524e+14	9.916249e-01	2.607592e-01
1.952269e+14	9.863111e-01	3.687944e-02
1.952015e+14	9.816133e-01	-1.843134e-01
1.951760e+14	9.784314e-01	-4.034996e-01
1.951506e+14	9.772995e-01	-6.216098e-01
1.951251e+14	9.783621e-01	-8.396719e-01
1.950997e+14	9.813881e-01	-1.058665e+00
1.950743e+14	9.858129e-01	-1.279390e+00
1.950489e+14	9.908094e-01	-1.502354e+00
1.950234e+14	9.953984e-01	-1.727693e+00
1.949980e+14	9.985977e-01	-1.955139e+00
1.949726e+14	9.995948e-01	-2.184052e+00
1.949473e+14	9.979022e-01	-2.413521e+00
1.949219e+14	9.934515e-01	-2.642527e+00
1.948965e+14	9.865906e-01	-2.870115e+00
1.948711e+14	9.779909e-01	-3.095547e+00
1.948458e+14	9.684983e-01	2.964792e+00
1.948204e+14	9.589783e-01	2.744631e+00
1.947951e+14	9.501937e-01	2.526961e+00
1.947697e+14	9.427302e-01	2.311363e+00
1.947444e+14	9.369676e-01	2.097281e+00
1.947190e+14	9.330848e-01	1.884103e+00
1.946937e+14	9.310833e-01	1.671231e+00
1.946684e+14	9.308221e-01	1.458136e+00
1.946431e+14	9.320558e-01	1.244394e+00
1.946178e+14	9.344736e-01	1.029703e+00
1.945925e+14	9.377371e-01	8.138953e-01
1.945672e+14	9.415149e-01	5.969198e-01
1.945419e+14	9.455108e-01	3.788285e-01
1.945166e+14	9.494859e-01	1.597483e-01
1.944914e+14	9.532701e-01	-6.014790e-02
1.944661e+14	9.567664e-01	-2.806691e-01
1.944408e+14	9.599469e-01	-5.016309e-01
1.944156e+14	9.628445e-01	-7.228748e-01
1.943903e+14	9.655405e-01	-9.442835e-01
1.943651e+14	9.681502e-01	-1.165793e+00
1.943399e+14	9.708063e-01	-1.387401e+00
1.943146e+14	9.736384e-01	-1.609171e+00
1.942894e+14	9.767504e-01	-1.831232e+00
1.942642e+14	9.801939e-01	-2.053772e+00
1.942390e+14	9.839421e-01	-2.277016e+00
1.942138e+14	9.878685e-01	-2.501192e+00
1.941886e+14	9.917370e-01	-2.726489e+00
1.941634e+14	9.952126e-01	-2.953005e+00
1.941382e+14	9.979005e-01	3.102495e+00
1.941131e+14	9.994155e-01	2.873861e+00
1.940879e+14	9.994739e-01	2.644680e+00
1.940627e+14	9.979900e-01	2.415481e+00
1.940376e+14	9.951461e-01	2.186832e+00
1.940124e+14	9.914114e-01	1.959204e+00
1.939873e+14	9.874938e-01	1.732839e+00
1.939622e+14	9.842320e-01	1.507623e+00
1.939370e+14	9.824440e-01	1.283010e+00
1.939119e+14	9.827503e-01	1.058000e+00
1.938868e+14	9.853791e-01	8.311891e-01
1.938617e+14	9.899531e-01	6.008978e-01
1.938366e+14	9.952699e-01	3.654212e-01
1.938115e+14	9.991432e-01	1.234240e-01
1.937864e+14	9.984623e-01	-1.255124e-01
1.937613e+14	9.897003e-01	-3.803036e-01
1.937362e+14	9.699732e-01	-6.380197e-01
1.937112e+14	9.383159e-01	-8.941470e-01
1.936861e+14	8.963802e-01	-1.143565e+00
1.936611e+14	8.479613e-01	-1.381839e+00
1.936360e+14	7.976548e-01	-1.606167e+00
1.936110e+14	7.495475e-01	-1.815615e+00
1.935859e+14	7.065614e-01	-2.010787e+00
1.935609e+14	6.704397e-01	-2.193283e+00
1.935359e+14	6.420626e-01	-2.365242e+00
1.935109e+14	6.218208e-01	-2.529037e+00
1.934858e+14	6.099222e-01	-2.687152e+00
1.934608e+14	6.066107e-01	-2.842170e+00
1.934358e+14	6.123102e-01	-2.996855e+00
1.934109e+14	6.277119e-01	3.128879e+00
1.933859e+14	6.537914e-01	2.965020e+00
1.933609e+14	6.916889e-01	2.790309e+00
1.933359e+14	7.422699e-01	2.599273e+00
1.933110e+14	8.049957e-01	2.385466e+00
1.932860e+14	8.756294e-01	2.142420e+00
1.932610e+14	9.431240e-01	1.866592e+00
1.932361e+14	9.892964e-01	1.562534e+00
1.932112e+14	9.976151e-01	1.246377e+00
1.931862e+14	9.672000e-01	9.404552e-01
1.931613e+14	9.138417e-01	6.613182e-01
1.931364e+14	8.566508e-01	4.136681e-01
1.931115e+14	8.084120e-01	1.933788e-01
1.930865e+14	7.752753e-01	-7.439037e-03
1.930616e+14	7.598417e-01	-1.976730e-01
1.930368e+14	7.636582e-01	-3.867225e-01
1.930119e+14	7.883972e-01	-5.853616e-01
1.929870e+14	8.355057e-01	-8.074056e-01
1.929621e+14	9.026185e-01	-1.071375e+00
1.929372e+14	9.724779e-01	-1.398272e+00
1.929124e+14	9.977311e-01	-1.794165e+00
1.928875e+14	9.276707e-01	-2.218322e+00
1.928627e+14	7.845747e-01	-2.599428e+00
1.928378e+14	6.353159e-01	-2.902969e+00
1.928130e+14	5.139476e-01	-3.137794e+00
1.927882e+14	4.231995e-01	2.959320e+00
1.927633e+14	3.565492e-01	2.805904e+00
1.927385e+14	3.073497e-01	2.674407e+00
1.927137e+14	2.706415e-01	2.557902e+00
1.926889e+14	2.429977e-01	2.451853e+00
1.926641e+14	2.220891e-01	2.353185e+00
1.926393e+14	2.063286e-01	2.259731e+00
1.926145e+14	1.946286e-01	2.169890e+00
1.925897e+14	1.862438e-01	2.082426e+00
1.925650e+14	1.806707e-01	1.996335e+00
1.925402e+14	1.775837e-01	1.910753e+00
1.925154e+14	1.767955e-01	1.824900e+00
1.924907e+14	1.782344e-01	1.738028e+00
1.924659e+14	1.819336e-01	1.649380e+00
1.924412e+14	1.880296e-01	1.558156e+00
1.924165e+14	1.967708e-01	1.463473e+00
1.923917e+14	2.085331e-01	1.364316e+00
1.923670e+14	2.238461e-01	1.259493e+00
1.923423e+14	2.434283e-01	1.147563e+00
1.923176e+14	2.682301e-01	1.026758e+00
1.922929e+14	2.994773e-01	8.948818e-01
1.922682e+14	3.386943e-01	7.492003e-01
1.922435e+14	3.876520e-01	5.863529e-01
1.922188e+14	4.481266e-01	4.023581e-01
1.921941e+14	5.212622e-01	1.928970e-01
1.921694e+14	6.063078e-01	-4.581651e-02
1.921448e+14	6.988523e-01	-3.152725e-01
1.921201e+14	7.898572e-01	-6.123147e-01
1.920955e+14	8.679118e-01	-9.279677e-01
1.920708e+14	9.249167e-01	-1.249749e+00
1.920462e+14	9.602267e-01	-1.566756e+00
1.920215e+14	9.790384e-01	-1.873303e+00
1.919969e+14	9.878079e-01	-2.168744e+00
1.919723e+14	9.912925e-01	-2.455116e+00
1.919477e+14	9.921450e-01	-2.735020e+00
1.919231e+14	9.917578e-01	-3.010630e+00
1.918985e+14	9.911767e-01	2.999447e+00
1.918739e+14	9.915073e-01	2.726807e+00
1.918493e+14	9.936371e-01	2.451626e+00
1.918247e+14	9.972899e-01	2.169482e+00
1.918001e+14	9.995086e-01	1.874854e+00
1.917756e+14	9.930289e-01	1.562825e+00
1.917510e+14	9.663868e-01	1.232737e+00
1.917264e+14	9.091051e-01	8.925851e-01
1.917019e+14	8.211398e-01	5.592240e-01
1.916773e+14	7.158643e-01	2.508912e-01
1.916528e+14	6.107617e-01	-2.165947e-02
1.916283e+14	5.174482e-01	-2.570266e-01
1.916037e+14	4.399616e-01	-4.594382e-01
1.915792e+14	3.777497e-01	-6.348402e-01
1.915547e+14	3.285252e-01	-7.888474e-01
1.915302e+14	2.897669e-01	-9.260948e-01
1.915057e+14	2.592791e-01	-1.050216e+00
1.914812e+14	2.353143e-01	-1.164015e+00
1.914567e+14	2.165375e-01	-1.269665e+00
1.914322e+14	2.019501e-01	-1.368868e+00
1.914077e+14	1.908158e-01	-1.462986e+00
1.913833e+14	1.826019e-01	-1.553131e+00
1.913588e+14	1.769348e-01	-1.640240e+00
1.913344e+14	1.735705e-01	-1.725128e+00
1.913099e+14	1.723746e-01	-1.808532e+00
1.912855e+14	1.733138e-01	-1.891146e+00
1.912610e+14	1.764546e-01	-1.973663e+00
1.912366e+14	1.819732e-01	-2.056804e+00
1.912122e+14	1.901750e-01	-2.141369e+00
1.911877e+14	2.015310e-01	-2.228289e+00
1.911633e+14	2.167348e-01	-2.318710e+00
1.911389e+14	2.367932e-01	-2.414106e+00
1.911145e+14	2.631667e-01	-2.516466e+00
1.910901e+14	2.979865e-01	-2.628589e+00
1.910657e+14	3.443748e-01	-2.754569e+00
1.910413e+14	4.068554e-01	-2.900603e+00
1.910170e+14	4.916113e-01	-3.076257e+00
1.909926e+14	6.053744e-01	2.987183e+00
1.909682e+14	7.487990e-01	2.704276e+00
1.909439e+14	8.976096e-01	2.344901e+00
1.909195e+14	9.901622e-01	1.930615e+00
1.908952e+14	9.862880e-01	1.527182e+00
1.908708e+14	9.231629e-01	1.186390e+00
1.908465e+14	8.532785e-01	9.115205e-01
1.908222e+14	8.002143e-01	6.835937e-01
1.907979e+14	7.688061e-01	4.835195e-01
1.907735e+14	7.581172e-01	2.968492e-01
1.907492e+14	7.664271e-01	1.126470e-01
1.907249e+14	7.922507e-01	-7.820682e-02
1.907006e+14	8.337251e-01	-2.841239e-01
1.906763e+14	8.868574e-01	-5.129506e-01
1.906521e+14	9.428182e-01	-7.704909e-01
1.906278e+14	9.861847e-01	-1.056798e+00
1.906035e+14	9.991743e-01	-1.361889e+00
1.905792e+14	9.735524e-01	-1.666640e+00
1.905550e+14	9.179142e-01	-1.951870e+00
1.905307e+14	8.497413e-01	-2.207349e+00
1.905065e+14	7.835008e-01	-2.432548e+00
1.904822e+14	7.266956e-01	-2.632222e+00
1.904580e+14	6.817258e-01	-2.812496e+00
1.904338e+14	6.485079e-01	-2.979039e+00
1.904096e+14	6.261051e-01	-3.136575e+00
1.903853e+14	6.134841e-01	2.994234e+00
1.903611e+14	6.097970e-01	2.843833e+00
1.903369e+14	6.144465e-01	2.692674e+00
1.903127e+14	6.270548e-01	2.538298e+00
1.902885e+14	6.473806e-01	2.378408e+00
1.902644e+14	6.751885e-01	2.210811e+00
1.902402e+14	7.100604e-01	2.033433e+00
1.902160e+14	7.511400e-01	1.844444e+00
1.901918e+14	7.968373e-01	1.642498e+00
1.901677e+14	8.445897e-01	1.427108e+00
1.901435e+14	8.908845e-01	1.199063e+00
1.901194e+14	9.317631e-01	9.606886e-01
1.900952e+14	9.638228e-01	7.156841e-01
1.900711e+14	9.852986e-01	4.684315e-01
1.900470e+14	9.965674e-01	2.229877e-01
1.900228e+14	9.997617e-01	-1.776079e-02
1.899987e+14	9.978196e-01	-2.524370e-01
1.899746e+14	9.935660e-01	-4.810092e-01
1.899505e+14	9.891727e-01	-7.043622e-01
1.899264e+14	9.860011e-01	-9.238412e-01
1.899023e+14	9.846753e-01	-1.140889e+00
1.898782e+14	9.852437e-01	-1.356806e+00
1.898542e+14	9.873539e-01	-1.572604e+00
1.898301e+14	9.904165e-01	-1.788947e+00
1.898060e+14	9.937518e-01	-2.006138e+00
1.897819e+14	9.967184e-01	-2.224162e+00
1.897579e+14	9.988141e-01	-2.442763e+00
1.897338e+14	9.997385e-01	-2.661543e+00
1.897098e+14	9.994089e-01	-2.880065e+00
1.896858e+14	9.979327e-01	-3.097941e+00
1.896617e+14	9.955483e-01	2.968292e+00
1.896377e+14	9.925558e-01	2.752409e+00
1.896137e+14	9.892525e-01	2.537611e+00
1.895897e+14	9.858863e-01	2.323814e+00
1.895657e+14	9.826307e-01	2.110869e+00
1.895417e+14	9.795773e-01	1.898599e+00
1.895177e+14	9.767431e-01	1.686830e+00
1.894937e+14	9.740858e-01	1.475419e+00
1.894697e+14	9.715221e-01	1.264264e+00
1.894457e+14	9.689468e-01	1.053315e+00
1.894217e+14	9.662498e-01	8.425723e-01
1.893978e+14	9.633309e-01	6.320861e-01
1.893738e+14	9.601137e-01	4.219517e-01
1.893499e+14	9.565574e-01	2.123018e-01
1.893259e+14	9.526675e-01	3.296665e-03
1.893020e+14	9.485047e-01	-2.048899e-01
1.892780e+14	9.441905e-01	-4.120877e-01
1.892541e+14	9.399074e-01	-6.181517e-01
1.892302e+14	9.358931e-01	-8.229855e-01
1.892063e+14	9.324280e-01	-1.026564e+00
1.891824e+14	9.298156e-01	-1.228953e+00
1.891585e+14	9.283587e-01	-1.430322e+00
1.891346e+14	9.283317e-01	-1.630950e+00
1.891107e+14	9.299518e-01	-1.831219e+00
1.890868e+14	9.333495e-01	-2.031598e+00
1.890629e+14	9.385399e-01	-2.232612e+00
1.890390e+14	9.453966e-01	-2.434806e+00
1.890152e+14	9.536314e-01	-2.638690e+00
1.889913e+14	9.627863e-01	-2.844678e+00
1.889674e+14	9.722463e-01	-3.053023e+00
1.889436e+14	9.812823e-01	3.019429e+00
1.889197e+14	9.891303e-01	2.806540e+00
1.888959e+14	9.951013e-01	2.591996e+00
1.888721e+14	9.987040e-01	2.376525e+00
1.888482e+14	9.997472e-01	2.160991e+00
1.888244e+14	9.983893e-01	1.946264e+00
1.888006e+14	9.951173e-01	1.733092e+00
1.887768e+14	9.906596e-01	1.521982e+00
1.887530e+14	9.858614e-01	1.313134e+00
1.887292e+14	9.815542e-01	1.106425e+00
1.887054e+14	9.784452e-01	9.014377e-01
1.886816e+14	9.770367e-01	6.975210e-01
1.886578e+14	9.775734e-01	4.938727e-01
1.886341e+14	9.800120e-01	2.896343e-01
1.886103e+14	9.840081e-01	8.399462e-02
1.885865e+14	9.889260e-01	-1.237019e-01
1.885628e+14	9.938804e-01	-3.338465e-01
1.885390e+14	9.978267e-01	-5.464721e-01
1.885153e+14	9.997073e-01	-7.611971e-01
1.884916e+14	9.986387e-01	-9.772315e-01
1.884678e+14	9.940998e-01	-1.193464e+00
1.884441e+14	9.860613e-01	-1.408623e+00
1.884204e+14	9.750056e-01	-1.621479e+00
1.883967e+14	9.618323e-01	-1.831031e+00
1.883730e+14	9.476837e-01	-2.036645e+00
1.883493e+14	9.337563e-01	-2.238101e+00
1.883256e+14	9.211466e-01	-2.435582e+00
1.883019e+14	9.107562e-01	-2.629605e+00
1.882782e+14	9.032523e-01	-2.820938e+00
1.882545e+14	8.990637e-01	-3.010515e+00
1.882309e+14	8.983941e-01	3.083828e+00
1.882072e+14	9.012366e-01	2.894682e+00
1.881835e+14	9.073829e-01	2.704240e+00
1.881599e+14	9.164254e-01	2.511612e+00
1.881362e+14	9.277602e-01	2.316079e+00
1.881126e+14	9.406001e-01	2.117151e+00
1.880890e+14	9.540124e-01	1.914630e+00
1.880653e+14	9.669926e-01	1.708643e+00
1.880417e+14	9.785741e-01	1.499649e+00
1.880181e+14	9.879607e-01	1.288395e+00
1.879945e+14	9.946484e-01	1.075818e+00
1.879709e+14	9.985002e-01	8.629149e-01
1.879473e+14	9.997476e-01	6.505987e-01
1.879237e+14	9.989179e-01	4.395785e-01
1.879001e+14	9.967146e-01	2.302888e-01
1.878765e+14	9.938850e-01	2.287130e-02
1.878529e+14	9.911082e-01	-1.827952e-01
1.878294e+14	9.889172e-01	-3.870345e-01
1.878058e+14	9.876586e-01	-5.902985e-01
1.877822e+14	9.874831e-01	-7.930908e-01
1.877587e+14	9.883573e-01	-9.958982e-01
1.877351e+14	9.900920e-01	-1.199133e+00
1.877116e+14	9.923812e-01	-1.403088e+00
1.876881e+14	9.948507e-01	-1.607914e+00
1.876645e+14	9.971107e-01	-1.813608e+00
1.876410e+14	9.988103e-01	-2.020026e+00
1.876175e+14	9.996841e-01	-2.226914e+00
1.875940e+14	9.995848e-01	-2.433947e+00
1.875705e+14	9.984961e-01	-2.640783e+00
1.875470e+14	9.965245e-01	-2.847109e+00
1.875235e+14	9.938721e-01	-3.052678e+00
1.875000e+14	9.907999e-01	3.025850e+00
("port 2","TE",1,"port 2",1,"modulation")
(1,1)
0.00579
(500,3)
2.000000e+14	1.217277e-01	1.991615e+00
1.999733e+14	1.403130e-01	1.761875e+00
1.999466e+14	1.552391e-01	1.532912e+00
1.999199e+14	1.661827e-01	1.304619e+00
1.998932e+14	1.729902e-01	1.076816e+00
1.998665e+14	1.756642e-01	8.492854e-01
1.998398e+14	1.743491e-01	6.217981e-01
1.998131e+14	1.693175e-01	3.941449e-01
1.997865e+14	1.609564e-01	1.661584e-01
1.997598e+14	1.497528e-01	-6.227101e-02
1.997332e+14	1.362758e-01	-2.911886e-01
1.997065e+14	1.211537e-01	-5.205779e-01
1.996799e+14	1.050461e-01	-7.503706e-01
1.996532e+14	8.861111e-02	-9.804623e-01
1.996266e+14	7.247221e-02	-1.210730e+00
1.996000e+14	5.718560e-02	-1.441049e+00
1.995734e+14	4.321359e-02	-1.671303e+00
1.995468e+14	3.090544e-02	-1.901385e+00
1.995202e+14	2.048730e-02	-2.131183e+00
1.994936e+14	1.206120e-02	-2.360502e+00
1.994670e+14	5.612173e-03	-2.588650e+00
1.994404e+14	1.022360e-03	-2.805735e+00
1.994139e+14	1.910355e-03	8.376907e-02
1.993873e+14	3.448155e-03	-1.413210e-01
1.993608e+14	3.889684e-03	-3.689063e-01
1.993342e+14	3.543164e-03	-5.963506e-01
1.993077e+14	2.701400e-03	-8.225068e-01
1.992812e+14	1.618660e-03	-1.044259e+00
1.992546e+14	4.914119e-04	-1.232118e+00
1.992281e+14	5.600934e-04	1.569407e+00
1.992016e+14	1.490950e-03	1.372798e+00
1.991751e+14	2.348367e-03	1.151069e+00
1.991486e+14	3.258755e-03	9.259255e-01
1.991221e+14	4.421107e-03	6.999193e-01
1.990956e+14	6.091375e-03	4.735162e-01
1.990691e+14	8.562229e-03	2.466762e-01
1.990427e+14	1.213916e-02	1.933339e-02
1.990162e+14	1.711428e-02	-2.084834e-01
1.989898e+14	2.373922e-02	-4.366896e-01
1.989633e+14	3.219883e-02	-6.651940e-01
1.989369e+14	4.258716e-02	-8.939157e-01
1.989104e+14	5.488751e-02	-1.122778e+00
1.988840e+14	6.895845e-02	-1.351698e+00
1.988576e+14	8.452752e-02	-1.580576e+00
1.988312e+14	1.011943e-01	-1.809291e+00
1.988048e+14	1.184431e-01	-2.037708e+00
1.987784e+14	1.356660e-01	-2.265682e+00
1.987520e+14	1.521923e-01	-2.493084e+00
1.987256e+14	1.673232e-01	-2.719811e+00
1.986992e+14	1.803662e-01	-2.945817e+00
1.986729e+14	1.906669e-01	3.112065e+00
1.986465e+14	1.976349e-01	2.887369e+00
1.986201e+14	2.007645e-01	2.663107e+00
1.985938e+14	1.996512e-01	2.439042e+00
1.985674e+14	1.940069e-01	2.214892e+00
1.985411e+14	1.836771e-01	1.990361e+00
1.985148e+14	1.686618e-01	1.765178e+00
1.984885e+14	1.491393e-01	1.539134e+00
1.984622e+14	1.254910e-01	1.312115e+00
1.984358e+14	9.831866e-02	1.084140e+00
1.984095e+14	6.844747e-02	8.553759e-01
1.983832e+14	3.690609e-02	6.262027e-01
1.983570e+14	4.880065e-03	4.001734e-01
1.983307e+14	2.635804e-02	-2.975843e+00
1.983044e+14	5.553070e-02	3.078797e+00
1.982781e+14	8.143605e-02	2.850768e+00
1.982519e+14	1.030121e-01	2.623626e+00
1.982256e+14	1.193775e-01	2.397399e+00
1.981994e+14	1.298496e-01	2.171931e+00
1.981732e+14	1.339467e-01	1.946933e+00
1.981469e+14	1.313845e-01	1.722027e+00
1.981207e+14	1.220784e-01	1.496811e+00
1.980945e+14	1.061549e-01	1.270927e+00
1.980683e+14	8.397441e-02	1.044141e+00
1.980421e+14	5.615703e-02	8.164658e-01
1.980159e+14	2.359899e-02	5.888763e-01
1.979897e+14	1.253614e-02	-2.789686e+00
1.979635e+14	5.086178e-02	-3.016214e+00
1.979373e+14	8.985502e-02	3.037666e+00
1.979112e+14	1.279676e-01	2.808890e+00
1.978850e+14	1.637442e-01	2.581367e+00
1.978588e+14	1.959193e-01	2.355512e+00
1.978327e+14	2.234766e-01	2.131511e+00
1.978066e+14	2.456661e-01	1.909323e+00
1.977804e+14	2.619874e-01	1.688706e+00
1.977543e+14	2.721540e-01	1.469252e+00
1.977282e+14	2.760556e-01	1.250444e+00
1.977021e+14	2.737294e-01	1.031717e+00
1.976760e+14	2.653462e-01	8.125192e-01
1.976499e+14	2.512144e-01	5.923680e-01
1.976238e+14	2.317952e-01	3.709013e-01
1.975977e+14	2.077229e-01	1.479140e-01
1.975716e+14	1.798177e-01	-7.662209e-02
1.975455e+14	1.490820e-01	-3.025598e-01
1.975195e+14	1.166686e-01	-5.296015e-01
1.974934e+14	8.382317e-02	-7.573398e-01
1.974674e+14	5.180483e-02	-9.852894e-01
1.974413e+14	2.180020e-02	-1.212691e+00
1.974153e+14	5.153565e-03	1.695575e+00
1.973892e+14	2.822390e-02	1.472331e+00
1.973632e+14	4.681250e-02	1.246340e+00
1.973372e+14	6.055944e-02	1.020780e+00
1.973112e+14	6.933088e-02	7.956808e-01
1.972852e+14	7.319695e-02	5.709020e-01
1.972592e+14	7.240646e-02	3.462696e-01
1.972332e+14	6.736125e-02	1.216267e-01
1.972072e+14	5.859042e-02	-1.031321e-01
1.971812e+14	4.672280e-02	-3.280296e-01
1.971553e+14	3.245594e-02	-5.529394e-01
1.971293e+14	1.652078e-02	-7.771411e-01
1.971034e+14	3.599444e-04	2.013115e+00
1.970774e+14	1.749705e-02	1.908006e+00
1.970515e+14	3.429862e-02	1.683709e+00
1.970255e+14	5.027247e-02	1.458755e+00
1.969996e+14	6.505942e-02	1.233814e+00
1.969737e+14	7.843999e-02	1.009031e+00
1.969478e+14	9.033300e-02	7.844420e-01
1.969219e+14	1.007849e-01	5.600360e-01
1.968960e+14	1.099513e-01	3.357817e-01
1.968701e+14	1.180725e-01	1.116416e-01
1.968442e+14	1.254453e-01	-1.124188e-01
1.968183e+14	1.323912e-01	-3.364233e-01
1.967924e+14	1.392247e-01	-5.603811e-01
1.967666e+14	1.462217e-01	-7.842843e-01
1.967407e+14	1.535906e-01	-1.008107e+00
1.967148e+14	1.614484e-01	-1.231805e+00
1.966890e+14	1.698027e-01	-1.455320e+00
1.966632e+14	1.785423e-01	-1.678579e+00
1.966373e+14	1.874360e-01	-1.901504e+00
1.966115e+14	1.961409e-01	-2.124020e+00
1.965857e+14	2.042185e-01	-2.346065e+00
1.965599e+14	2.111574e-01	-2.567605e+00
1.965341e+14	2.164000e-01	-2.788649e+00
1.965083e+14	2.193714e-01	-3.009258e+00
1.964825e+14	2.195073e-01	3.053630e+00
1.964567e+14	2.162820e-01	2.833461e+00
1.964309e+14	2.092357e-01	2.613185e+00
1.964051e+14	1.980035e-01	2.392533e+00
1.963794e+14	1.823469e-01	2.171234e+00
1.963536e+14	1.621913e-01	1.949049e+00
1.963279e+14	1.376651e-01	1.725816e+00
1.963021e+14	1.091385e-01	1.501492e+00
1.962764e+14	7.725146e-02	1.276192e+00
1.962507e+14	4.292077e-02	1.050277e+00
1.962249e+14	7.315179e-03	8.266553e-01
1.961992e+14	2.820447e-02	-2.546034e+00
1.961735e+14	6.217333e-02	-2.771581e+00
1.961478e+14	9.312401e-02	-2.996580e+00
1.961221e+14	1.196785e-01	3.062710e+00
1.960964e+14	1.406143e-01	2.840034e+00
1.960707e+14	1.548977e-01	2.618437e+00
1.960450e+14	1.616891e-01	2.397552e+00
1.960194e+14	1.603355e-01	2.176839e+00
1.959937e+14	1.503687e-01	1.955651e+00
1.959681e+14	1.315268e-01	1.733335e+00
1.959424e+14	1.038092e-01	1.509360e+00
1.959168e+14	6.756498e-02	1.283522e+00
1.958911e+14	2.359535e-02	1.057222e+00
1.958655e+14	2.676857e-02	-2.320442e+00
1.958399e+14	8.165957e-02	-2.549683e+00
1.958143e+14	1.387856e-01	-2.780299e+00
1.957886e+14	1.956521e-01	-3.009729e+00
1.957630e+14	2.498470e-01	3.046602e+00
1.957374e+14	2.992998e-01	2.823355e+00
1.957119e+14	3.424381e-01	2.604324e+00
1.956863e+14	3.782143e-01	2.389645e+00
1.956607e+14	4.060272e-01	2.178999e+00
1.956351e+14	4.255866e-01	1.971682e+00
1.956096e+14	4.367724e-01	1.766696e+00
1.955840e+14	4.395204e-01	1.562853e+00
1.955585e+14	4.337498e-01	1.358857e+00
1.955329e+14	4.193419e-01	1.153407e+00
1.955074e+14	3.961716e-01	9.452845e-01
1.954818e+14	3.641957e-01	7.334643e-01
1.954563e+14	3.235953e-01	5.172368e-01
1.954308e+14	2.749555e-01	2.963292e-01
1.954053e+14	2.194390e-01	7.100379e-02
1.953798e+14	1.588867e-01	-1.579049e-01
1.953543e+14	9.577051e-02	-3.890103e-01
1.953288e+14	3.296911e-02	-6.198162e-01
1.953033e+14	2.658626e-02	2.285391e+00
1.952779e+14	8.027623e-02	2.057633e+00
1.952524e+14	1.260497e-01	1.831141e+00
1.952269e+14	1.625086e-01	1.607425e+00
1.952015e+14	1.888465e-01	1.386335e+00
1.951760e+14	2.047107e-01	1.167228e+00
1.951506e+14	2.100585e-01	9.491865e-01
1.951251e+14	2.050569e-01	7.311934e-01
1.950997e+14	1.900450e-01	5.122779e-01
1.950743e+14	1.655587e-01	2.916537e-01
1.950489e+14	1.323980e-01	6.884110e-02
1.950234e+14	9.170693e-02	-1.562096e-01
1.949980e+14	4.502280e-02	-3.827583e-01
1.949726e+14	5.746218e-03	2.514852e+00
1.949473e+14	5.843437e-02	2.297477e+00
1.949219e+14	1.108201e-01	2.069116e+00
1.948965e+14	1.608477e-01	1.841766e+00
1.948711e+14	2.068205e-01	1.616461e+00
1.948458e+14	2.475098e-01	1.393697e+00
1.948204e+14	2.821704e-01	1.173594e+00
1.947951e+14	3.104844e-01	9.559679e-01
1.947697e+14	3.324706e-01	7.404051e-01
1.947444e+14	3.483896e-01	5.263523e-01
1.947190e+14	3.586665e-01	3.131992e-01
1.946937e+14	3.638358e-01	1.003493e-01
1.946684e+14	3.645065e-01	-1.127265e-01
1.946431e+14	3.613416e-01	-3.264523e-01
1.946178e+14	3.550419e-01	-5.411278e-01
1.945925e+14	3.463292e-01	-7.569232e-01
1.945672e+14	3.359216e-01	-9.738879e-01
1.945419e+14	3.245017e-01	-1.191970e+00
1.945166e+14	3.126773e-01	-1.411043e+00
1.944914e+14	3.009407e-01	-1.630933e+00
1.944661e+14	2.896311e-01	-1.851448e+00
1.944408e+14	2.789071e-01	-2.072405e+00
1.944156e+14	2.687323e-01	-2.293643e+00
1.943903e+14	2.588778e-01	-2.515045e+00
1.943651e+14	2.489396e-01	-2.736546e+00
1.943399e+14	2.383710e-01	-2.958143e+00
1.943146e+14	2.265246e-01	3.103288e+00
1.942894e+14	2.127046e-01	2.881247e+00
1.942642e+14	1.962235e-01	2.658734e+00
1.942390e+14	1.764665e-01	2.435527e+00
1.942138e+14	1.529601e-01	2.211403e+00
1.941886e+14	1.254482e-01	1.986183e+00
1.941634e+14	9.396859e-02	1.759800e+00
1.941382e+14	5.892312e-02	1.532404e+00
1.941131e+14	2.112566e-02	1.305090e+00
1.940879e+14	1.819179e-02	-2.070027e+00
1.940627e+14	5.742697e-02	-2.297594e+00
1.940376e+14	9.471035e-02	-2.525920e+00
1.940124e+14	1.280389e-01	-2.753393e+00
1.939873e+14	1.554055e-01	-2.979655e+00
1.939622e+14	1.748864e-01	3.078400e+00
1.939370e+14	1.846679e-01	2.853871e+00
1.939119e+14	1.830226e-01	2.628958e+00
1.938868e+14	1.682729e-01	2.402278e+00
1.938617e+14	1.388096e-01	2.172204e+00
1.938366e+14	9.325243e-02	1.937217e+00
1.938115e+14	3.084599e-02	1.697980e+00
1.937864e+14	4.788162e-02	-1.699182e+00
1.937613e+14	1.403563e-01	-1.952214e+00
1.937362e+14	2.415708e-01	-2.209522e+00
1.937112e+14	3.446447e-01	-2.465462e+00
1.936861e+14	4.424318e-01	-2.714769e+00
1.936611e+14	5.293793e-01	-2.952967e+00
1.936360e+14	6.025536e-01	3.105948e+00
1.936110e+14	6.614728e-01	2.896545e+00
1.935859e+14	7.072338e-01	2.701412e+00
1.935609e+14	7.415896e-01	2.518949e+00
1.935359e+14	7.663092e-01	2.347022e+00
1.935109e+14	7.828387e-01	2.183257e+00
1.934858e+14	7.921547e-01	2.025171e+00
1.934608e+14	7.946996e-01	1.870184e+00
1.934358e+14	7.903179e-01	1.715530e+00
1.934109e+14	7.781371e-01	1.558114e+00
1.933859e+14	7.563459e-01	1.394296e+00
1.933609e+14	7.218298e-01	1.219634e+00
1.933359e+14	6.696714e-01	1.028662e+00
1.933110e+14	5.927390e-01	8.149455e-01
1.932860e+14	4.822295e-01	5.720486e-01
1.932610e+14	3.312065e-01	2.965269e-01
1.932361e+14	1.428403e-01	-6.388311e-03
1.932112e+14	6.211241e-02	2.812770e+00
1.931862e+14	2.523087e-01	2.510229e+00
1.931613e+14	4.050975e-01	2.231557e+00
1.931364e+14	5.152072e-01	1.984106e+00
1.931115e+14	5.880669e-01	1.763940e+00
1.930865e+14	6.311440e-01	1.563216e+00
1.930616e+14	6.496556e-01	1.373067e+00
1.930368e+14	6.451565e-01	1.184108e+00
1.930119e+14	6.146409e-01	9.855823e-01
1.929870e+14	5.488043e-01	7.637067e-01
1.929621e+14	4.293820e-01	5.000617e-01
1.929372e+14	2.305234e-01	1.742265e-01
1.929124e+14	5.636598e-02	2.909339e+00
1.928875e+14	3.715715e-01	2.492576e+00
1.928627e+14	6.190979e-01	2.112091e+00
1.928378e+14	7.716574e-01	1.808788e+00
1.928130e+14	8.573973e-01	1.574094e+00
1.927882e+14	9.057086e-01	1.388107e+00
1.927633e+14	9.340079e-01	1.234753e+00
1.927385e+14	9.513669e-01	1.103302e+00
1.927137e+14	9.624774e-01	9.868359e-01
1.926889e+14	9.698434e-01	8.808197e-01
1.926641e+14	9.748572e-01	7.821814e-01
1.926393e+14	9.783243e-01	6.887532e-01
1.926145e+14	9.807268e-01	5.989366e-01
1.925897e+14	9.823595e-01	5.114957e-01
1.925650e+14	9.834041e-01	4.254260e-01
1.925402e+14	9.839693e-01	3.398657e-01
1.925154e+14	9.841130e-01	2.540338e-01
1.924907e+14	9.838541e-01	1.671822e-01
1.924659e+14	9.831762e-01	7.855545e-02
1.924412e+14	9.820267e-01	-1.264675e-02
1.924165e+14	9.803092e-01	-1.073087e-01
1.923917e+14	9.778696e-01	-2.064428e-01
1.923670e+14	9.744712e-01	-3.112422e-01
1.923423e+14	9.697552e-01	-4.231471e-01
1.923176e+14	9.631772e-01	-5.439258e-01
1.922929e+14	9.539071e-01	-6.757744e-01
1.922682e+14	9.406751e-01	-8.214258e-01
1.922435e+14	9.215506e-01	-9.842406e-01
1.922188e+14	8.936692e-01	-1.168200e+00
1.921941e+14	8.530332e-01	-1.377623e+00
1.921694e+14	7.947811e-01	-1.616294e+00
1.921448e+14	7.147000e-01	-1.885705e+00
1.921201e+14	6.125654e-01	-2.182702e+00
1.920955e+14	4.957746e-01	-2.498313e+00
1.920708e+14	3.789233e-01	-2.820068e+00
1.920462e+14	2.775533e-01	-3.137088e+00
1.920215e+14	2.014492e-01	2.839458e+00
1.919969e+14	1.528317e-01	2.543810e+00
1.919723e+14	1.283645e-01	2.257145e+00
1.919477e+14	1.216391e-01	1.976985e+00
1.919231e+14	1.247761e-01	1.701245e+00
1.918985e+14	1.293143e-01	1.428131e+00
1.918739e+14	1.267353e-01	1.155576e+00
1.918493e+14	1.087126e-01	8.805771e-01
1.918247e+14	6.718071e-02	5.989155e-01
1.918001e+14	5.259947e-03	-2.851430e+00
1.917756e+14	1.134165e-01	3.132360e+00
1.917510e+14	2.549282e-01	2.802676e+00
1.917264e+14	4.151803e-01	2.462686e+00
1.917019e+14	5.697309e-01	2.129421e+00
1.916773e+14	6.974811e-01	1.821156e+00
1.916528e+14	7.912156e-01	1.548658e+00
1.916283e+14	8.552276e-01	1.313333e+00
1.916037e+14	8.976105e-01	1.110958e+00
1.915792e+14	9.255617e-01	9.355873e-01
1.915547e+14	9.441947e-01	7.816079e-01
1.915302e+14	9.568322e-01	6.443856e-01
1.915057e+14	9.655657e-01	5.202878e-01
1.914812e+14	9.717055e-01	4.065097e-01
1.914567e+14	9.760793e-01	3.008799e-01
1.914322e+14	9.792167e-01	2.016954e-01
1.914077e+14	9.814601e-01	1.075959e-01
1.913833e+14	9.830326e-01	1.746817e-02
1.913588e+14	9.840781e-01	-6.962418e-02
1.913344e+14	9.846855e-01	-1.544957e-01
1.913099e+14	9.849028e-01	-2.378826e-01
1.912855e+14	9.847443e-01	-3.204807e-01
1.912610e+14	9.841917e-01	-4.029802e-01
1.912366e+14	9.831908e-01	-4.861041e-01
1.912122e+14	9.816410e-01	-5.706510e-01
1.911877e+14	9.793752e-01	-6.575527e-01
1.911633e+14	9.761247e-01	-7.479534e-01
1.911389e+14	9.714536e-01	-8.433276e-01
1.911145e+14	9.646410e-01	-9.456638e-01
1.910901e+14	9.544543e-01	-1.057759e+00
1.910657e+14	9.387046e-01	-1.183706e+00
1.910413e+14	9.133436e-01	-1.329700e+00
1.910170e+14	8.706270e-01	-1.505301e+00
1.909926e+14	7.956786e-01	-1.724969e+00
1.909682e+14	6.623788e-01	-2.007745e+00
1.909439e+14	4.399781e-01	-2.366823e+00
1.909195e+14	1.370022e-01	-2.779510e+00
1.908952e+14	1.627013e-01	-4.536629e-02
1.908708e+14	3.835665e-01	-3.850204e-01
1.908465e+14	5.209395e-01	-6.596260e-01
1.908222e+14	5.993301e-01	-8.874251e-01
1.907979e+14	6.391590e-01	-1.087416e+00
1.907735e+14	6.518200e-01	-1.274021e+00
1.907492e+14	6.420317e-01	-1.458164e+00
1.907249e+14	6.098685e-01	-1.648955e+00
1.907006e+14	5.517880e-01	-1.854795e+00
1.906763e+14	4.615190e-01	-2.083510e+00
1.906521e+14	3.324825e-01	-2.340842e+00
1.906278e+14	1.637920e-01	-2.626487e+00
1.906035e+14	3.166264e-02	2.024916e-01
1.905792e+14	2.270570e-01	-9.676538e-02
1.905550e+14	3.960270e-01	-3.815820e-01
1.905307e+14	5.266923e-01	-6.369010e-01
1.905065e+14	6.210087e-01	-8.620120e-01
1.904822e+14	6.866513e-01	-1.061627e+00
1.904580e+14	7.313459e-01	-1.241858e+00
1.904338e+14	7.609761e-01	-1.408367e+00
1.904096e+14	7.795262e-01	-1.565874e+00
1.903853e+14	7.895064e-01	-1.718225e+00
1.903611e+14	7.923627e-01	-1.868601e+00
1.903369e+14	7.887643e-01	-2.019738e+00
1.903127e+14	7.787767e-01	-2.174093e+00
1.902885e+14	7.619591e-01	-2.333961e+00
1.902644e+14	7.374220e-01	-2.501535e+00
1.902402e+14	7.038947e-01	-2.678889e+00
1.902160e+14	6.598640e-01	-2.867851e+00
1.901918e+14	6.038686e-01	-3.069767e+00
1.901677e+14	5.350223e-01	2.998064e+00
1.901435e+14	4.537405e-01	2.770066e+00
1.901194e+14	3.624261e-01	2.531754e+00
1.900952e+14	2.656455e-01	2.286847e+00
1.900711e+14	1.694211e-01	2.039776e+00
1.900470e+14	7.982674e-02	1.794847e+00
1.900228e+14	1.627356e-03	1.598650e+00
1.899987e+14	6.238144e-02	-1.824225e+00
1.899746e+14	1.112250e-01	-2.052244e+00
1.899505e+14	1.452213e-01	-2.275405e+00
1.899264e+14	1.654044e-01	-2.494778e+00
1.899023e+14	1.731292e-01	-2.711753e+00
1.898782e+14	1.698655e-01	-2.927611e+00
1.898542e+14	1.571310e-01	3.139831e+00
1.898301e+14	1.364933e-01	2.923548e+00
1.898060e+14	1.095880e-01	2.706432e+00
1.897819e+14	7.811371e-02	2.488528e+00
1.897579e+14	4.378822e-02	2.270208e+00
1.897338e+14	8.268310e-03	2.053981e+00
1.897098e+14	2.694892e-02	-1.310198e+00
1.896858e+14	6.061652e-02	-1.527526e+00
1.896617e+14	9.180032e-02	-1.744321e+00
1.896377e+14	1.199022e-01	-1.960127e+00
1.896137e+14	1.446472e-01	-2.174880e+00
1.895897e+14	1.660442e-01	-2.388647e+00
1.895657e+14	1.843319e-01	-2.601574e+00
1.895417e+14	1.999205e-01	-2.813834e+00
1.895177e+14	2.133329e-01	-3.025597e+00
1.894937e+14	2.251507e-01	3.046177e+00
1.894697e+14	2.359630e-01	2.835018e+00
1.894457e+14	2.463203e-01	2.624062e+00
1.894217e+14	2.566929e-01	2.413309e+00
1.893978e+14	2.674362e-01	2.202812e+00
1.893738e+14	2.787640e-01	1.992667e+00
1.893499e+14	2.907326e-01	1.783007e+00
1.893259e+14	3.032371e-01	1.573994e+00
1.893020e+14	3.160195e-01	1.365802e+00
1.892780e+14	3.286886e-01	1.158601e+00
1.892541e+14	3.407480e-01	9.525377e-01
1.892302e+14	3.516290e-01	7.477073e-01
1.892063e+14	3.607231e-01	5.441352e-01
1.891824e+14	3.674105e-01	3.417557e-01
1.891585e+14	3.710820e-01	1.403987e-01
1.891346e+14	3.711544e-01	-6.021443e-02
1.891107e+14	3.670797e-01	-2.604655e-01
1.890868e+14	3.583541e-01	-4.608225e-01
1.890629e+14	3.445305e-01	-6.618114e-01
1.890390e+14	3.252404e-01	-8.639752e-01
1.890152e+14	3.002317e-01	-1.067822e+00
1.889913e+14	2.694230e-01	-1.273763e+00
1.889674e+14	2.329732e-01	-1.482047e+00
1.889436e+14	1.913557e-01	-1.692691e+00
1.889197e+14	1.454169e-01	-1.905439e+00
1.888959e+14	9.639581e-02	-2.119705e+00
1.888721e+14	4.587943e-02	-2.334315e+00
1.888482e+14	4.310189e-03	5.731292e-01
1.888244e+14	5.227538e-02	3.740592e-01
1.888006e+14	9.622248e-02	1.615550e-01
1.887768e+14	1.345944e-01	-4.930911e-02
1.887530e+14	1.661481e-01	-2.580218e-01
1.887292e+14	1.899606e-01	-4.646391e-01
1.887054e+14	2.053862e-01	-6.695553e-01
1.886816e+14	2.119930e-01	-8.734102e-01
1.886578e+14	2.095065e-01	-1.076999e+00
1.886341e+14	1.977823e-01	-1.281174e+00
1.886103e+14	1.768201e-01	-1.486737e+00
1.885865e+14	1.468217e-01	-1.694326e+00
1.885628e+14	1.082845e-01	-1.904287e+00
1.885390e+14	6.210847e-02	-2.116452e+00
1.885153e+14	9.673709e-03	-2.325650e+00
1.884916e+14	4.715663e-02	5.920804e-01
1.884678e+14	1.061416e-01	3.766144e-01
1.884441e+14	1.648779e-01	1.616897e-01
1.884204e+14	2.210656e-01	-5.104639e-02
1.883967e+14	2.727492e-01	-2.605230e-01
1.883730e+14	3.184626e-01	-4.660818e-01
1.883493e+14	3.572566e-01	-6.674947e-01
1.883256e+14	3.886287e-01	-8.649388e-01
1.883019e+14	4.124020e-01	-1.058929e+00
1.882782e+14	4.285964e-01	-1.250233e+00
1.882545e+14	4.373202e-01	-1.439782e+00
1.882309e+14	4.386967e-01	-1.628596e+00
1.882072e+14	4.328264e-01	-1.817714e+00
1.881835e+14	4.197845e-01	-2.008127e+00
1.881599e+14	3.996514e-01	-2.200724e+00
1.881362e+14	3.725718e-01	-2.396223e+00
1.881126e+14	3.388373e-01	-2.595110e+00
1.880890e+14	2.989804e-01	-2.797584e+00
1.880653e+14	2.538589e-01	-3.003510e+00
1.880417e+14	2.047023e-01	3.070766e+00
1.880181e+14	1.530930e-01	2.859642e+00
1.879945e+14	1.008685e-01	2.647309e+00
1.879709e+14	4.995969e-02	2.435088e+00
1.879473e+14	2.203649e-03	2.251028e+00
1.879237e+14	4.082374e-02	-1.132685e+00
1.879001e+14	7.790005e-02	-1.341186e+00
1.878765e+14	1.081952e-01	-1.548337e+00
1.878529e+14	1.312375e-01	-1.753862e+00
1.878294e+14	1.468537e-01	-1.958008e+00
1.878058e+14	1.551031e-01	-2.161200e+00
1.877822e+14	1.562236e-01	-2.363931e+00
1.877587e+14	1.505975e-01	-2.566681e+00
1.877351e+14	1.387366e-01	-2.769855e+00
1.877116e+14	1.212810e-01	-2.973740e+00
1.876881e+14	9.900085e-02	3.104713e+00
1.876645e+14	7.279315e-02	2.899170e+00
1.876410e+14	4.366431e-02	2.693088e+00
1.876175e+14	1.269495e-02	2.488121e+00
1.875940e+14	1.901180e-02	-8.649443e-01
1.875705e+14	5.039040e-02	-1.070648e+00
1.875470e+14	8.047318e-02	-1.276702e+00
1.875235e+14	1.084384e-01	-1.482144e+00
1.875000e+14	1.336414e-01	-1.686724e+00
