("port 1","TE",1,"port 1",1,"modulation")
(1,1)
0.00071
(500,3)
2.000000e+14	2.617487e-03	2.952902e+00
1.999733e+14	1.549909e-03	-1.875359e+00
1.999466e+14	5.922897e-03	-1.330868e+00
1.999199e+14	1.270140e-02	-1.426901e+00
1.998932e+14	2.154899e-02	-1.600713e+00
1.998665e+14	3.237780e-02	-1.797813e+00
1.998398e+14	4.499354e-02	-2.004868e+00
1.998131e+14	5.907734e-02	-2.217003e+00
1.997865e+14	7.419338e-02	-2.431975e+00
1.997598e+14	8.980733e-02	-2.648573e+00
1.997332e+14	1.053125e-01	-2.866060e+00
1.997065e+14	1.200610e-01	-3.083960e+00
1.996799e+14	1.333971e-01	2.981228e+00
1.996532e+14	1.446886e-01	2.763324e+00
1.996266e+14	1.533548e-01	2.545599e+00
1.996000e+14	1.588889e-01	2.328050e+00
1.995734e+14	1.608749e-01	2.110600e+00
1.995468e+14	1.590013e-01	1.893115e+00
1.995202e+14	1.530720e-01	1.675434e+00
1.994936e+14	1.430175e-01	1.457399e+00
1.994670e+14	1.289065e-01	1.238895e+00
1.994404e+14	1.109574e-01	1.019906e+00
1.994139e+14	8.954621e-02	8.006070e-01
1.993873e+14	6.520825e-02	5.816319e-01
1.993608e+14	3.862826e-02	3.654356e-01
1.993342e+14	1.062211e-02	1.795227e-01
1.993077e+14	1.795559e-02	3.019097e+00
1.992812e+14	4.612024e-02	2.814961e+00
1.992546e+14	7.299532e-02	2.597391e+00
1.992281e+14	9.774564e-02	2.378035e+00
1.992016e+14	1.196549e-01	2.158576e+00
1.991751e+14	1.381513e-01	1.939501e+00
1.991486e+14	1.528202e-01	1.720926e+00
1.991221e+14	1.634052e-01	1.502795e+00
1.990956e+14	1.698023e-01	1.284947e+00
1.990691e+14	1.720490e-01	1.067164e+00
1.990427e+14	1.703153e-01	8.492117e-01
1.990162e+14	1.648933e-01	6.308634e-01
1.989898e+14	1.561882e-01	4.119238e-01
1.989633e+14	1.447069e-01	1.922413e-01
1.989369e+14	1.310422e-01	-2.829096e-02
1.989104e+14	1.158510e-01	-2.497455e-01
1.988840e+14	9.982581e-02	-4.721817e-01
1.988576e+14	8.366006e-02	-6.956789e-01
1.988312e+14	6.801095e-02	-9.203771e-01
1.988048e+14	5.346277e-02	-1.146525e+00
1.987784e+14	4.049455e-02	-1.374519e+00
1.987520e+14	2.945503e-02	-1.604894e+00
1.987256e+14	2.054626e-02	-1.838106e+00
1.986992e+14	1.381623e-02	-2.073588e+00
1.986729e+14	9.160158e-03	-2.306888e+00
1.986465e+14	6.331684e-03	-2.524791e+00
1.986201e+14	4.967306e-03	-2.709592e+00
1.985938e+14	4.613302e-03	-2.865451e+00
1.985674e+14	4.736539e-03	-3.016721e+00
1.985411e+14	4.752424e-03	3.115805e+00
1.985148e+14	4.084330e-03	3.000343e+00
1.984885e+14	2.327527e-03	3.130157e+00
1.984622e+14	2.484526e-03	-1.524077e+00
1.984358e+14	8.158717e-03	-1.275943e+00
1.984095e+14	1.661527e-02	-1.391715e+00
1.983832e+14	2.776090e-02	-1.567581e+00
1.983570e+14	4.154755e-02	-1.763633e+00
1.983307e+14	5.777496e-02	-1.968827e+00
1.983044e+14	7.607383e-02	-2.178840e+00
1.982781e+14	9.591373e-02	-2.391563e+00
1.982519e+14	1.166258e-01	-2.605785e+00
1.982256e+14	1.374375e-01	-2.820715e+00
1.981994e+14	1.575157e-01	-3.035805e+00
1.981732e+14	1.760125e-01	3.032514e+00
1.981469e+14	1.921086e-01	2.818108e+00
1.981207e+14	2.050473e-01	2.604265e+00
1.980945e+14	2.141599e-01	2.390953e+00
1.980683e+14	2.188796e-01	2.178021e+00
1.980421e+14	2.187497e-01	1.965217e+00
1.980159e+14	2.134298e-01	1.752225e+00
1.979897e+14	2.027058e-01	1.538698e+00
1.979635e+14	1.865063e-01	1.324313e+00
1.979373e+14	1.649276e-01	1.108833e+00
1.979112e+14	1.382642e-01	8.921776e-01
1.978850e+14	1.070375e-01	6.745523e-01
1.978588e+14	7.201240e-02	4.568493e-01
1.978327e+14	3.418997e-02	2.436242e-01
1.978066e+14	5.266467e-03	3.052280e+00
1.977804e+14	4.496046e-02	2.915856e+00
1.977543e+14	8.362113e-02	2.699928e+00
1.977282e+14	1.199642e-01	2.481589e+00
1.977021e+14	1.528862e-01	2.263645e+00
1.976760e+14	1.815016e-01	2.046821e+00
1.976499e+14	2.051641e-01	1.831305e+00
1.976238e+14	2.234591e-01	1.617011e+00
1.975977e+14	2.361793e-01	1.403671e+00
1.975716e+14	2.432944e-01	1.190903e+00
1.975455e+14	2.449254e-01	9.782675e-01
1.975195e+14	2.413278e-01	7.653184e-01
1.974934e+14	2.328838e-01	5.516493e-01
1.974674e+14	2.201016e-01	3.369258e-01
1.974413e+14	2.036154e-01	1.209068e-01
1.974153e+14	1.841799e-01	-9.655167e-02
1.973892e+14	1.626532e-01	-3.155105e-01
1.973632e+14	1.399642e-01	-5.359818e-01
1.973372e+14	1.170662e-01	-7.579820e-01
1.973112e+14	9.488055e-02	-9.816029e-01
1.972852e+14	7.423798e-02	-1.207099e+00
1.972592e+14	5.582545e-02	-1.434988e+00
1.972332e+14	4.014524e-02	-1.666146e+00
1.972072e+14	2.748886e-02	-1.901775e+00
1.971812e+14	1.792569e-02	-2.142725e+00
1.971553e+14	1.130401e-02	-2.386321e+00
1.971293e+14	7.264333e-03	-2.617329e+00
1.971034e+14	5.276103e-03	-2.802957e+00
1.970774e+14	4.693664e-03	-2.933993e+00
1.970515e+14	4.763010e-03	-3.049716e+00
1.970255e+14	4.639749e-03	3.124630e+00
1.969996e+14	3.522168e-03	3.114243e+00
1.969737e+14	1.836117e-03	-2.203472e+00
1.969478e+14	6.420280e-03	-1.224428e+00
1.969219e+14	1.556283e-02	-1.253173e+00
1.968960e+14	2.861904e-02	-1.404922e+00
1.968701e+14	4.574556e-02	-1.590558e+00
1.968442e+14	6.691277e-02	-1.790298e+00
1.968183e+14	9.182759e-02	-1.997217e+00
1.967924e+14	1.199178e-01	-2.208134e+00
1.967666e+14	1.503466e-01	-2.421229e+00
1.967407e+14	1.820569e-01	-2.635263e+00
1.967148e+14	2.138429e-01	-2.849283e+00
1.966890e+14	2.444370e-01	-3.062541e+00
1.966632e+14	2.725987e-01	3.008704e+00
1.966373e+14	2.971846e-01	2.798418e+00
1.966115e+14	3.171904e-01	2.589883e+00
1.965857e+14	3.317603e-01	2.382947e+00
1.965599e+14	3.401700e-01	2.177216e+00
1.965341e+14	3.417951e-01	1.972087e+00
1.965083e+14	3.360804e-01	1.766791e+00
1.964825e+14	3.225234e-01	1.560459e+00
1.964567e+14	3.006879e-01	1.352199e+00
1.964309e+14	2.702572e-01	1.141200e+00
1.964051e+14	2.311354e-01	9.268609e-01
1.963794e+14	1.835897e-01	7.089571e-01
1.963536e+14	1.284076e-01	4.879252e-01
1.963279e+14	6.701602e-02	2.660874e-01
1.963021e+14	1.566078e-03	3.475793e-01
1.962764e+14	6.559426e-02	2.937610e+00
1.962507e+14	1.314493e-01	2.714294e+00
1.962249e+14	1.934652e-01	2.490893e+00
1.961992e+14	2.495035e-01	2.270442e+00
1.961735e+14	2.980676e-01	2.053946e+00
1.961478e+14	3.383016e-01	1.841629e+00
1.961221e+14	3.698718e-01	1.633169e+00
1.960964e+14	3.928012e-01	1.427853e+00
1.960707e+14	4.073148e-01	1.224708e+00
1.960450e+14	4.137272e-01	1.022625e+00
1.960194e+14	4.123816e-01	8.204591e-01
1.959937e+14	4.036365e-01	6.171183e-01
1.959681e+14	3.878942e-01	4.116374e-01
1.959424e+14	3.656584e-01	2.032426e-01
1.959168e+14	3.376064e-01	-8.597094e-03
1.958911e+14	3.046578e-01	-2.241420e-01
1.958655e+14	2.680139e-01	-4.433908e-01
1.958399e+14	2.291449e-01	-6.661393e-01
1.958143e+14	1.897129e-01	-8.920979e-01
1.957886e+14	1.514375e-01	-1.121066e+00
1.957630e+14	1.159315e-01	-1.353163e+00
1.957374e+14	8.454387e-02	-1.589117e+00
1.957119e+14	5.824207e-02	-1.830644e+00
1.956863e+14	3.754533e-02	-2.080873e+00
1.956607e+14	2.250365e-02	-2.344055e+00
1.956351e+14	1.270341e-02	-2.619790e+00
1.956096e+14	7.288020e-03	-2.875301e+00
1.955840e+14	5.070872e-03	-3.018256e+00
1.955585e+14	4.736164e-03	-3.047825e+00
1.955329e+14	4.694321e-03	-3.054913e+00
1.955074e+14	3.386915e-03	-2.827787e+00
1.954818e+14	4.438797e-03	-1.420637e+00
1.954563e+14	1.488906e-02	-1.125192e+00
1.954308e+14	3.316387e-02	-1.222476e+00
1.954053e+14	6.020166e-02	-1.396432e+00
1.953798e+14	9.685244e-02	-1.598613e+00
1.953543e+14	1.433165e-01	-1.815135e+00
1.953288e+14	1.988846e-01	-2.040151e+00
1.953033e+14	2.617831e-01	-2.270065e+00
1.952779e+14	3.292261e-01	-2.501790e+00
1.952524e+14	3.977556e-01	-2.732276e+00
1.952269e+14	4.638227e-01	-2.958594e+00
1.952015e+14	5.244016e-01	3.104928e+00
1.951760e+14	5.773925e-01	2.893648e+00
1.951506e+14	6.216932e-01	2.691556e+00
1.951251e+14	6.569945e-01	2.498557e+00
1.950997e+14	6.834452e-01	2.313767e+00
1.950743e+14	7.013088e-01	2.135671e+00
1.950489e+14	7.106646e-01	1.962206e+00
1.950234e+14	7.111364e-01	1.790771e+00
1.949980e+14	7.015911e-01	1.618106e+00
1.949726e+14	6.797168e-01	1.440034e+00
1.949473e+14	6.413656e-01	1.251038e+00
1.949219e+14	5.795743e-01	1.043718e+00
1.948965e+14	4.835001e-01	8.084573e-01
1.948711e+14	3.389403e-01	5.346077e-01
1.948458e+14	1.355821e-01	2.171241e-01
1.948204e+14	1.142151e-01	2.995214e+00
1.947951e+14	3.643469e-01	2.638653e+00
1.947697e+14	5.663212e-01	2.312400e+00
1.947444e+14	7.060390e-01	2.035934e+00
1.947190e+14	7.958760e-01	1.806984e+00
1.946937e+14	8.527832e-01	1.615551e+00
1.946684e+14	8.893350e-01	1.451701e+00
1.946431e+14	9.133766e-01	1.307727e+00
1.946178e+14	9.295675e-01	1.178068e+00
1.945925e+14	9.406691e-01	1.058749e+00
1.945672e+14	9.483414e-01	9.468822e-01
1.945419e+14	9.535990e-01	8.402972e-01
1.945166e+14	9.570663e-01	7.372910e-01
1.944914e+14	9.591212e-01	6.364551e-01
1.944661e+14	9.599745e-01	5.365527e-01
1.944408e+14	9.597124e-01	4.364236e-01
1.944156e+14	9.583133e-01	3.349041e-01
1.943903e+14	9.556454e-01	2.307499e-01
1.943651e+14	9.514445e-01	1.225524e-01
1.943399e+14	9.452675e-01	8.638578e-03
1.943146e+14	9.364108e-01	-1.130560e-01
1.942894e+14	9.237742e-01	-2.451516e-01
1.942642e+14	9.056456e-01	-3.910332e-01
1.942390e+14	8.793792e-01	-5.550895e-01
1.942138e+14	8.409888e-01	-7.429110e-01
1.941886e+14	7.848619e-01	-9.612408e-01
1.941634e+14	7.043171e-01	-1.217282e+00
1.941382e+14	5.944901e-01	-1.517112e+00
1.941131e+14	4.584734e-01	-1.864828e+00
1.940879e+14	3.128326e-01	-2.269578e+00
1.940627e+14	1.846644e-01	-2.776553e+00
1.940376e+14	1.025950e-01	2.764828e+00
1.940124e+14	7.932647e-02	1.905410e+00
1.939873e+14	7.875445e-02	1.541942e+00
1.939622e+14	9.205597e-02	1.744512e+00
1.939370e+14	1.591266e-01	1.954516e+00
1.939119e+14	2.781990e-01	1.877347e+00
1.938868e+14	4.218023e-01	1.666140e+00
1.938617e+14	5.618579e-01	1.414834e+00
1.938366e+14	6.786708e-01	1.166419e+00
1.938115e+14	7.661376e-01	9.394573e-01
1.937864e+14	8.277518e-01	7.387433e-01
1.937613e+14	8.700696e-01	5.624260e-01
1.937362e+14	8.990361e-01	4.064372e-01
1.937112e+14	9.190087e-01	2.665712e-01
1.936861e+14	9.329199e-01	1.391974e-01
1.936611e+14	9.426789e-01	2.137495e-02
1.936360e+14	9.495161e-01	-8.923774e-02
1.936110e+14	9.542215e-01	-1.945167e-01
1.935859e+14	9.572972e-01	-2.959979e-01
1.935609e+14	9.590502e-01	-3.949818e-01
1.935359e+14	9.596472e-01	-4.926190e-01
1.935109e+14	9.591429e-01	-5.899829e-01
1.934858e+14	9.574880e-01	-6.881378e-01
1.934608e+14	9.545197e-01	-7.882081e-01
1.934358e+14	9.499308e-01	-8.914587e-01
1.934109e+14	9.432077e-01	-9.993991e-01
1.933859e+14	9.335196e-01	-1.113925e+00
1.933609e+14	9.195220e-01	-1.237522e+00
1.933359e+14	8.990097e-01	-1.373566e+00
1.933110e+14	8.683097e-01	-1.526742e+00
1.932860e+14	8.212702e-01	-1.703561e+00
1.932610e+14	7.478473e-01	-1.912712e+00
1.932361e+14	6.332868e-01	-2.164209e+00
1.932112e+14	4.621011e-01	-2.464827e+00
1.931862e+14	2.338416e-01	-2.808043e+00
1.931613e+14	1.845378e-02	6.459708e-05
1.931364e+14	2.440777e-01	-3.535167e-01
1.931115e+14	4.148837e-01	-6.464082e-01
1.930865e+14	5.324624e-01	-8.970755e-01
1.930616e+14	6.098968e-01	-1.115038e+00
1.930368e+14	6.594805e-01	-1.310425e+00
1.930119e+14	6.897691e-01	-1.491480e+00
1.929870e+14	7.061041e-01	-1.664424e+00
1.929621e+14	7.116261e-01	-1.833929e+00
1.929372e+14	7.080481e-01	-2.003595e+00
1.929124e+14	6.961589e-01	-2.176286e+00
1.928875e+14	6.761549e-01	-2.354316e+00
1.928627e+14	6.478953e-01	-2.539527e+00
1.928378e+14	6.111483e-01	-2.733272e+00
1.928130e+14	5.658683e-01	-2.936322e+00
1.927882e+14	5.125045e-01	3.134429e+00
1.927633e+14	4.522792e-01	2.913283e+00
1.927385e+14	3.873230e-01	2.684791e+00
1.927137e+14	3.205524e-01	2.450757e+00
1.926889e+14	2.552703e-01	2.213004e+00
1.926641e+14	1.946164e-01	1.972851e+00
1.926393e+14	1.410769e-01	1.730560e+00
1.926145e+14	9.621271e-02	1.484638e+00
1.925897e+14	6.063334e-02	1.230373e+00
1.925650e+14	3.413897e-02	9.551845e-01
1.925402e+14	1.594700e-02	6.175138e-01
1.925154e+14	5.122471e-03	-2.295286e-02
1.924907e+14	3.069140e-03	-1.862018e+00
1.924659e+14	4.564877e-03	-2.628217e+00
1.924412e+14	4.752264e-03	-3.066361e+00
1.924165e+14	4.901099e-03	2.804534e+00
1.923917e+14	6.499677e-03	2.482567e+00
1.923670e+14	1.076433e-02	2.287174e+00
1.923423e+14	1.881553e-02	2.129852e+00
1.923176e+14	3.153839e-02	1.962960e+00
1.922929e+14	4.943998e-02	1.781245e+00
1.922682e+14	7.262580e-02	1.588638e+00
1.922435e+14	1.007942e-01	1.388935e+00
1.922188e+14	1.332445e-01	1.184815e+00
1.921941e+14	1.689162e-01	9.781970e-01
1.921694e+14	2.064682e-01	7.705708e-01
1.921448e+14	2.443960e-01	5.631595e-01
1.921201e+14	2.811697e-01	3.569639e-01
1.920955e+14	3.153626e-01	1.527446e-01
1.920708e+14	3.457465e-01	-4.901467e-02
1.920462e+14	3.713360e-01	-2.481302e-01
1.920215e+14	3.913835e-01	-4.447185e-01
1.919969e+14	4.053370e-01	-6.391715e-01
1.919723e+14	4.127815e-01	-8.321129e-01
1.919477e+14	4.133802e-01	-1.024345e+00
1.919231e+14	4.068295e-01	-1.216786e+00
1.918985e+14	3.928392e-01	-1.410407e+00
1.918739e+14	3.711447e-01	-1.606160e+00
1.918493e+14	3.415558e-01	-1.804895e+00
1.918247e+14	3.040462e-01	-2.007273e+00
1.918001e+14	2.588741e-01	-2.213676e+00
1.917756e+14	2.067148e-01	-2.424141e+00
1.917510e+14	1.487637e-01	-2.638395e+00
1.917264e+14	8.675829e-02	-2.856306e+00
1.917019e+14	2.288099e-02	-3.085927e+00
1.916773e+14	4.047379e-02	-1.357711e-01
1.916528e+14	1.009542e-01	-3.573805e-01
1.916283e+14	1.565614e-01	-5.722563e-01
1.916037e+14	2.057930e-01	-7.832181e-01
1.915792e+14	2.476971e-01	-9.904711e-01
1.915547e+14	2.818131e-01	-1.194269e+00
1.915302e+14	3.080569e-01	-1.395096e+00
1.915057e+14	3.265974e-01	-1.593627e+00
1.914812e+14	3.377531e-01	-1.790647e+00
1.914567e+14	3.419242e-01	-1.986975e+00
1.914322e+14	3.395581e-01	-2.183397e+00
1.914077e+14	3.311445e-01	-2.380614e+00
1.913833e+14	3.172289e-01	-2.579200e+00
1.913588e+14	2.984375e-01	-2.779577e+00
1.913344e+14	2.755001e-01	-2.982001e+00
1.913099e+14	2.492636e-01	3.096615e+00
1.912855e+14	2.206865e-01	2.889935e+00
1.912610e+14	1.908097e-01	2.681258e+00
1.912366e+14	1.607066e-01	2.470709e+00
1.912122e+14	1.314184e-01	2.258316e+00
1.911877e+14	1.038867e-01	2.043879e+00
1.911633e+14	7.889470e-02	1.826751e+00
1.911389e+14	5.702615e-02	1.605434e+00
1.911145e+14	3.864462e-02	1.376606e+00
1.910901e+14	2.389409e-02	1.132215e+00
1.910657e+14	1.272185e-02	8.477182e-01
1.910413e+14	4.974308e-03	4.010496e-01
1.910170e+14	1.798198e-03	-1.282716e+00
1.909926e+14	3.636092e-03	-2.363598e+00
1.909682e+14	4.626946e-03	-2.748840e+00
1.909439e+14	4.754733e-03	-3.058503e+00
1.909195e+14	4.694418e-03	2.921054e+00
1.908952e+14	5.145477e-03	2.631936e+00
1.908708e+14	6.733738e-03	2.393321e+00
1.908465e+14	1.000264e-02	2.201889e+00
1.908222e+14	1.541795e-02	2.026543e+00
1.907979e+14	2.332307e-02	1.849363e+00
1.907735e+14	3.390502e-02	1.666110e+00
1.907492e+14	4.718243e-02	1.477335e+00
1.907249e+14	6.300281e-02	1.284435e+00
1.907006e+14	8.104701e-02	1.088656e+00
1.906763e+14	1.008427e-01	8.909639e-01
1.906521e+14	1.217874e-01	6.921027e-01
1.906278e+14	1.431818e-01	4.926590e-01
1.906035e+14	1.642688e-01	2.930986e-01
1.905792e+14	1.842753e-01	9.378120e-02
1.905550e+14	2.024524e-01	-1.050397e-01
1.905307e+14	2.181070e-01	-3.032204e-01
1.905065e+14	2.306246e-01	-5.007302e-01
1.904822e+14	2.394823e-01	-6.976473e-01
1.904580e+14	2.442525e-01	-8.941488e-01
1.904338e+14	2.446033e-01	-1.090492e+00
1.904096e+14	2.402978e-01	-1.286988e+00
1.903853e+14	2.311964e-01	-1.483975e+00
1.903611e+14	2.172650e-01	-1.681783e+00
1.903369e+14	1.985896e-01	-1.880701e+00
1.903127e+14	1.753951e-01	-2.080951e+00
1.902885e+14	1.480650e-01	-2.282675e+00
1.902644e+14	1.171555e-01	-2.485955e+00
1.902402e+14	8.339653e-02	-2.690956e+00
1.902160e+14	4.767390e-02	-2.898767e+00
1.901918e+14	1.099292e-02	-3.128840e+00
1.901677e+14	2.560334e-02	-1.458501e-01
1.901435e+14	6.104308e-02	-3.586436e-01
1.901194e+14	9.436520e-02	-5.646435e-01
1.900952e+14	1.247284e-01	-7.684720e-01
1.900711e+14	1.514579e-01	-9.707086e-01
1.900470e+14	1.740576e-01	-1.171548e+00
1.900228e+14	1.922052e-01	-1.371175e+00
1.899987e+14	2.057350e-01	-1.569828e+00
1.899746e+14	2.146178e-01	-1.767796e+00
1.899505e+14	2.189395e-01	-1.965401e+00
1.899264e+14	2.188862e-01	-2.162972e+00
1.899023e+14	2.147323e-01	-2.360817e+00
1.898782e+14	2.068346e-01	-2.559206e+00
1.898542e+14	1.956277e-01	-2.758358e+00
1.898301e+14	1.816186e-01	-2.958430e+00
1.898060e+14	1.653783e-01	3.123656e+00
1.897819e+14	1.475274e-01	2.921465e+00
1.897579e+14	1.287158e-01	2.718127e+00
1.897338e+14	1.095967e-01	2.513559e+00
1.897098e+14	9.079753e-02	2.307587e+00
1.896858e+14	7.289044e-02	2.099849e+00
1.896617e+14	5.636616e-02	1.889624e+00
1.896377e+14	4.161352e-02	1.675485e+00
1.896137e+14	2.890634e-02	1.454428e+00
1.895897e+14	1.839898e-02	1.219286e+00
1.895657e+14	1.013410e-02	9.482011e-01
1.895417e+14	4.100518e-03	5.310884e-01
1.895177e+14	1.405684e-03	-1.182673e+00
1.894937e+14	3.234486e-03	-2.285780e+00
1.894697e+14	4.416282e-03	-2.644955e+00
1.894457e+14	4.769909e-03	-2.922917e+00
1.894217e+14	4.693369e-03	3.095326e+00
1.893978e+14	4.631465e-03	2.829709e+00
1.893738e+14	5.018700e-03	2.574516e+00
1.893499e+14	6.246221e-03	2.349823e+00
1.893259e+14	8.653026e-03	2.155393e+00
1.893020e+14	1.252122e-02	1.974600e+00
1.892780e+14	1.805557e-02	1.795081e+00
1.892541e+14	2.536578e-02	1.612409e+00
1.892302e+14	3.445850e-02	1.426039e+00
1.892063e+14	4.523557e-02	1.236583e+00
1.891824e+14	5.749665e-02	1.044808e+00
1.891585e+14	7.094663e-02	8.513749e-01
1.891346e+14	8.520787e-02	6.568111e-01
1.891107e+14	9.983702e-02	4.615284e-01
1.890868e+14	1.143454e-01	2.658492e-01
1.890629e+14	1.282216e-01	7.002129e-02
1.890390e+14	1.409539e-01	-1.257747e-01
1.890152e+14	1.520519e-01	-3.214222e-01
1.889913e+14	1.610638e-01	-5.168675e-01
1.889674e+14	1.675914e-01	-7.121164e-01
1.889436e+14	1.713003e-01	-9.072294e-01
1.889197e+14	1.719273e-01	-1.102312e+00
1.888959e+14	1.692867e-01	-1.297504e+00
1.888721e+14	1.632749e-01	-1.492962e+00
1.888482e+14	1.538757e-01	-1.688848e+00
1.888244e+14	1.411662e-01	-1.885310e+00
1.888006e+14	1.253221e-01	-2.082476e+00
1.887768e+14	1.066211e-01	-2.280457e+00
1.887530e+14	8.544397e-02	-2.479381e+00
1.887292e+14	6.226812e-02	-2.679545e+00
1.887054e+14	3.765568e-02	-2.882189e+00
1.886816e+14	1.223439e-02	-3.099994e+00
1.886578e+14	1.334802e-02	-1.056590e-01
1.886341e+14	3.840159e-02	-3.212957e-01
1.886103e+14	6.230048e-02	-5.236526e-01
1.885865e+14	8.445984e-02	-7.236221e-01
1.885628e+14	1.043758e-01	-9.223854e-01
1.885390e+14	1.216389e-01	-1.120259e+00
1.885153e+14	1.359417e-01	-1.317402e+00
1.884916e+14	1.470792e-01	-1.513959e+00
1.884678e+14	1.549453e-01	-1.710086e+00
1.884441e+14	1.595267e-01	-1.905955e+00
1.884204e+14	1.608957e-01	-2.101749e+00
1.883967e+14	1.592033e-01	-2.297647e+00
1.883730e+14	1.546727e-01	-2.493814e+00
1.883493e+14	1.475925e-01	-2.690397e+00
1.883256e+14	1.383096e-01	-2.887518e+00
1.883019e+14	1.272195e-01	-3.085276e+00
1.882782e+14	1.147551e-01	2.999425e+00
1.882545e+14	1.013723e-01	2.800125e+00
1.882309e+14	8.753334e-02	2.599884e+00
1.882072e+14	7.368874e-02	2.398507e+00
1.881835e+14	6.025920e-02	2.195652e+00
1.881599e+14	4.761856e-02	1.990705e+00
1.881362e+14	3.607958e-02	1.782513e+00
1.881126e+14	2.588326e-02	1.568761e+00
1.880890e+14	1.719296e-02	1.344165e+00
1.880653e+14	1.009524e-02	1.093752e+00
1.880417e+14	4.623879e-03	7.528650e-01
1.880181e+14	1.209375e-03	-4.154589e-01
1.879945e+14	2.539070e-03	-2.104133e+00
1.879709e+14	4.005440e-03	-2.499897e+00
1.879473e+14	4.672172e-03	-2.771508e+00
1.879237e+14	4.776345e-03	-3.018595e+00
1.879001e+14	4.623192e-03	3.020404e+00
1.878765e+14	4.531439e-03	2.774669e+00
1.878529e+14	4.809255e-03	2.535960e+00
1.878294e+14	5.735270e-03	2.318103e+00
1.878058e+14	7.550287e-03	2.123088e+00
1.877822e+14	1.045228e-02	1.940679e+00
1.877587e+14	1.458459e-02	1.761170e+00
1.877351e+14	2.002456e-02	1.580073e+00
1.877116e+14	2.677767e-02	1.396267e+00
1.876881e+14	3.477604e-02	1.209925e+00
1.876645e+14	4.388007e-02	1.021554e+00
1.876410e+14	5.388322e-02	8.316606e-01
1.876175e+14	6.451970e-02	6.406666e-01
1.875940e+14	7.547506e-02	4.489088e-01
1.875705e+14	8.639910e-02	2.566499e-01
1.875470e+14	9.692043e-02	6.409219e-02
1.875235e+14	1.066616e-01	-1.286136e-01
1.875000e+14	1.152539e-01	-3.213633e-01
("port 1","TE",1,"port 2",1,"modulation")
(1,1)
0.00071
(500,3)
2.000000e+14	2.617487e-03	2.952902e+00
1.999733e+14	1.549909e-03	-1.875359e+00
1.999466e+14	5.922897e-03	-1.330868e+00
1.999199e+14	1.270140e-02	-1.426901e+00
1.998932e+14	2.154899e-02	-1.600713e+00
1.998665e+14	3.237780e-02	-1.797813e+00
1.998398e+14	4.499354e-02	-2.004868e+00
1.998131e+14	5.907734e-02	-2.217003e+00
1.997865e+14	7.419338e-02	-2.431975e+00
1.997598e+14	8.980733e-02	-2.648573e+00
1.997332e+14	1.053125e-01	-2.866060e+00
1.997065e+14	1.200610e-01	-3.083960e+00
1.996799e+14	1.333971e-01	2.981228e+00
1.996532e+14	1.446886e-01	2.763324e+00
1.996266e+14	1.533548e-01	2.545599e+00
1.996000e+14	1.588889e-01	2.328050e+00
1.995734e+14	1.608749e-01	2.110600e+00
1.995468e+14	1.590013e-01	1.893115e+00
1.995202e+14	1.530720e-01	1.675434e+00
1.994936e+14	1.430175e-01	1.457399e+00
1.994670e+14	1.289065e-01	1.238895e+00
1.994404e+14	1.109574e-01	1.019906e+00
1.994139e+14	8.954621e-02	8.006070e-01
1.993873e+14	6.520825e-02	5.816319e-01
1.993608e+14	3.862826e-02	3.654356e-01
1.993342e+14	1.062211e-02	1.795227e-01
1.993077e+14	1.795559e-02	3.019097e+00
1.992812e+14	4.612024e-02	2.814961e+00
1.992546e+14	7.299532e-02	2.597391e+00
1.992281e+14	9.774564e-02	2.378035e+00
1.992016e+14	1.196549e-01	2.158576e+00
1.991751e+14	1.381513e-01	1.939501e+00
1.991486e+14	1.528202e-01	1.720926e+00
1.991221e+14	1.634052e-01	1.502795e+00
1.990956e+14	1.698023e-01	1.284947e+00
1.990691e+14	1.720490e-01	1.067164e+00
1.990427e+14	1.703153e-01	8.492117e-01
1.990162e+14	1.648933e-01	6.308634e-01
1.989898e+14	1.561882e-01	4.119238e-01
1.989633e+14	1.447069e-01	1.922413e-01
1.989369e+14	1.310422e-01	-2.829096e-02
1.989104e+14	1.158510e-01	-2.497455e-01
1.988840e+14	9.982581e-02	-4.721817e-01
1.988576e+14	8.366006e-02	-6.956789e-01
1.988312e+14	6.801095e-02	-9.203771e-01
1.988048e+14	5.346277e-02	-1.146525e+00
1.987784e+14	4.049455e-02	-1.374519e+00
1.987520e+14	2.945503e-02	-1.604894e+00
1.987256e+14	2.054626e-02	-1.838106e+00
1.986992e+14	1.381623e-02	-2.073588e+00
1.986729e+14	9.160158e-03	-2.306888e+00
1.986465e+14	6.331684e-03	-2.524791e+00
1.986201e+14	4.967306e-03	-2.709592e+00
1.985938e+14	4.613302e-03	-2.865451e+00
1.985674e+14	4.736539e-03	-3.016721e+00
1.985411e+14	4.752424e-03	3.115805e+00
1.985148e+14	4.084330e-03	3.000343e+00
1.984885e+14	2.327527e-03	3.130157e+00
1.984622e+14	2.484526e-03	-1.524077e+00
1.984358e+14	8.158717e-03	-1.275943e+00
1.984095e+14	1.661527e-02	-1.391715e+00
1.983832e+14	2.776090e-02	-1.567581e+00
1.983570e+14	4.154755e-02	-1.763633e+00
1.983307e+14	5.777496e-02	-1.968827e+00
1.983044e+14	7.607383e-02	-2.178840e+00
1.982781e+14	9.591373e-02	-2.391563e+00
1.982519e+14	1.166258e-01	-2.605785e+00
1.982256e+14	1.374375e-01	-2.820715e+00
1.981994e+14	1.575157e-01	-3.035805e+00
1.981732e+14	1.760125e-01	3.032514e+00
1.981469e+14	1.921086e-01	2.818108e+00
1.981207e+14	2.050473e-01	2.604265e+00
1.980945e+14	2.141599e-01	2.390953e+00
1.980683e+14	2.188796e-01	2.178021e+00
1.980421e+14	2.187497e-01	1.965217e+00
1.980159e+14	2.134298e-01	1.752225e+00
1.979897e+14	2.027058e-01	1.538698e+00
1.979635e+14	1.865063e-01	1.324313e+00
1.979373e+14	1.649276e-01	1.108833e+00
1.979112e+14	1.382642e-01	8.921776e-01
1.978850e+14	1.070375e-01	6.745523e-01
1.978588e+14	7.201240e-02	4.568493e-01
1.978327e+14	3.418997e-02	2.436242e-01
1.978066e+14	5.266467e-03	3.052280e+00
1.977804e+14	4.496046e-02	2.915856e+00
1.977543e+14	8.362113e-02	2.699928e+00
1.977282e+14	1.199642e-01	2.481589e+00
1.977021e+14	1.528862e-01	2.263645e+00
1.976760e+14	1.815016e-01	2.046821e+00
1.976499e+14	2.051641e-01	1.831305e+00
1.976238e+14	2.234591e-01	1.617011e+00
1.975977e+14	2.361793e-01	1.403671e+00
1.975716e+14	2.432944e-01	1.190903e+00
1.975455e+14	2.449254e-01	9.782675e-01
1.975195e+14	2.413278e-01	7.653184e-01
1.974934e+14	2.328838e-01	5.516493e-01
1.974674e+14	2.201016e-01	3.369258e-01
1.974413e+14	2.036154e-01	1.209068e-01
1.974153e+14	1.841799e-01	-9.655167e-02
1.973892e+14	1.626532e-01	-3.155105e-01
1.973632e+14	1.399642e-01	-5.359818e-01
1.973372e+14	1.170662e-01	-7.579820e-01
1.973112e+14	9.488055e-02	-9.816029e-01
1.972852e+14	7.423798e-02	-1.207099e+00
1.972592e+14	5.582545e-02	-1.434988e+00
1.972332e+14	4.014524e-02	-1.666146e+00
1.972072e+14	2.748886e-02	-1.901775e+00
1.971812e+14	1.792569e-02	-2.142725e+00
1.971553e+14	1.130401e-02	-2.386321e+00
1.971293e+14	7.264333e-03	-2.617329e+00
1.971034e+14	5.276103e-03	-2.802957e+00
1.970774e+14	4.693664e-03	-2.933993e+00
1.970515e+14	4.763010e-03	-3.049716e+00
1.970255e+14	4.639749e-03	3.124630e+00
1.969996e+14	3.522168e-03	3.114243e+00
1.969737e+14	1.836117e-03	-2.203472e+00
1.969478e+14	6.420280e-03	-1.224428e+00
1.969219e+14	1.556283e-02	-1.253173e+00
1.968960e+14	2.861904e-02	-1.404922e+00
1.968701e+14	4.574556e-02	-1.590558e+00
1.968442e+14	6.691277e-02	-1.790298e+00
1.968183e+14	9.182759e-02	-1.997217e+00
1.967924e+14	1.199178e-01	-2.208134e+00
1.967666e+14	1.503466e-01	-2.421229e+00
1.967407e+14	1.820569e-01	-2.635263e+00
1.967148e+14	2.138429e-01	-2.849283e+00
1.966890e+14	2.444370e-01	-3.062541e+00
1.966632e+14	2.725987e-01	3.008704e+00
1.966373e+14	2.971846e-01	2.798418e+00
1.966115e+14	3.171904e-01	2.589883e+00
1.965857e+14	3.317603e-01	2.382947e+00
1.965599e+14	3.401700e-01	2.177216e+00
1.965341e+14	3.417951e-01	1.972087e+00
1.965083e+14	3.360804e-01	1.766791e+00
1.964825e+14	3.225234e-01	1.560459e+00
1.964567e+14	3.006879e-01	1.352199e+00
1.964309e+14	2.702572e-01	1.141200e+00
1.964051e+14	2.311354e-01	9.268609e-01
1.963794e+14	1.835897e-01	7.089571e-01
1.963536e+14	1.284076e-01	4.879252e-01
1.963279e+14	6.701602e-02	2.660874e-01
1.963021e+14	1.566078e-03	3.475793e-01
1.962764e+14	6.559426e-02	2.937610e+00
1.962507e+14	1.314493e-01	2.714294e+00
1.962249e+14	1.934652e-01	2.490893e+00
1.961992e+14	2.495035e-01	2.270442e+00
1.961735e+14	2.980676e-01	2.053946e+00
1.961478e+14	3.383016e-01	1.841629e+00
1.961221e+14	3.698718e-01	1.633169e+00
1.960964e+14	3.928012e-01	1.427853e+00
1.960707e+14	4.073148e-01	1.224708e+00
1.960450e+14	4.137272e-01	1.022625e+00
1.960194e+14	4.123816e-01	8.204591e-01
1.959937e+14	4.036365e-01	6.171183e-01
1.959681e+14	3.878942e-01	4.116374e-01
1.959424e+14	3.656584e-01	2.032426e-01
1.959168e+14	3.376064e-01	-8.597094e-03
1.958911e+14	3.046578e-01	-2.241420e-01
1.958655e+14	2.680139e-01	-4.433908e-01
1.958399e+14	2.291449e-01	-6.661393e-01
1.958143e+14	1.897129e-01	-8.920979e-01
1.957886e+14	1.514375e-01	-1.121066e+00
1.957630e+14	1.159315e-01	-1.353163e+00
1.957374e+14	8.454387e-02	-1.589117e+00
1.957119e+14	5.824207e-02	-1.830644e+00
1.956863e+14	3.754533e-02	-2.080873e+00
1.956607e+14	2.250365e-02	-2.344055e+00
1.956351e+14	1.270341e-02	-2.619790e+00
1.956096e+14	7.288020e-03	-2.875301e+00
1.955840e+14	5.070872e-03	-3.018256e+00
1.955585e+14	4.736164e-03	-3.047825e+00
1.955329e+14	4.694321e-03	-3.054913e+00
1.955074e+14	3.386915e-03	-2.827787e+00
1.954818e+14	4.438797e-03	-1.420637e+00
1.954563e+14	1.488906e-02	-1.125192e+00
1.954308e+14	3.316387e-02	-1.222476e+00
1.954053e+14	6.020166e-02	-1.396432e+00
1.953798e+14	9.685244e-02	-1.598613e+00
1.953543e+14	1.433165e-01	-1.815135e+00
1.953288e+14	1.988846e-01	-2.040151e+00
1.953033e+14	2.617831e-01	-2.270065e+00
1.952779e+14	3.292261e-01	-2.501790e+00
1.952524e+14	3.977556e-01	-2.732276e+00
1.952269e+14	4.638227e-01	-2.958594e+00
1.952015e+14	5.244016e-01	3.104928e+00
1.951760e+14	5.773925e-01	2.893648e+00
1.951506e+14	6.216932e-01	2.691556e+00
1.951251e+14	6.569945e-01	2.498557e+00
1.950997e+14	6.834452e-01	2.313767e+00
1.950743e+14	7.013088e-01	2.135671e+00
1.950489e+14	7.106646e-01	1.962206e+00
1.950234e+14	7.111364e-01	1.790771e+00
1.949980e+14	7.015911e-01	1.618106e+00
1.949726e+14	6.797168e-01	1.440034e+00
1.949473e+14	6.413656e-01	1.251038e+00
1.949219e+14	5.795743e-01	1.043718e+00
1.948965e+14	4.835001e-01	8.084573e-01
1.948711e+14	3.389403e-01	5.346077e-01
1.948458e+14	1.355821e-01	2.171241e-01
1.948204e+14	1.142151e-01	2.995214e+00
1.947951e+14	3.643469e-01	2.638653e+00
1.947697e+14	5.663212e-01	2.312400e+00
1.947444e+14	7.060390e-01	2.035934e+00
1.947190e+14	7.958760e-01	1.806984e+00
1.946937e+14	8.527832e-01	1.615551e+00
1.946684e+14	8.893350e-01	1.451701e+00
1.946431e+14	9.133766e-01	1.307727e+00
1.946178e+14	9.295675e-01	1.178068e+00
1.945925e+14	9.406691e-01	1.058749e+00
1.945672e+14	9.483414e-01	9.468822e-01
1.945419e+14	9.535990e-01	8.402972e-01
1.945166e+14	9.570663e-01	7.372910e-01
1.944914e+14	9.591212e-01	6.364551e-01
1.944661e+14	9.599745e-01	5.365527e-01
1.944408e+14	9.597124e-01	4.364236e-01
1.944156e+14	9.583133e-01	3.349041e-01
1.943903e+14	9.556454e-01	2.307499e-01
1.943651e+14	9.514445e-01	1.225524e-01
1.943399e+14	9.452675e-01	8.638578e-03
1.943146e+14	9.364108e-01	-1.130560e-01
1.942894e+14	9.237742e-01	-2.451516e-01
1.942642e+14	9.056456e-01	-3.910332e-01
1.942390e+14	8.793792e-01	-5.550895e-01
1.942138e+14	8.409888e-01	-7.429110e-01
1.941886e+14	7.848619e-01	-9.612408e-01
1.941634e+14	7.043171e-01	-1.217282e+00
1.941382e+14	5.944901e-01	-1.517112e+00
1.941131e+14	4.584734e-01	-1.864828e+00
1.940879e+14	3.128326e-01	-2.269578e+00
1.940627e+14	1.846644e-01	-2.776553e+00
1.940376e+14	1.025950e-01	2.764828e+00
1.940124e+14	7.932647e-02	1.905410e+00
1.939873e+14	7.875445e-02	1.541942e+00
1.939622e+14	9.205597e-02	1.744512e+00
1.939370e+14	1.591266e-01	1.954516e+00
1.939119e+14	2.781990e-01	1.877347e+00
1.938868e+14	4.218023e-01	1.666140e+00
1.938617e+14	5.618579e-01	1.414834e+00
1.938366e+14	6.786708e-01	1.166419e+00
1.938115e+14	7.661376e-01	9.394573e-01
1.937864e+14	8.277518e-01	7.387433e-01
1.937613e+14	8.700696e-01	5.624260e-01
1.937362e+14	8.990361e-01	4.064372e-01
1.937112e+14	9.190087e-01	2.665712e-01
1.936861e+14	9.329199e-01	1.391974e-01
1.936611e+14	9.426789e-01	2.137495e-02
1.936360e+14	9.495161e-01	-8.923774e-02
1.936110e+14	9.542215e-01	-1.945167e-01
1.935859e+14	9.572972e-01	-2.959979e-01
1.935609e+14	9.590502e-01	-3.949818e-01
1.935359e+14	9.596472e-01	-4.926190e-01
1.935109e+14	9.591429e-01	-5.899829e-01
1.934858e+14	9.574880e-01	-6.881378e-01
1.934608e+14	9.545197e-01	-7.882081e-01
1.934358e+14	9.499308e-01	-8.914587e-01
1.934109e+14	9.432077e-01	-9.993991e-01
1.933859e+14	9.335196e-01	-1.113925e+00
1.933609e+14	9.195220e-01	-1.237522e+00
1.933359e+14	8.990097e-01	-1.373566e+00
1.933110e+14	8.683097e-01	-1.526742e+00
1.932860e+14	8.212702e-01	-1.703561e+00
1.932610e+14	7.478473e-01	-1.912712e+00
1.932361e+14	6.332868e-01	-2.164209e+00
1.932112e+14	4.621011e-01	-2.464827e+00
1.931862e+14	2.338416e-01	-2.808043e+00
1.931613e+14	1.845378e-02	6.459708e-05
1.931364e+14	2.440777e-01	-3.535167e-01
1.931115e+14	4.148837e-01	-6.464082e-01
1.930865e+14	5.324624e-01	-8.970755e-01
1.930616e+14	6.098968e-01	-1.115038e+00
1.930368e+14	6.594805e-01	-1.310425e+00
1.930119e+14	6.897691e-01	-1.491480e+00
1.929870e+14	7.061041e-01	-1.664424e+00
1.929621e+14	7.116261e-01	-1.833929e+00
1.929372e+14	7.080481e-01	-2.003595e+00
1.929124e+14	6.961589e-01	-2.176286e+00
1.928875e+14	6.761549e-01	-2.354316e+00
1.928627e+14	6.478953e-01	-2.539527e+00
1.928378e+14	6.111483e-01	-2.733272e+00
1.928130e+14	5.658683e-01	-2.936322e+00
1.927882e+14	5.125045e-01	3.134429e+00
1.927633e+14	4.522792e-01	2.913283e+00
1.927385e+14	3.873230e-01	2.684791e+00
1.927137e+14	3.205524e-01	2.450757e+00
1.926889e+14	2.552703e-01	2.213004e+00
1.926641e+14	1.946164e-01	1.972851e+00
1.926393e+14	1.410769e-01	1.730560e+00
1.926145e+14	9.621271e-02	1.484638e+00
1.925897e+14	6.063334e-02	1.230373e+00
1.925650e+14	3.413897e-02	9.551845e-01
1.925402e+14	1.594700e-02	6.175138e-01
1.925154e+14	5.122471e-03	-2.295286e-02
1.924907e+14	3.069140e-03	-1.862018e+00
1.924659e+14	4.564877e-03	-2.628217e+00
1.924412e+14	4.752264e-03	-3.066361e+00
1.924165e+14	4.901099e-03	2.804534e+00
1.923917e+14	6.499677e-03	2.482567e+00
1.923670e+14	1.076433e-02	2.287174e+00
1.923423e+14	1.881553e-02	2.129852e+00
1.923176e+14	3.153839e-02	1.962960e+00
1.922929e+14	4.943998e-02	1.781245e+00
1.922682e+14	7.262580e-02	1.588638e+00
1.922435e+14	1.007942e-01	1.388935e+00
1.922188e+14	1.332445e-01	1.184815e+00
1.921941e+14	1.689162e-01	9.781970e-01
1.921694e+14	2.064682e-01	7.705708e-01
1.921448e+14	2.443960e-01	5.631595e-01
1.921201e+14	2.811697e-01	3.569639e-01
1.920955e+14	3.153626e-01	1.527446e-01
1.920708e+14	3.457465e-01	-4.901467e-02
1.920462e+14	3.713360e-01	-2.481302e-01
1.920215e+14	3.913835e-01	-4.447185e-01
1.919969e+14	4.053370e-01	-6.391715e-01
1.919723e+14	4.127815e-01	-8.321129e-01
1.919477e+14	4.133802e-01	-1.024345e+00
1.919231e+14	4.068295e-01	-1.216786e+00
1.918985e+14	3.928392e-01	-1.410407e+00
1.918739e+14	3.711447e-01	-1.606160e+00
1.918493e+14	3.415558e-01	-1.804895e+00
1.918247e+14	3.040462e-01	-2.007273e+00
1.918001e+14	2.588741e-01	-2.213676e+00
1.917756e+14	2.067148e-01	-2.424141e+00
1.917510e+14	1.487637e-01	-2.638395e+00
1.917264e+14	8.675829e-02	-2.856306e+00
1.917019e+14	2.288099e-02	-3.085927e+00
1.916773e+14	4.047379e-02	-1.357711e-01
1.916528e+14	1.009542e-01	-3.573805e-01
1.916283e+14	1.565614e-01	-5.722563e-01
1.916037e+14	2.057930e-01	-7.832181e-01
1.915792e+14	2.476971e-01	-9.904711e-01
1.915547e+14	2.818131e-01	-1.194269e+00
1.915302e+14	3.080569e-01	-1.395096e+00
1.915057e+14	3.265974e-01	-1.593627e+00
1.914812e+14	3.377531e-01	-1.790647e+00
1.914567e+14	3.419242e-01	-1.986975e+00
1.914322e+14	3.395581e-01	-2.183397e+00
1.914077e+14	3.311445e-01	-2.380614e+00
1.913833e+14	3.172289e-01	-2.579200e+00
1.913588e+14	2.984375e-01	-2.779577e+00
1.913344e+14	2.755001e-01	-2.982001e+00
1.913099e+14	2.492636e-01	3.096615e+00
1.912855e+14	2.206865e-01	2.889935e+00
1.912610e+14	1.908097e-01	2.681258e+00
1.912366e+14	1.607066e-01	2.470709e+00
1.912122e+14	1.314184e-01	2.258316e+00
1.911877e+14	1.038867e-01	2.043879e+00
1.911633e+14	7.889470e-02	1.826751e+00
1.911389e+14	5.702615e-02	1.605434e+00
1.911145e+14	3.864462e-02	1.376606e+00
1.910901e+14	2.389409e-02	1.132215e+00
1.910657e+14	1.272185e-02	8.477182e-01
1.910413e+14	4.974308e-03	4.010496e-01
1.910170e+14	1.798198e-03	-1.282716e+00
1.909926e+14	3.636092e-03	-2.363598e+00
1.909682e+14	4.626946e-03	-2.748840e+00
1.909439e+14	4.754733e-03	-3.058503e+00
1.909195e+14	4.694418e-03	2.921054e+00
1.908952e+14	5.145477e-03	2.631936e+00
1.908708e+14	6.733738e-03	2.393321e+00
1.908465e+14	1.000264e-02	2.201889e+00
1.908222e+14	1.541795e-02	2.026543e+00
1.907979e+14	2.332307e-02	1.849363e+00
1.907735e+14	3.390502e-02	1.666110e+00
1.907492e+14	4.718243e-02	1.477335e+00
1.907249e+14	6.300281e-02	1.284435e+00
1.907006e+14	8.104701e-02	1.088656e+00
1.906763e+14	1.008427e-01	8.909639e-01
1.906521e+14	1.217874e-01	6.921027e-01
1.906278e+14	1.431818e-01	4.926590e-01
1.906035e+14	1.642688e-01	2.930986e-01
1.905792e+14	1.842753e-01	9.378120e-02
1.905550e+14	2.024524e-01	-1.050397e-01
1.905307e+14	2.181070e-01	-3.032204e-01
1.905065e+14	2.306246e-01	-5.007302e-01
1.904822e+14	2.394823e-01	-6.976473e-01
1.904580e+14	2.442525e-01	-8.941488e-01
1.904338e+14	2.446033e-01	-1.090492e+00
1.904096e+14	2.402978e-01	-1.286988e+00
1.903853e+14	2.311964e-01	-1.483975e+00
1.903611e+14	2.172650e-01	-1.681783e+00
1.903369e+14	1.985896e-01	-1.880701e+00
1.903127e+14	1.753951e-01	-2.080951e+00
1.902885e+14	1.480650e-01	-2.282675e+00
1.902644e+14	1.171555e-01	-2.485955e+00
1.902402e+14	8.339653e-02	-2.690956e+00
1.902160e+14	4.767390e-02	-2.898767e+00
1.901918e+14	1.099292e-02	-3.128840e+00
1.901677e+14	2.560334e-02	-1.458501e-01
1.901435e+14	6.104308e-02	-3.586436e-01
1.901194e+14	9.436520e-02	-5.646435e-01
1.900952e+14	1.247284e-01	-7.684720e-01
1.900711e+14	1.514579e-01	-9.707086e-01
1.900470e+14	1.740576e-01	-1.171548e+00
1.900228e+14	1.922052e-01	-1.371175e+00
1.899987e+14	2.057350e-01	-1.569828e+00
1.899746e+14	2.146178e-01	-1.767796e+00
1.899505e+14	2.189395e-01	-1.965401e+00
1.899264e+14	2.188862e-01	-2.162972e+00
1.899023e+14	2.147323e-01	-2.360817e+00
1.898782e+14	2.068346e-01	-2.559206e+00
1.898542e+14	1.956277e-01	-2.758358e+00
1.898301e+14	1.816186e-01	-2.958430e+00
1.898060e+14	1.653783e-01	3.123656e+00
1.897819e+14	1.475274e-01	2.921465e+00
1.897579e+14	1.287158e-01	2.718127e+00
1.897338e+14	1.095967e-01	2.513559e+00
1.897098e+14	9.079753e-02	2.307587e+00
1.896858e+14	7.289044e-02	2.099849e+00
1.896617e+14	5.636616e-02	1.889624e+00
1.896377e+14	4.161352e-02	1.675485e+00
1.896137e+14	2.890634e-02	1.454428e+00
1.895897e+14	1.839898e-02	1.219286e+00
1.895657e+14	1.013410e-02	9.482011e-01
1.895417e+14	4.100518e-03	5.310884e-01
1.895177e+14	1.405684e-03	-1.182673e+00
1.894937e+14	3.234486e-03	-2.285780e+00
1.894697e+14	4.416282e-03	-2.644955e+00
1.894457e+14	4.769909e-03	-2.922917e+00
1.894217e+14	4.693369e-03	3.095326e+00
1.893978e+14	4.631465e-03	2.829709e+00
1.893738e+14	5.018700e-03	2.574516e+00
1.893499e+14	6.246221e-03	2.349823e+00
1.893259e+14	8.653026e-03	2.155393e+00
1.893020e+14	1.252122e-02	1.974600e+00
1.892780e+14	1.805557e-02	1.795081e+00
1.892541e+14	2.536578e-02	1.612409e+00
1.892302e+14	3.445850e-02	1.426039e+00
1.892063e+14	4.523557e-02	1.236583e+00
1.891824e+14	5.749665e-02	1.044808e+00
1.891585e+14	7.094663e-02	8.513749e-01
1.891346e+14	8.520787e-02	6.568111e-01
1.891107e+14	9.983702e-02	4.615284e-01
1.890868e+14	1.143454e-01	2.658492e-01
1.890629e+14	1.282216e-01	7.002129e-02
1.890390e+14	1.409539e-01	-1.257747e-01
1.890152e+14	1.520519e-01	-3.214222e-01
1.889913e+14	1.610638e-01	-5.168675e-01
1.889674e+14	1.675914e-01	-7.121164e-01
1.889436e+14	1.713003e-01	-9.072294e-01
1.889197e+14	1.719273e-01	-1.102312e+00
1.888959e+14	1.692867e-01	-1.297504e+00
1.888721e+14	1.632749e-01	-1.492962e+00
1.888482e+14	1.538757e-01	-1.688848e+00
1.888244e+14	1.411662e-01	-1.885310e+00
1.888006e+14	1.253221e-01	-2.082476e+00
1.887768e+14	1.066211e-01	-2.280457e+00
1.887530e+14	8.544397e-02	-2.479381e+00
1.887292e+14	6.226812e-02	-2.679545e+00
1.887054e+14	3.765568e-02	-2.882189e+00
1.886816e+14	1.223439e-02	-3.099994e+00
1.886578e+14	1.334802e-02	-1.056590e-01
1.886341e+14	3.840159e-02	-3.212957e-01
1.886103e+14	6.230048e-02	-5.236526e-01
1.885865e+14	8.445984e-02	-7.236221e-01
1.885628e+14	1.043758e-01	-9.223854e-01
1.885390e+14	1.216389e-01	-1.120259e+00
1.885153e+14	1.359417e-01	-1.317402e+00
1.884916e+14	1.470792e-01	-1.513959e+00
1.884678e+14	1.549453e-01	-1.710086e+00
1.884441e+14	1.595267e-01	-1.905955e+00
1.884204e+14	1.608957e-01	-2.101749e+00
1.883967e+14	1.592033e-01	-2.297647e+00
1.883730e+14	1.546727e-01	-2.493814e+00
1.883493e+14	1.475925e-01	-2.690397e+00
1.883256e+14	1.383096e-01	-2.887518e+00
1.883019e+14	1.272195e-01	-3.085276e+00
1.882782e+14	1.147551e-01	2.999425e+00
1.882545e+14	1.013723e-01	2.800125e+00
1.882309e+14	8.753334e-02	2.599884e+00
1.882072e+14	7.368874e-02	2.398507e+00
1.881835e+14	6.025920e-02	2.195652e+00
1.881599e+14	4.761856e-02	1.990705e+00
1.881362e+14	3.607958e-02	1.782513e+00
1.881126e+14	2.588326e-02	1.568761e+00
1.880890e+14	1.719296e-02	1.344165e+00
1.880653e+14	1.009524e-02	1.093752e+00
1.880417e+14	4.623879e-03	7.528650e-01
1.880181e+14	1.209375e-03	-4.154589e-01
1.879945e+14	2.539070e-03	-2.104133e+00
1.879709e+14	4.005440e-03	-2.499897e+00
1.879473e+14	4.672172e-03	-2.771508e+00
1.879237e+14	4.776345e-03	-3.018595e+00
1.879001e+14	4.623192e-03	3.020404e+00
1.878765e+14	4.531439e-03	2.774669e+00
1.878529e+14	4.809255e-03	2.535960e+00
1.878294e+14	5.735270e-03	2.318103e+00
1.878058e+14	7.550287e-03	2.123088e+00
1.877822e+14	1.045228e-02	1.940679e+00
1.877587e+14	1.458459e-02	1.761170e+00
1.877351e+14	2.002456e-02	1.580073e+00
1.877116e+14	2.677767e-02	1.396267e+00
1.876881e+14	3.477604e-02	1.209925e+00
1.876645e+14	4.388007e-02	1.021554e+00
1.876410e+14	5.388322e-02	8.316606e-01
1.876175e+14	6.451970e-02	6.406666e-01
1.875940e+14	7.547506e-02	4.489088e-01
1.875705e+14	8.639910e-02	2.566499e-01
1.875470e+14	9.692043e-02	6.409219e-02
1.875235e+14	1.066616e-01	-1.286136e-01
1.875000e+14	1.152539e-01	-3.213633e-01
("port 2","TE",1,"port 1",1,"modulation")
(1,1)
0.00071
(500,3)
2.000000e+14	9.999966e-01	-6.424243e-01
1.999733e+14	9.999988e-01	-8.644692e-01
1.999466e+14	9.999825e-01	-1.086527e+00
1.999199e+14	9.999193e-01	-1.308617e+00
1.998932e+14	9.997678e-01	-1.530747e+00
1.998665e+14	9.994757e-01	-1.752911e+00
1.998398e+14	9.989873e-01	-1.975078e+00
1.998131e+14	9.982534e-01	-2.197191e+00
1.997865e+14	9.972439e-01	-2.419167e+00
1.997598e+14	9.959592e-01	-2.640905e+00
1.997332e+14	9.944392e-01	-2.862297e+00
1.997065e+14	9.927665e-01	-3.083247e+00
1.996799e+14	9.910627e-01	2.979502e+00
1.996532e+14	9.894772e-01	2.759606e+00
1.996266e+14	9.881712e-01	2.540222e+00
1.996000e+14	9.872965e-01	2.321264e+00
1.995734e+14	9.869748e-01	2.102587e+00
1.995468e+14	9.872784e-01	1.884007e+00
1.995202e+14	9.882150e-01	1.665311e+00
1.994936e+14	9.897202e-01	1.446289e+00
1.994670e+14	9.916568e-01	1.226753e+00
1.994404e+14	9.938252e-01	1.006574e+00
1.994139e+14	9.959827e-01	7.856952e-01
1.993873e+14	9.978717e-01	5.641484e-01
1.993608e+14	9.992537e-01	3.420576e-01
1.993342e+14	9.999436e-01	1.196261e-01
1.993077e+14	9.998388e-01	-1.028875e-01
1.992812e+14	9.989359e-01	-3.252032e-01
1.992546e+14	9.973323e-01	-5.470573e-01
1.992281e+14	9.952114e-01	-7.682376e-01
1.992016e+14	9.928155e-01	-9.886103e-01
1.991751e+14	9.904111e-01	-1.208134e+00
1.991486e+14	9.882540e-01	-1.426860e+00
1.991221e+14	9.865590e-01	-1.644921e+00
1.990956e+14	9.854782e-01	-1.862509e+00
1.990691e+14	9.850884e-01	-2.079849e+00
1.990427e+14	9.853896e-01	-2.297170e+00
1.990162e+14	9.863114e-01	-2.514678e+00
1.989898e+14	9.877273e-01	-2.732537e+00
1.989633e+14	9.894746e-01	-2.950849e+00
1.989369e+14	9.913768e-01	3.113531e+00
1.989104e+14	9.932666e-01	2.894254e+00
1.988840e+14	9.950049e-01	2.674579e+00
1.988576e+14	9.964944e-01	2.454608e+00
1.988312e+14	9.976846e-01	2.234460e+00
1.988048e+14	9.985698e-01	2.014249e+00
1.987784e+14	9.991798e-01	1.794066e+00
1.987520e+14	9.995661e-01	1.573977e+00
1.987256e+14	9.997889e-01	1.354017e+00
1.986992e+14	9.999046e-01	1.134197e+00
1.986729e+14	9.999580e-01	9.145060e-01
1.986465e+14	9.999800e-01	6.949261e-01
1.986201e+14	9.999877e-01	4.754354e-01
1.985938e+14	9.999894e-01	2.560146e-01
1.985674e+14	9.999888e-01	3.664757e-02
1.985411e+14	9.999887e-01	-1.826805e-01
1.985148e+14	9.999917e-01	-4.019870e-01
1.984885e+14	9.999973e-01	-6.212952e-01
1.984622e+14	9.999969e-01	-8.406357e-01
1.984358e+14	9.999667e-01	-1.060044e+00
1.984095e+14	9.998620e-01	-1.279554e+00
1.983832e+14	9.996146e-01	-1.499185e+00
1.983570e+14	9.991365e-01	-1.718934e+00
1.983307e+14	9.983296e-01	-1.938756e+00
1.983044e+14	9.971022e-01	-2.158564e+00
1.982781e+14	9.953897e-01	-2.378223e+00
1.982519e+14	9.931759e-01	-2.597562e+00
1.982256e+14	9.905104e-01	-2.816389e+00
1.981994e+14	9.875165e-01	-3.034523e+00
1.981732e+14	9.843879e-01	3.031366e+00
1.981469e+14	9.813737e-01	2.814986e+00
1.981207e+14	9.787521e-01	2.599511e+00
1.980945e+14	9.767986e-01	2.384828e+00
1.980683e+14	9.757519e-01	2.170724e+00
1.980421e+14	9.757810e-01	1.956902e+00
1.980159e+14	9.769584e-01	1.743000e+00
1.979897e+14	9.792397e-01	1.528632e+00
1.979635e+14	9.824538e-01	1.313432e+00
1.979373e+14	9.863057e-01	1.097097e+00
1.979112e+14	9.903954e-01	8.794356e-01
1.978850e+14	9.942550e-01	6.604037e-01
1.978588e+14	9.974037e-01	4.401284e-01
1.978327e+14	9.994154e-01	2.189056e-01
1.978066e+14	9.999861e-01	-2.828086e-03
1.977804e+14	9.989888e-01	-2.245493e-01
1.977543e+14	9.964976e-01	-4.457195e-01
1.977282e+14	9.927782e-01	-6.658601e-01
1.977021e+14	9.882438e-01	-8.846167e-01
1.976760e+14	9.833906e-01	-1.101801e+00
1.976499e+14	9.787276e-01	-1.317404e+00
1.976238e+14	9.747133e-01	-1.531587e+00
1.975977e+14	9.717095e-01	-1.744646e+00
1.975716e+14	9.699525e-01	-1.956974e+00
1.975455e+14	9.695419e-01	-2.169002e+00
1.975195e+14	9.704436e-01	-2.381160e+00
1.974934e+14	9.725046e-01	-2.593826e+00
1.974674e+14	9.754770e-01	-2.807293e+00
1.974413e+14	9.790510e-01	-3.021744e+00
1.974153e+14	9.828925e-01	3.045943e+00
1.973892e+14	9.866833e-01	2.829447e+00
1.973632e+14	9.901566e-01	2.612100e+00
1.973372e+14	9.931241e-01	2.394108e+00
1.973112e+14	9.954887e-01	2.175708e+00
1.972852e+14	9.972406e-01	1.957120e+00
1.972592e+14	9.984405e-01	1.738531e+00
1.972332e+14	9.991939e-01	1.520066e+00
1.972072e+14	9.996221e-01	1.301795e+00
1.971812e+14	9.998393e-01	1.083732e+00
1.971553e+14	9.999361e-01	8.658556e-01
1.971293e+14	9.999736e-01	6.481240e-01
1.971034e+14	9.999861e-01	4.304903e-01
1.970774e+14	9.999890e-01	2.129118e-01
1.970515e+14	9.999887e-01	-4.647908e-03
1.970255e+14	9.999892e-01	-2.222233e-01
1.969996e+14	9.999938e-01	-4.398549e-01
1.969737e+14	9.999983e-01	-6.575972e-01
1.969478e+14	9.999794e-01	-8.755211e-01
1.969219e+14	9.998789e-01	-1.093709e+00
1.968960e+14	9.995904e-01	-1.312237e+00
1.968701e+14	9.989531e-01	-1.531155e+00
1.968442e+14	9.977588e-01	-1.750453e+00
1.968183e+14	9.957749e-01	-1.970031e+00
1.967924e+14	9.927838e-01	-2.189682e+00
1.967666e+14	9.886334e-01	-2.409088e+00
1.967407e+14	9.832880e-01	-2.627843e+00
1.967148e+14	9.768681e-01	-2.845493e+00
1.966890e+14	9.696652e-01	-3.061603e+00
1.966632e+14	9.621278e-01	3.007358e+00
1.966373e+14	9.548200e-01	2.795215e+00
1.966115e+14	9.483619e-01	2.585150e+00
1.965857e+14	9.433637e-01	2.376936e+00
1.965599e+14	9.403640e-01	2.170126e+00
1.965341e+14	9.397745e-01	1.964074e+00
1.965083e+14	9.418333e-01	1.757976e+00
1.964825e+14	9.465615e-01	1.550931e+00
1.964567e+14	9.537226e-01	1.342017e+00
1.964309e+14	9.627882e-01	1.130384e+00
1.964051e+14	9.729216e-01	9.153683e-01
1.963794e+14	9.830030e-01	6.966194e-01
1.963536e+14	9.917215e-01	4.742139e-01
1.963279e+14	9.977519e-01	2.487300e-01
1.963021e+14	9.999988e-01	2.123754e-02
1.962764e+14	9.978464e-01	-2.068219e-01
1.962507e+14	9.913229e-01	-4.338549e-01
1.962249e+14	9.811071e-01	-6.583825e-01
1.961992e+14	9.683739e-01	-8.792756e-01
1.961735e+14	9.545448e-01	-1.095900e+00
1.961478e+14	9.410377e-01	-1.308148e+00
1.961221e+14	9.290828e-01	-1.516387e+00
1.960964e+14	9.196234e-01	-1.721345e+00
1.960707e+14	9.132878e-01	-1.923994e+00
1.960450e+14	9.104009e-01	-2.125434e+00
1.960194e+14	9.110112e-01	-2.326789e+00
1.959937e+14	9.149195e-01	-2.529122e+00
1.959681e+14	9.217039e-01	-2.733357e+00
1.959424e+14	9.307491e-01	-2.940213e+00
1.959168e+14	9.412874e-01	3.133044e+00
1.958911e+14	9.524619e-01	2.919891e+00
1.958655e+14	9.634150e-01	2.703669e+00
1.958399e+14	9.733923e-01	2.484804e+00
1.958143e+14	9.818396e-01	2.263916e+00
1.957886e+14	9.884668e-01	2.041707e+00
1.957630e+14	9.932572e-01	1.818845e+00
1.957374e+14	9.964198e-01	1.595865e+00
1.957119e+14	9.983025e-01	1.373112e+00
1.956863e+14	9.992949e-01	1.150735e+00
1.956607e+14	9.997468e-01	9.287145e-01
1.956351e+14	9.999193e-01	7.069219e-01
1.956096e+14	9.999734e-01	4.851759e-01
1.955840e+14	9.999871e-01	2.632895e-01
1.955585e+14	9.999888e-01	4.108940e-02
1.955329e+14	9.999890e-01	-1.815916e-01
1.955074e+14	9.999943e-01	-4.049453e-01
1.954818e+14	9.999901e-01	-6.292281e-01
1.954563e+14	9.998892e-01	-8.547897e-01
1.954308e+14	9.994499e-01	-1.082069e+00
1.954053e+14	9.981862e-01	-1.311535e+00
1.953798e+14	9.952988e-01	-1.543570e+00
1.953543e+14	9.896769e-01	-1.778281e+00
1.953288e+14	9.800229e-01	-2.015291e+00
1.953033e+14	9.651267e-01	-2.253563e+00
1.952779e+14	9.442511e-01	-2.491357e+00
1.952524e+14	9.174914e-01	-2.726392e+00
1.952269e+14	8.859280e-01	-2.956208e+00
1.952015e+14	8.514710e-01	3.104568e+00
1.951760e+14	8.164667e-01	2.891094e+00
1.951506e+14	7.832609e-01	2.687225e+00
1.951251e+14	7.538953e-01	2.492767e+00
1.950997e+14	7.300018e-01	2.306770e+00
1.950743e+14	7.128576e-01	2.127663e+00
1.950489e+14	7.035310e-01	1.953346e+00
1.950234e+14	7.030541e-01	1.781186e+00
1.949980e+14	7.125798e-01	1.607899e+00
1.949726e+14	7.334747e-01	1.429285e+00
1.949473e+14	7.672354e-01	1.239805e+00
1.949219e+14	8.149194e-01	1.032029e+00
1.948965e+14	8.753443e-01	7.962803e-01
1.948711e+14	9.408079e-01	5.217248e-01
1.948458e+14	9.907661e-01	2.018343e-01
1.948204e+14	9.934560e-01	-1.539270e-01
1.947951e+14	9.312633e-01	-5.135917e-01
1.947697e+14	8.241846e-01	-8.404237e-01
1.947444e+14	7.081729e-01	-1.117106e+00
1.947190e+14	6.054596e-01	-1.346125e+00
1.946937e+14	5.222651e-01	-1.537535e+00
1.946684e+14	4.572562e-01	-1.701288e+00
1.946431e+14	4.071156e-01	-1.845099e+00
1.946178e+14	3.686518e-01	-1.974530e+00
1.945925e+14	3.393253e-01	-2.093551e+00
1.945672e+14	3.172516e-01	-2.205044e+00
1.945419e+14	3.010796e-01	-2.311171e+00
1.945166e+14	2.898690e-01	-2.413622e+00
1.944914e+14	2.829958e-01	-2.513788e+00
1.944661e+14	2.800875e-01	-2.612885e+00
1.944408e+14	2.809842e-01	-2.712043e+00
1.944156e+14	2.857193e-01	-2.812388e+00
1.943903e+14	2.945197e-01	-2.915114e+00
1.943651e+14	3.078205e-01	-3.021559e+00
1.943399e+14	3.262964e-01	-3.133300e+00
1.943146e+14	3.509057e-01	3.030920e+00
1.942894e+14	3.829376e-01	2.902307e+00
1.942642e+14	4.240355e-01	2.760955e+00
1.942390e+14	4.761221e-01	2.602929e+00
1.942138e+14	5.410526e-01	2.423369e+00
1.941886e+14	6.196707e-01	2.216768e+00
1.941634e+14	7.098855e-01	1.978146e+00
1.941382e+14	8.041029e-01	1.705747e+00
1.941131e+14	8.887081e-01	1.404735e+00
1.940879e+14	9.498083e-01	1.088393e+00
1.940627e+14	9.828016e-01	7.728441e-01
1.940376e+14	9.947232e-01	4.684964e-01
1.940124e+14	9.968487e-01	1.762048e-01
1.939873e+14	9.968940e-01	-1.103791e-01
1.939622e+14	9.957538e-01	-4.003375e-01
1.939370e+14	9.872582e-01	-7.010773e-01
1.939119e+14	9.605235e-01	-1.013855e+00
1.938868e+14	9.066878e-01	-1.330588e+00
1.938617e+14	8.272338e-01	-1.635978e+00
1.938366e+14	7.344426e-01	-1.915452e+00
1.938115e+14	6.426766e-01	-2.161816e+00
1.937864e+14	5.610944e-01	-2.375434e+00
1.937613e+14	4.929288e-01	-2.560756e+00
1.937362e+14	4.378745e-01	-2.723269e+00
1.937112e+14	3.942372e-01	-2.868007e+00
1.936861e+14	3.600839e-01	-2.999110e+00
1.936611e+14	3.337012e-01	-3.119844e+00
1.936360e+14	3.137183e-01	3.050415e+00
1.936110e+14	2.991007e-01	2.943274e+00
1.935859e+14	2.891057e-01	2.840276e+00
1.935609e+14	2.832362e-01	2.740046e+00
1.935359e+14	2.812066e-01	2.641378e+00
1.935109e+14	2.829220e-01	2.543156e+00
1.934858e+14	2.884732e-01	2.444287e+00
1.934608e+14	2.981478e-01	2.343621e+00
1.934358e+14	3.124603e-01	2.239875e+00
1.934109e+14	3.322036e-01	2.131527e+00
1.933859e+14	3.585263e-01	2.016670e+00
1.933609e+14	3.930385e-01	1.892810e+00
1.933359e+14	4.379288e-01	1.756568e+00
1.933110e+14	4.960225e-01	1.603255e+00
1.932860e+14	5.705394e-01	1.426364e+00
1.932610e+14	6.638707e-01	1.217213e+00
1.932361e+14	7.739172e-01	9.658152e-01
1.932112e+14	8.868272e-01	6.654796e-01
1.931862e+14	9.722747e-01	3.231891e-01
1.931613e+14	9.998297e-01	-3.285825e-02
1.931364e+14	9.697557e-01	-3.667892e-01
1.931115e+14	9.098745e-01	-6.587940e-01
1.930865e+14	8.464536e-01	-9.089786e-01
1.930616e+14	7.924808e-01	-1.126521e+00
1.930368e+14	7.517217e-01	-1.321474e+00
1.930119e+14	7.240294e-01	-1.502048e+00
1.929870e+14	7.081081e-01	-1.674441e+00
1.929621e+14	7.025584e-01	-1.843307e+00
1.929372e+14	7.061642e-01	-2.012226e+00
1.929124e+14	7.178877e-01	-2.184036e+00
1.928875e+14	7.367595e-01	-2.361021e+00
1.928627e+14	7.617294e-01	-2.544985e+00
1.928378e+14	7.915161e-01	-2.737226e+00
1.928130e+14	8.244957e-01	-2.938445e+00
1.927882e+14	8.586846e-01	3.134558e+00
1.927633e+14	8.918764e-01	2.916224e+00
1.927385e+14	9.219441e-01	2.691301e+00
1.927137e+14	9.472308e-01	2.461887e+00
1.926889e+14	9.668697e-01	2.230263e+00
1.926641e+14	9.808794e-01	1.998492e+00
1.926393e+14	9.899986e-01	1.768124e+00
1.926145e+14	9.953608e-01	1.540070e+00
1.925897e+14	9.981601e-01	1.314657e+00
1.925650e+14	9.994171e-01	1.091781e+00
1.925402e+14	9.998728e-01	8.710946e-01
1.925154e+14	9.999869e-01	6.521661e-01
1.924907e+14	9.999953e-01	4.345876e-01
1.924659e+14	9.999896e-01	2.180288e-01
1.924412e+14	9.999887e-01	2.244114e-03
1.924165e+14	9.999880e-01	-2.129491e-01
1.923917e+14	9.999789e-01	-4.277047e-01
1.923670e+14	9.999421e-01	-6.421769e-01
1.923423e+14	9.998230e-01	-8.565322e-01
1.923176e+14	9.995025e-01	-1.070939e+00
1.922929e+14	9.987771e-01	-1.285537e+00
1.922682e+14	9.973593e-01	-1.500384e+00
1.922435e+14	9.949073e-01	-1.715416e+00
1.922188e+14	9.910832e-01	-1.930402e+00
1.921941e+14	9.856304e-01	-2.144941e+00
1.921694e+14	9.784533e-01	-2.358490e+00
1.921448e+14	9.696755e-01	-2.570427e+00
1.921201e+14	9.596581e-01	-2.780145e+00
1.920955e+14	9.489713e-01	-2.987149e+00
1.920708e+14	9.383280e-01	3.092049e+00
1.920462e+14	9.284985e-01	2.891131e+00
1.920215e+14	9.202277e-01	2.693074e+00
1.919969e+14	9.141674e-01	2.497420e+00
1.919723e+14	9.108301e-01	2.303494e+00
1.919477e+14	9.105585e-01	2.110459e+00
1.919231e+14	9.135041e-01	1.917368e+00
1.918985e+14	9.196072e-01	1.723232e+00
1.918739e+14	9.285751e-01	1.527087e+00
1.918493e+14	9.398615e-01	1.328080e+00
1.918247e+14	9.526573e-01	1.125555e+00
1.918001e+14	9.659111e-01	9.191566e-01
1.917756e+14	9.784012e-01	7.089105e-01
1.917510e+14	9.888728e-01	4.952807e-01
1.917264e+14	9.962294e-01	2.791557e-01
1.917019e+14	9.997382e-01	6.175414e-02
1.916773e+14	9.991806e-01	-1.555458e-01
1.916528e+14	9.948911e-01	-3.714167e-01
1.916283e+14	9.876682e-01	-5.847766e-01
1.916037e+14	9.785955e-01	-7.949184e-01
1.915792e+14	9.688375e-01	-1.001557e+00
1.915547e+14	9.594693e-01	-1.204797e+00
1.915302e+14	9.513679e-01	-1.405061e+00
1.915057e+14	9.451636e-01	-1.602986e+00
1.914812e+14	9.412347e-01	-1.799331e+00
1.914567e+14	9.397275e-01	-1.994891e+00
1.914322e+14	9.405851e-01	-2.190426e+00
1.914077e+14	9.435801e-01	-2.386609e+00
1.913833e+14	9.483490e-01	-2.583977e+00
1.913588e+14	9.544292e-01	-2.782905e+00
1.913344e+14	9.613011e-01	-2.983591e+00
1.913099e+14	9.684357e-01	3.097135e+00
1.912855e+14	9.753448e-01	2.893051e+00
1.912610e+14	9.816270e-01	2.687616e+00
1.912366e+14	9.870022e-01	2.481187e+00
1.912122e+14	9.913270e-01	2.274149e+00
1.911877e+14	9.945891e-01	2.066866e+00
1.911633e+14	9.968830e-01	1.859640e+00
1.911389e+14	9.983727e-01	1.652689e+00
1.911145e+14	9.992530e-01	1.446141e+00
1.910901e+14	9.997145e-01	1.240046e+00
1.910657e+14	9.999191e-01	1.034391e+00
1.910413e+14	9.999876e-01	8.291236e-01
1.910170e+14	9.999984e-01	6.241771e-01
1.909926e+14	9.999934e-01	4.194834e-01
1.909682e+14	9.999893e-01	2.149849e-01
1.909439e+14	9.999887e-01	1.063741e-02
1.909195e+14	9.999890e-01	-1.935929e-01
1.908952e+14	9.999868e-01	-3.977346e-01
1.908708e+14	9.999773e-01	-6.018173e-01
1.908465e+14	9.999500e-01	-8.058752e-01
1.908222e+14	9.998811e-01	-1.009946e+00
1.907979e+14	9.997280e-01	-1.214068e+00
1.907735e+14	9.994251e-01	-1.418265e+00
1.907492e+14	9.988863e-01	-1.622541e+00
1.907249e+14	9.980133e-01	-1.826862e+00
1.907006e+14	9.967103e-01	-2.031151e+00
1.906763e+14	9.949024e-01	-2.235288e+00
1.906521e+14	9.925562e-01	-2.439109e+00
1.906278e+14	9.896964e-01	-2.642429e+00
1.906035e+14	9.864156e-01	-2.845060e+00
1.905792e+14	9.828747e-01	-3.046837e+00
1.905550e+14	9.792921e-01	3.035538e+00
1.905307e+14	9.759249e-01	2.835739e+00
1.905065e+14	9.730428e-01	2.636906e+00
1.904822e+14	9.709007e-01	2.438907e+00
1.904580e+14	9.697117e-01	2.241524e+00
1.904338e+14	9.696232e-01	2.044470e+00
1.904096e+14	9.706992e-01	1.847413e+00
1.903853e+14	9.729071e-01	1.650001e+00
1.903611e+14	9.761127e-01	1.451899e+00
1.903369e+14	9.800827e-01	1.252822e+00
1.903127e+14	9.844981e-01	1.052566e+00
1.902885e+14	9.889776e-01	8.510400e-01
1.902644e+14	9.931136e-01	6.482783e-01
1.902402e+14	9.965164e-01	4.444494e-01
1.902160e+14	9.988630e-01	2.398415e-01
1.901918e+14	9.999396e-01	3.483290e-02
1.901677e+14	9.996722e-01	-1.701514e-01
1.901435e+14	9.981351e-01	-3.746908e-01
1.901194e+14	9.955376e-01	-5.784188e-01
1.900952e+14	9.921909e-01	-7.810625e-01
1.900711e+14	9.884637e-01	-9.824677e-01
1.900470e+14	9.847355e-01	-1.182606e+00
1.900228e+14	9.813548e-01	-1.381568e+00
1.899987e+14	9.786077e-01	-1.579539e+00
1.899746e+14	9.766981e-01	-1.776775e+00
1.899505e+14	9.757384e-01	-1.973571e+00
1.899264e+14	9.757504e-01	-2.170226e+00
1.899023e+14	9.766729e-01	-2.367021e+00
1.898782e+14	9.783759e-01	-2.564189e+00
1.898542e+14	9.806782e-01	-2.761906e+00
1.898301e+14	9.833690e-01	-2.960272e+00
1.898060e+14	9.862302e-01	3.123868e+00
1.897819e+14	9.890580e-01	2.924181e+00
1.897579e+14	9.916815e-01	2.723945e+00
1.897338e+14	9.939761e-01	2.523287e+00
1.897098e+14	9.958694e-01	2.322355e+00
1.896858e+14	9.973400e-01	2.121293e+00
1.896617e+14	9.984102e-01	1.920227e+00
1.896377e+14	9.991338e-01	1.719258e+00
1.896137e+14	9.995821e-01	1.518449e+00
1.895897e+14	9.998307e-01	1.317837e+00
1.895657e+14	9.999486e-01	1.117426e+00
1.895417e+14	9.999916e-01	9.172058e-01
1.895177e+14	9.999990e-01	7.171510e-01
1.894937e+14	9.999948e-01	5.172347e-01
1.894697e+14	9.999902e-01	3.174313e-01
1.894457e+14	9.999886e-01	1.177200e-01
1.894217e+14	9.999890e-01	-8.191523e-02
1.893978e+14	9.999893e-01	-2.814866e-01
1.893738e+14	9.999874e-01	-4.810052e-01
1.893499e+14	9.999805e-01	-6.804833e-01
1.893259e+14	9.999626e-01	-8.799354e-01
1.893020e+14	9.999216e-01	-1.079378e+00
1.892780e+14	9.998370e-01	-1.278825e+00
1.892541e+14	9.996782e-01	-1.478287e+00
1.892302e+14	9.994061e-01	-1.677763e+00
1.892063e+14	9.989763e-01	-1.877236e+00
1.891824e+14	9.983457e-01	-2.076672e+00
1.891585e+14	9.974801e-01	-2.276013e+00
1.891346e+14	9.963632e-01	-2.475187e+00
1.891107e+14	9.950038e-01	-2.674108e+00
1.890868e+14	9.934411e-01	-2.872691e+00
1.890629e+14	9.917455e-01	-3.070857e+00
1.890390e+14	9.900162e-01	3.014636e+00
1.890152e+14	9.883725e-01	2.817443e+00
1.889913e+14	9.869440e-01	2.620737e+00
1.889674e+14	9.858565e-01	2.424459e+00
1.889436e+14	9.852189e-01	2.228514e+00
1.889197e+14	9.851096e-01	2.032769e+00
1.888959e+14	9.855668e-01	1.837065e+00
1.888721e+14	9.865806e-01	1.641234e+00
1.888482e+14	9.880902e-01	1.445113e+00
1.888244e+14	9.899859e-01	1.248561e+00
1.888006e+14	9.921161e-01	1.051476e+00
1.887768e+14	9.942997e-01	8.538060e-01
1.887530e+14	9.963430e-01	6.555586e-01
1.887292e+14	9.980595e-01	4.568031e-01
1.887054e+14	9.992908e-01	2.576650e-01
1.886816e+14	9.999252e-01	5.831426e-02
1.886578e+14	9.999109e-01	-1.410528e-01
1.886341e+14	9.992624e-01	-3.402347e-01
1.886103e+14	9.980574e-01	-5.390467e-01
1.885865e+14	9.964269e-01	-7.373403e-01
1.885628e+14	9.945379e-01	-9.350171e-01
1.885390e+14	9.925744e-01	-1.132037e+00
1.885153e+14	9.907168e-01	-1.328417e+00
1.884916e+14	9.891247e-01	-1.524229e+00
1.884678e+14	9.879230e-01	-1.719584e+00
1.884441e+14	9.871936e-01	-1.914624e+00
1.884204e+14	9.869714e-01	-2.109501e+00
1.883967e+14	9.872458e-01	-2.304363e+00
1.883730e+14	9.879658e-01	-2.499345e+00
1.883493e+14	9.890483e-01	-2.694551e+00
1.883256e+14	9.903890e-01	-2.890052e+00
1.883019e+14	9.918746e-01	-3.085883e+00
1.882782e+14	9.933938e-01	3.001145e+00
1.882545e+14	9.948486e-01	2.804695e+00
1.882309e+14	9.961616e-01	2.608010e+00
1.882072e+14	9.972813e-01	2.411160e+00
1.881835e+14	9.981828e-01	2.214222e+00
1.881599e+14	9.988656e-01	2.017267e+00
1.881362e+14	9.993489e-01	1.820355e+00
1.881126e+14	9.996650e-01	1.623530e+00
1.880890e+14	9.998522e-01	1.426820e+00
1.880653e+14	9.999490e-01	1.230237e+00
1.880417e+14	9.999893e-01	1.033781e+00
1.880181e+14	9.999993e-01	8.374423e-01
1.879945e+14	9.999968e-01	6.412074e-01
1.879709e+14	9.999920e-01	4.450620e-01
1.879473e+14	9.999891e-01	2.489929e-01
1.879237e+14	9.999886e-01	5.298977e-02
1.879001e+14	9.999893e-01	-1.429551e-01
1.878765e+14	9.999897e-01	-3.388479e-01
1.878529e+14	9.999884e-01	-5.346941e-01
1.878294e+14	9.999836e-01	-7.305002e-01
1.878058e+14	9.999715e-01	-9.262738e-01
1.877822e+14	9.999454e-01	-1.122023e+00
1.877587e+14	9.998936e-01	-1.317757e+00
1.877351e+14	9.997995e-01	-1.513479e+00
1.877116e+14	9.996414e-01	-1.709189e+00
1.876881e+14	9.993951e-01	-1.904879e+00
1.876645e+14	9.990368e-01	-2.100528e+00
1.876410e+14	9.985472e-01	-2.296106e+00
1.876175e+14	9.979164e-01	-2.491573e+00
1.875940e+14	9.971477e-01	-2.686884e+00
1.875705e+14	9.962606e-01	-2.881988e+00
1.875470e+14	9.952921e-01	-3.076843e+00
1.875235e+14	9.942954e-01	3.011771e+00
1.875000e+14	9.933361e-01	2.817502e+00
("port 2","TE",1,"port 2",1,"modulation")
(1,1)
0.00071
(500,3)
2.000000e+14	2.617487e-03	2.952902e+00
1.999733e+14	1.549909e-03	-1.875359e+00
1.999466e+14	5.922897e-03	-1.330868e+00
1.999199e+14	1.270140e-02	-1.426901e+00
1.998932e+14	2.154899e-02	-1.600713e+00
1.998665e+14	3.237780e-02	-1.797813e+00
1.998398e+14	4.499354e-02	-2.004868e+00
1.998131e+14	5.907734e-02	-2.217003e+00
1.997865e+14	7.419338e-02	-2.431975e+00
1.997598e+14	8.980733e-02	-2.648573e+00
1.997332e+14	1.053125e-01	-2.866060e+00
1.997065e+14	1.200610e-01	-3.083960e+00
1.996799e+14	1.333971e-01	2.981228e+00
1.996532e+14	1.446886e-01	2.763324e+00
1.996266e+14	1.533548e-01	2.545599e+00
1.996000e+14	1.588889e-01	2.328050e+00
1.995734e+14	1.608749e-01	2.110600e+00
1.995468e+14	1.590013e-01	1.893115e+00
1.995202e+14	1.530720e-01	1.675434e+00
1.994936e+14	1.430175e-01	1.457399e+00
1.994670e+14	1.289065e-01	1.238895e+00
1.994404e+14	1.109574e-01	1.019906e+00
1.994139e+14	8.954621e-02	8.006070e-01
1.993873e+14	6.520825e-02	5.816319e-01
1.993608e+14	3.862826e-02	3.654356e-01
1.993342e+14	1.062211e-02	1.795227e-01
1.993077e+14	1.795559e-02	3.019097e+00
1.992812e+14	4.612024e-02	2.814961e+00
1.992546e+14	7.299532e-02	2.597391e+00
1.992281e+14	9.774564e-02	2.378035e+00
1.992016e+14	1.196549e-01	2.158576e+00
1.991751e+14	1.381513e-01	1.939501e+00
1.991486e+14	1.528202e-01	1.720926e+00
1.991221e+14	1.634052e-01	1.502795e+00
1.990956e+14	1.698023e-01	1.284947e+00
1.990691e+14	1.720490e-01	1.067164e+00
1.990427e+14	1.703153e-01	8.492117e-01
1.990162e+14	1.648933e-01	6.308634e-01
1.989898e+14	1.561882e-01	4.119238e-01
1.989633e+14	1.447069e-01	1.922413e-01
1.989369e+14	1.310422e-01	-2.829096e-02
1.989104e+14	1.158510e-01	-2.497455e-01
1.988840e+14	9.982581e-02	-4.721817e-01
1.988576e+14	8.366006e-02	-6.956789e-01
1.988312e+14	6.801095e-02	-9.203771e-01
1.988048e+14	5.346277e-02	-1.146525e+00
1.987784e+14	4.049455e-02	-1.374519e+00
1.987520e+14	2.945503e-02	-1.604894e+00
1.987256e+14	2.054626e-02	-1.838106e+00
1.986992e+14	1.381623e-02	-2.073588e+00
1.986729e+14	9.160158e-03	-2.306888e+00
1.986465e+14	6.331684e-03	-2.524791e+00
1.986201e+14	4.967306e-03	-2.709592e+00
1.985938e+14	4.613302e-03	-2.865451e+00
1.985674e+14	4.736539e-03	-3.016721e+00
1.985411e+14	4.752424e-03	3.115805e+00
1.985148e+14	4.084330e-03	3.000343e+00
1.984885e+14	2.327527e-03	3.130157e+00
1.984622e+14	2.484526e-03	-1.524077e+00
1.984358e+14	8.158717e-03	-1.275943e+00
1.984095e+14	1.661527e-02	-1.391715e+00
1.983832e+14	2.776090e-02	-1.567581e+00
1.983570e+14	4.154755e-02	-1.763633e+00
1.983307e+14	5.777496e-02	-1.968827e+00
1.983044e+14	7.607383e-02	-2.178840e+00
1.982781e+14	9.591373e-02	-2.391563e+00
1.982519e+14	1.166258e-01	-2.605785e+00
1.982256e+14	1.374375e-01	-2.820715e+00
1.981994e+14	1.575157e-01	-3.035805e+00
1.981732e+14	1.760125e-01	3.032514e+00
1.981469e+14	1.921086e-01	2.818108e+00
1.981207e+14	2.050473e-01	2.604265e+00
1.980945e+14	2.141599e-01	2.390953e+00
1.980683e+14	2.188796e-01	2.178021e+00
1.980421e+14	2.187497e-01	1.965217e+00
1.980159e+14	2.134298e-01	1.752225e+00
1.979897e+14	2.027058e-01	1.538698e+00
1.979635e+14	1.865063e-01	1.324313e+00
1.979373e+14	1.649276e-01	1.108833e+00
1.979112e+14	1.382642e-01	8.921776e-01
1.978850e+14	1.070375e-01	6.745523e-01
1.978588e+14	7.201240e-02	4.568493e-01
1.978327e+14	3.418997e-02	2.436242e-01
1.978066e+14	5.266467e-03	3.052280e+00
1.977804e+14	4.496046e-02	2.915856e+00
1.977543e+14	8.362113e-02	2.699928e+00
1.977282e+14	1.199642e-01	2.481589e+00
1.977021e+14	1.528862e-01	2.263645e+00
1.976760e+14	1.815016e-01	2.046821e+00
1.976499e+14	2.051641e-01	1.831305e+00
1.976238e+14	2.234591e-01	1.617011e+00
1.975977e+14	2.361793e-01	1.403671e+00
1.975716e+14	2.432944e-01	1.190903e+00
1.975455e+14	2.449254e-01	9.782675e-01
1.975195e+14	2.413278e-01	7.653184e-01
1.974934e+14	2.328838e-01	5.516493e-01
1.974674e+14	2.201016e-01	3.369258e-01
1.974413e+14	2.036154e-01	1.209068e-01
1.974153e+14	1.841799e-01	-9.655167e-02
1.973892e+14	1.626532e-01	-3.155105e-01
1.973632e+14	1.399642e-01	-5.359818e-01
1.973372e+14	1.170662e-01	-7.579820e-01
1.973112e+14	9.488055e-02	-9.816029e-01
1.972852e+14	7.423798e-02	-1.207099e+00
1.972592e+14	5.582545e-02	-1.434988e+00
1.972332e+14	4.014524e-02	-1.666146e+00
1.972072e+14	2.748886e-02	-1.901775e+00
1.971812e+14	1.792569e-02	-2.142725e+00
1.971553e+14	1.130401e-02	-2.386321e+00
1.971293e+14	7.264333e-03	-2.617329e+00
1.971034e+14	5.276103e-03	-2.802957e+00
1.970774e+14	4.693664e-03	-2.933993e+00
1.970515e+14	4.763010e-03	-3.049716e+00
1.970255e+14	4.639749e-03	3.124630e+00
1.969996e+14	3.522168e-03	3.114243e+00
1.969737e+14	1.836117e-03	-2.203472e+00
1.969478e+14	6.420280e-03	-1.224428e+00
1.969219e+14	1.556283e-02	-1.253173e+00
1.968960e+14	2.861904e-02	-1.404922e+00
1.968701e+14	4.574556e-02	-1.590558e+00
1.968442e+14	6.691277e-02	-1.790298e+00
1.968183e+14	9.182759e-02	-1.997217e+00
1.967924e+14	1.199178e-01	-2.208134e+00
1.967666e+14	1.503466e-01	-2.421229e+00
1.967407e+14	1.820569e-01	-2.635263e+00
1.967148e+14	2.138429e-01	-2.849283e+00
1.966890e+14	2.444370e-01	-3.062541e+00
1.966632e+14	2.725987e-01	3.008704e+00
1.966373e+14	2.971846e-01	2.798418e+00
1.966115e+14	3.171904e-01	2.589883e+00
1.965857e+14	3.317603e-01	2.382947e+00
1.965599e+14	3.401700e-01	2.177216e+00
1.965341e+14	3.417951e-01	1.972087e+00
1.965083e+14	3.360804e-01	1.766791e+00
1.964825e+14	3.225234e-01	1.560459e+00
1.964567e+14	3.006879e-01	1.352199e+00
1.964309e+14	2.702572e-01	1.141200e+00
1.964051e+14	2.311354e-01	9.268609e-01
1.963794e+14	1.835897e-01	7.089571e-01
1.963536e+14	1.284076e-01	4.879252e-01
1.963279e+14	6.701602e-02	2.660874e-01
1.963021e+14	1.566078e-03	3.475793e-01
1.962764e+14	6.559426e-02	2.937610e+00
1.962507e+14	1.314493e-01	2.714294e+00
1.962249e+14	1.934652e-01	2.490893e+00
1.961992e+14	2.495035e-01	2.270442e+00
1.961735e+14	2.980676e-01	2.053946e+00
1.961478e+14	3.383016e-01	1.841629e+00
1.961221e+14	3.698718e-01	1.633169e+00
1.960964e+14	3.928012e-01	1.427853e+00
1.960707e+14	4.073148e-01	1.224708e+00
1.960450e+14	4.137272e-01	1.022625e+00
1.960194e+14	4.123816e-01	8.204591e-01
1.959937e+14	4.036365e-01	6.171183e-01
1.959681e+14	3.878942e-01	4.116374e-01
1.959424e+14	3.656584e-01	2.032426e-01
1.959168e+14	3.376064e-01	-8.597094e-03
1.958911e+14	3.046578e-01	-2.241420e-01
1.958655e+14	2.680139e-01	-4.433908e-01
1.958399e+14	2.291449e-01	-6.661393e-01
1.958143e+14	1.897129e-01	-8.920979e-01
1.957886e+14	1.514375e-01	-1.121066e+00
1.957630e+14	1.159315e-01	-1.353163e+00
1.957374e+14	8.454387e-02	-1.589117e+00
1.957119e+14	5.824207e-02	-1.830644e+00
1.956863e+14	3.754533e-02	-2.080873e+00
1.956607e+14	2.250365e-02	-2.344055e+00
1.956351e+14	1.270341e-02	-2.619790e+00
1.956096e+14	7.288020e-03	-2.875301e+00
1.955840e+14	5.070872e-03	-3.018256e+00
1.955585e+14	4.736164e-03	-3.047825e+00
1.955329e+14	4.694321e-03	-3.054913e+00
1.955074e+14	3.386915e-03	-2.827787e+00
1.954818e+14	4.438797e-03	-1.420637e+00
1.954563e+14	1.488906e-02	-1.125192e+00
1.954308e+14	3.316387e-02	-1.222476e+00
1.954053e+14	6.020166e-02	-1.396432e+00
1.953798e+14	9.685244e-02	-1.598613e+00
1.953543e+14	1.433165e-01	-1.815135e+00
1.953288e+14	1.988846e-01	-2.040151e+00
1.953033e+14	2.617831e-01	-2.270065e+00
1.952779e+14	3.292261e-01	-2.501790e+00
1.952524e+14	3.977556e-01	-2.732276e+00
1.952269e+14	4.638227e-01	-2.958594e+00
1.952015e+14	5.244016e-01	3.104928e+00
1.951760e+14	5.773925e-01	2.893648e+00
1.951506e+14	6.216932e-01	2.691556e+00
1.951251e+14	6.569945e-01	2.498557e+00
1.950997e+14	6.834452e-01	2.313767e+00
1.950743e+14	7.013088e-01	2.135671e+00
1.950489e+14	7.106646e-01	1.962206e+00
1.950234e+14	7.111364e-01	1.790771e+00
1.949980e+14	7.015911e-01	1.618106e+00
1.949726e+14	6.797168e-01	1.440034e+00
1.949473e+14	6.413656e-01	1.251038e+00
1.949219e+14	5.795743e-01	1.043718e+00
1.948965e+14	4.835001e-01	8.084573e-01
1.948711e+14	3.389403e-01	5.346077e-01
1.948458e+14	1.355821e-01	2.171241e-01
1.948204e+14	1.142151e-01	2.995214e+00
1.947951e+14	3.643469e-01	2.638653e+00
1.947697e+14	5.663212e-01	2.312400e+00
1.947444e+14	7.060390e-01	2.035934e+00
1.947190e+14	7.958760e-01	1.806984e+00
1.946937e+14	8.527832e-01	1.615551e+00
1.946684e+14	8.893350e-01	1.451701e+00
1.946431e+14	9.133766e-01	1.307727e+00
1.946178e+14	9.295675e-01	1.178068e+00
1.945925e+14	9.406691e-01	1.058749e+00
1.945672e+14	9.483414e-01	9.468822e-01
1.945419e+14	9.535990e-01	8.402972e-01
1.945166e+14	9.570663e-01	7.372910e-01
1.944914e+14	9.591212e-01	6.364551e-01
1.944661e+14	9.599745e-01	5.365527e-01
1.944408e+14	9.597124e-01	4.364236e-01
1.944156e+14	9.583133e-01	3.349041e-01
1.943903e+14	9.556454e-01	2.307499e-01
1.943651e+14	9.514445e-01	1.225524e-01
1.943399e+14	9.452675e-01	8.638578e-03
1.943146e+14	9.364108e-01	-1.130560e-01
1.942894e+14	9.237742e-01	-2.451516e-01
1.942642e+14	9.056456e-01	-3.910332e-01
1.942390e+14	8.793792e-01	-5.550895e-01
1.942138e+14	8.409888e-01	-7.429110e-01
1.941886e+14	7.848619e-01	-9.612408e-01
1.941634e+14	7.043171e-01	-1.217282e+00
1.941382e+14	5.944901e-01	-1.517112e+00
1.941131e+14	4.584734e-01	-1.864828e+00
1.940879e+14	3.128326e-01	-2.269578e+00
1.940627e+14	1.846644e-01	-2.776553e+00
1.940376e+14	1.025950e-01	2.764828e+00
1.940124e+14	7.932647e-02	1.905410e+00
1.939873e+14	7.875445e-02	1.541942e+00
1.939622e+14	9.205597e-02	1.744512e+00
1.939370e+14	1.591266e-01	1.954516e+00
1.939119e+14	2.781990e-01	1.877347e+00
1.938868e+14	4.218023e-01	1.666140e+00
1.938617e+14	5.618579e-01	1.414834e+00
1.938366e+14	6.786708e-01	1.166419e+00
1.938115e+14	7.661376e-01	9.394573e-01
1.937864e+14	8.277518e-01	7.387433e-01
1.937613e+14	8.700696e-01	5.624260e-01
1.937362e+14	8.990361e-01	4.064372e-01
1.937112e+14	9.190087e-01	2.665712e-01
1.936861e+14	9.329199e-01	1.391974e-01
1.936611e+14	9.426789e-01	2.137495e-02
1.936360e+14	9.495161e-01	-8.923774e-02
1.936110e+14	9.542215e-01	-1.945167e-01
1.935859e+14	9.572972e-01	-2.959979e-01
1.935609e+14	9.590502e-01	-3.949818e-01
1.935359e+14	9.596472e-01	-4.926190e-01
1.935109e+14	9.591429e-01	-5.899829e-01
1.934858e+14	9.574880e-01	-6.881378e-01
1.934608e+14	9.545197e-01	-7.882081e-01
1.934358e+14	9.499308e-01	-8.914587e-01
1.934109e+14	9.432077e-01	-9.993991e-01
1.933859e+14	9.335196e-01	-1.113925e+00
1.933609e+14	9.195220e-01	-1.237522e+00
1.933359e+14	8.990097e-01	-1.373566e+00
1.933110e+14	8.683097e-01	-1.526742e+00
1.932860e+14	8.212702e-01	-1.703561e+00
1.932610e+14	7.478473e-01	-1.912712e+00
1.932361e+14	6.332868e-01	-2.164209e+00
1.932112e+14	4.621011e-01	-2.464827e+00
1.931862e+14	2.338416e-01	-2.808043e+00
1.931613e+14	1.845378e-02	6.459708e-05
1.931364e+14	2.440777e-01	-3.535167e-01
1.931115e+14	4.148837e-01	-6.464082e-01
1.930865e+14	5.324624e-01	-8.970755e-01
1.930616e+14	6.098968e-01	-1.115038e+00
1.930368e+14	6.594805e-01	-1.310425e+00
1.930119e+14	6.897691e-01	-1.491480e+00
1.929870e+14	7.061041e-01	-1.664424e+00
1.929621e+14	7.116261e-01	-1.833929e+00
1.929372e+14	7.080481e-01	-2.003595e+00
1.929124e+14	6.961589e-01	-2.176286e+00
1.928875e+14	6.761549e-01	-2.354316e+00
1.928627e+14	6.478953e-01	-2.539527e+00
1.928378e+14	6.111483e-01	-2.733272e+00
1.928130e+14	5.658683e-01	-2.936322e+00
1.927882e+14	5.125045e-01	3.134429e+00
1.927633e+14	4.522792e-01	2.913283e+00
1.927385e+14	3.873230e-01	2.684791e+00
1.927137e+14	3.205524e-01	2.450757e+00
1.926889e+14	2.552703e-01	2.213004e+00
1.926641e+14	1.946164e-01	1.972851e+00
1.926393e+14	1.410769e-01	1.730560e+00
1.926145e+14	9.621271e-02	1.484638e+00
1.925897e+14	6.063334e-02	1.230373e+00
1.925650e+14	3.413897e-02	9.551845e-01
1.925402e+14	1.594700e-02	6.175138e-01
1.925154e+14	5.122471e-03	-2.295286e-02
1.924907e+14	3.069140e-03	-1.862018e+00
1.924659e+14	4.564877e-03	-2.628217e+00
1.924412e+14	4.752264e-03	-3.066361e+00
1.924165e+14	4.901099e-03	2.804534e+00
1.923917e+14	6.499677e-03	2.482567e+00
1.923670e+14	1.076433e-02	2.287174e+00
1.923423e+14	1.881553e-02	2.129852e+00
1.923176e+14	3.153839e-02	1.962960e+00
1.922929e+14	4.943998e-02	1.781245e+00
1.922682e+14	7.262580e-02	1.588638e+00
1.922435e+14	1.007942e-01	1.388935e+00
1.922188e+14	1.332445e-01	1.184815e+00
1.921941e+14	1.689162e-01	9.781970e-01
1.921694e+14	2.064682e-01	7.705708e-01
1.921448e+14	2.443960e-01	5.631595e-01
1.921201e+14	2.811697e-01	3.569639e-01
1.920955e+14	3.153626e-01	1.527446e-01
1.920708e+14	3.457465e-01	-4.901467e-02
1.920462e+14	3.713360e-01	-2.481302e-01
1.920215e+14	3.913835e-01	-4.447185e-01
1.919969e+14	4.053370e-01	-6.391715e-01
1.919723e+14	4.127815e-01	-8.321129e-01
1.919477e+14	4.133802e-01	-1.024345e+00
1.919231e+14	4.068295e-01	-1.216786e+00
1.918985e+14	3.928392e-01	-1.410407e+00
1.918739e+14	3.711447e-01	-1.606160e+00
1.918493e+14	3.415558e-01	-1.804895e+00
1.918247e+14	3.040462e-01	-2.007273e+00
1.918001e+14	2.588741e-01	-2.213676e+00
1.917756e+14	2.067148e-01	-2.424141e+00
1.917510e+14	1.487637e-01	-2.638395e+00
1.917264e+14	8.675829e-02	-2.856306e+00
1.917019e+14	2.288099e-02	-3.085927e+00
1.916773e+14	4.047379e-02	-1.357711e-01
1.916528e+14	1.009542e-01	-3.573805e-01
1.916283e+14	1.565614e-01	-5.722563e-01
1.916037e+14	2.057930e-01	-7.832181e-01
1.915792e+14	2.476971e-01	-9.904711e-01
1.915547e+14	2.818131e-01	-1.194269e+00
1.915302e+14	3.080569e-01	-1.395096e+00
1.915057e+14	3.265974e-01	-1.593627e+00
1.914812e+14	3.377531e-01	-1.790647e+00
1.914567e+14	3.419242e-01	-1.986975e+00
1.914322e+14	3.395581e-01	-2.183397e+00
1.914077e+14	3.311445e-01	-2.380614e+00
1.913833e+14	3.172289e-01	-2.579200e+00
1.913588e+14	2.984375e-01	-2.779577e+00
1.913344e+14	2.755001e-01	-2.982001e+00
1.913099e+14	2.492636e-01	3.096615e+00
1.912855e+14	2.206865e-01	2.889935e+00
1.912610e+14	1.908097e-01	2.681258e+00
1.912366e+14	1.607066e-01	2.470709e+00
1.912122e+14	1.314184e-01	2.258316e+00
1.911877e+14	1.038867e-01	2.043879e+00
1.911633e+14	7.889470e-02	1.826751e+00
1.911389e+14	5.702615e-02	1.605434e+00
1.911145e+14	3.864462e-02	1.376606e+00
1.910901e+14	2.389409e-02	1.132215e+00
1.910657e+14	1.272185e-02	8.477182e-01
1.910413e+14	4.974308e-03	4.010496e-01
1.910170e+14	1.798198e-03	-1.282716e+00
1.909926e+14	3.636092e-03	-2.363598e+00
1.909682e+14	4.626946e-03	-2.748840e+00
1.909439e+14	4.754733e-03	-3.058503e+00
1.909195e+14	4.694418e-03	2.921054e+00
1.908952e+14	5.145477e-03	2.631936e+00
1.908708e+14	6.733738e-03	2.393321e+00
1.908465e+14	1.000264e-02	2.201889e+00
1.908222e+14	1.541795e-02	2.026543e+00
1.907979e+14	2.332307e-02	1.849363e+00
1.907735e+14	3.390502e-02	1.666110e+00
1.907492e+14	4.718243e-02	1.477335e+00
1.907249e+14	6.300281e-02	1.284435e+00
1.907006e+14	8.104701e-02	1.088656e+00
1.906763e+14	1.008427e-01	8.909639e-01
1.906521e+14	1.217874e-01	6.921027e-01
1.906278e+14	1.431818e-01	4.926590e-01
1.906035e+14	1.642688e-01	2.930986e-01
1.905792e+14	1.842753e-01	9.378120e-02
1.905550e+14	2.024524e-01	-1.050397e-01
1.905307e+14	2.181070e-01	-3.032204e-01
1.905065e+14	2.306246e-01	-5.007302e-01
1.904822e+14	2.394823e-01	-6.976473e-01
1.904580e+14	2.442525e-01	-8.941488e-01
1.904338e+14	2.446033e-01	-1.090492e+00
1.904096e+14	2.402978e-01	-1.286988e+00
1.903853e+14	2.311964e-01	-1.483975e+00
1.903611e+14	2.172650e-01	-1.681783e+00
1.903369e+14	1.985896e-01	-1.880701e+00
1.903127e+14	1.753951e-01	-2.080951e+00
1.902885e+14	1.480650e-01	-2.282675e+00
1.902644e+14	1.171555e-01	-2.485955e+00
1.902402e+14	8.339653e-02	-2.690956e+00
1.902160e+14	4.767390e-02	-2.898767e+00
1.901918e+14	1.099292e-02	-3.128840e+00
1.901677e+14	2.560334e-02	-1.458501e-01
1.901435e+14	6.104308e-02	-3.586436e-01
1.901194e+14	9.436520e-02	-5.646435e-01
1.900952e+14	1.247284e-01	-7.684720e-01
1.900711e+14	1.514579e-01	-9.707086e-01
1.900470e+14	1.740576e-01	-1.171548e+00
1.900228e+14	1.922052e-01	-1.371175e+00
1.899987e+14	2.057350e-01	-1.569828e+00
1.899746e+14	2.146178e-01	-1.767796e+00
1.899505e+14	2.189395e-01	-1.965401e+00
1.899264e+14	2.188862e-01	-2.162972e+00
1.899023e+14	2.147323e-01	-2.360817e+00
1.898782e+14	2.068346e-01	-2.559206e+00
1.898542e+14	1.956277e-01	-2.758358e+00
1.898301e+14	1.816186e-01	-2.958430e+00
1.898060e+14	1.653783e-01	3.123656e+00
1.897819e+14	1.475274e-01	2.921465e+00
1.897579e+14	1.287158e-01	2.718127e+00
1.897338e+14	1.095967e-01	2.513559e+00
1.897098e+14	9.079753e-02	2.307587e+00
1.896858e+14	7.289044e-02	2.099849e+00
1.896617e+14	5.636616e-02	1.889624e+00
1.896377e+14	4.161352e-02	1.675485e+00
1.896137e+14	2.890634e-02	1.454428e+00
1.895897e+14	1.839898e-02	1.219286e+00
1.895657e+14	1.013410e-02	9.482011e-01
1.895417e+14	4.100518e-03	5.310884e-01
1.895177e+14	1.405684e-03	-1.182673e+00
1.894937e+14	3.234486e-03	-2.285780e+00
1.894697e+14	4.416282e-03	-2.644955e+00
1.894457e+14	4.769909e-03	-2.922917e+00
1.894217e+14	4.693369e-03	3.095326e+00
1.893978e+14	4.631465e-03	2.829709e+00
1.893738e+14	5.018700e-03	2.574516e+00
1.893499e+14	6.246221e-03	2.349823e+00
1.893259e+14	8.653026e-03	2.155393e+00
1.893020e+14	1.252122e-02	1.974600e+00
1.892780e+14	1.805557e-02	1.795081e+00
1.892541e+14	2.536578e-02	1.612409e+00
1.892302e+14	3.445850e-02	1.426039e+00
1.892063e+14	4.523557e-02	1.236583e+00
1.891824e+14	5.749665e-02	1.044808e+00
1.891585e+14	7.094663e-02	8.513749e-01
1.891346e+14	8.520787e-02	6.568111e-01
1.891107e+14	9.983702e-02	4.615284e-01
1.890868e+14	1.143454e-01	2.658492e-01
1.890629e+14	1.282216e-01	7.002129e-02
1.890390e+14	1.409539e-01	-1.257747e-01
1.890152e+14	1.520519e-01	-3.214222e-01
1.889913e+14	1.610638e-01	-5.168675e-01
1.889674e+14	1.675914e-01	-7.121164e-01
1.889436e+14	1.713003e-01	-9.072294e-01
1.889197e+14	1.719273e-01	-1.102312e+00
1.888959e+14	1.692867e-01	-1.297504e+00
1.888721e+14	1.632749e-01	-1.492962e+00
1.888482e+14	1.538757e-01	-1.688848e+00
1.888244e+14	1.411662e-01	-1.885310e+00
1.888006e+14	1.253221e-01	-2.082476e+00
1.887768e+14	1.066211e-01	-2.280457e+00
1.887530e+14	8.544397e-02	-2.479381e+00
1.887292e+14	6.226812e-02	-2.679545e+00
1.887054e+14	3.765568e-02	-2.882189e+00
1.886816e+14	1.223439e-02	-3.099994e+00
1.886578e+14	1.334802e-02	-1.056590e-01
1.886341e+14	3.840159e-02	-3.212957e-01
1.886103e+14	6.230048e-02	-5.236526e-01
1.885865e+14	8.445984e-02	-7.236221e-01
1.885628e+14	1.043758e-01	-9.223854e-01
1.885390e+14	1.216389e-01	-1.120259e+00
1.885153e+14	1.359417e-01	-1.317402e+00
1.884916e+14	1.470792e-01	-1.513959e+00
1.884678e+14	1.549453e-01	-1.710086e+00
1.884441e+14	1.595267e-01	-1.905955e+00
1.884204e+14	1.608957e-01	-2.101749e+00
1.883967e+14	1.592033e-01	-2.297647e+00
1.883730e+14	1.546727e-01	-2.493814e+00
1.883493e+14	1.475925e-01	-2.690397e+00
1.883256e+14	1.383096e-01	-2.887518e+00
1.883019e+14	1.272195e-01	-3.085276e+00
1.882782e+14	1.147551e-01	2.999425e+00
1.882545e+14	1.013723e-01	2.800125e+00
1.882309e+14	8.753334e-02	2.599884e+00
1.882072e+14	7.368874e-02	2.398507e+00
1.881835e+14	6.025920e-02	2.195652e+00
1.881599e+14	4.761856e-02	1.990705e+00
1.881362e+14	3.607958e-02	1.782513e+00
1.881126e+14	2.588326e-02	1.568761e+00
1.880890e+14	1.719296e-02	1.344165e+00
1.880653e+14	1.009524e-02	1.093752e+00
1.880417e+14	4.623879e-03	7.528650e-01
1.880181e+14	1.209375e-03	-4.154589e-01
1.879945e+14	2.539070e-03	-2.104133e+00
1.879709e+14	4.005440e-03	-2.499897e+00
1.879473e+14	4.672172e-03	-2.771508e+00
1.879237e+14	4.776345e-03	-3.018595e+00
1.879001e+14	4.623192e-03	3.020404e+00
1.878765e+14	4.531439e-03	2.774669e+00
1.878529e+14	4.809255e-03	2.535960e+00
1.878294e+14	5.735270e-03	2.318103e+00
1.878058e+14	7.550287e-03	2.123088e+00
1.877822e+14	1.045228e-02	1.940679e+00
1.877587e+14	1.458459e-02	1.761170e+00
1.877351e+14	2.002456e-02	1.580073e+00
1.877116e+14	2.677767e-02	1.396267e+00
1.876881e+14	3.477604e-02	1.209925e+00
1.876645e+14	4.388007e-02	1.021554e+00
1.876410e+14	5.388322e-02	8.316606e-01
1.876175e+14	6.451970e-02	6.406666e-01
1.875940e+14	7.547506e-02	4.489088e-01
1.875705e+14	8.639910e-02	2.566499e-01
1.875470e+14	9.692043e-02	6.409219e-02
1.875235e+14	1.066616e-01	-1.286136e-01
1.875000e+14	1.152539e-01	-3.213633e-01
