("port 1","TE",1,"port 1",1,"modulation")
(1,1)
0.00571
(500,3)
2.000000e+14	6.133115e-03	-2.380744e+00
1.999733e+14	4.811067e-03	-2.576069e+00
1.999466e+14	4.390319e-03	-2.750128e+00
1.999199e+14	4.484093e-03	-2.919905e+00
1.998932e+14	4.659917e-03	-3.092957e+00
1.998665e+14	4.474462e-03	3.025896e+00
1.998398e+14	3.518888e-03	2.916086e+00
1.998131e+14	1.646018e-03	-3.070217e+00
1.997865e+14	2.951608e-03	-1.428314e+00
1.997598e+14	8.302968e-03	-1.353798e+00
1.997332e+14	1.571094e-02	-1.496039e+00
1.997065e+14	2.508542e-02	-1.681831e+00
1.996799e+14	3.630485e-02	-1.883360e+00
1.996532e+14	4.913288e-02	-2.092252e+00
1.996266e+14	6.321551e-02	-2.305088e+00
1.996000e+14	7.809309e-02	-2.520177e+00
1.995734e+14	9.322099e-02	-2.736556e+00
1.995468e+14	1.079966e-01	-2.953623e+00
1.995202e+14	1.217901e-01	3.112204e+00
1.994936e+14	1.339756e-01	2.894809e+00
1.994670e+14	1.439605e-01	2.677526e+00
1.994404e+14	1.512100e-01	2.460405e+00
1.994139e+14	1.552673e-01	2.243420e+00
1.993873e+14	1.557689e-01	2.026477e+00
1.993608e+14	1.524564e-01	1.809444e+00
1.993342e+14	1.451879e-01	1.592169e+00
1.993077e+14	1.339486e-01	1.374521e+00
1.992812e+14	1.188613e-01	1.156425e+00
1.992546e+14	1.001960e-01	9.379321e-01
1.992281e+14	7.837457e-02	7.193401e-01
1.992016e+14	5.396799e-02	5.016530e-01
1.991751e+14	2.768175e-02	2.896471e-01
1.991486e+14	6.115283e-04	1.076799e+00
1.991221e+14	2.724907e-02	2.950051e+00
1.990956e+14	5.412011e-02	2.738261e+00
1.990691e+14	7.945857e-02	2.520468e+00
1.990427e+14	1.025003e-01	2.301699e+00
1.990162e+14	1.226023e-01	2.083006e+00
1.989898e+14	1.392638e-01	1.864710e+00
1.989633e+14	1.521352e-01	1.646863e+00
1.989369e+14	1.610170e-01	1.429379e+00
1.989104e+14	1.658532e-01	1.212087e+00
1.988840e+14	1.667223e-01	9.947769e-01
1.988576e+14	1.638275e-01	7.772283e-01
1.988312e+14	1.574884e-01	5.592371e-01
1.988048e+14	1.481301e-01	3.406323e-01
1.987784e+14	1.362715e-01	1.212839e-01
1.987520e+14	1.225074e-01	-9.889920e-02
1.987256e+14	1.074850e-01	-3.199825e-01
1.986992e+14	9.187458e-02	-5.420301e-01
1.986729e+14	7.633534e-02	-7.651382e-01
1.986465e+14	6.147986e-02	-9.894764e-01
1.986201e+14	4.784038e-02	-1.215332e+00
1.985938e+14	3.584019e-02	-1.443139e+00
1.985674e+14	2.577228e-02	-1.673429e+00
1.985411e+14	1.778648e-02	-1.906480e+00
1.985148e+14	1.188485e-02	-2.140981e+00
1.984885e+14	7.925408e-03	-2.370465e+00
1.984622e+14	5.636240e-03	-2.579234e+00
1.984358e+14	4.641555e-03	-2.753195e+00
1.984095e+14	4.483005e-03	-2.905318e+00
1.983832e+14	4.630190e-03	-3.057354e+00
1.983570e+14	4.517242e-03	3.079318e+00
1.983307e+14	3.607605e-03	2.990706e+00
1.983044e+14	1.715354e-03	-2.906005e+00
1.982781e+14	3.556063e-03	-1.356309e+00
1.982519e+14	9.791157e-03	-1.294371e+00
1.982256e+14	1.863141e-02	-1.433452e+00
1.981994e+14	3.006089e-02	-1.615729e+00
1.981732e+14	4.400097e-02	-1.814064e+00
1.981469e+14	6.021972e-02	-2.020046e+00
1.981207e+14	7.832427e-02	-2.230164e+00
1.980945e+14	9.777201e-02	-2.442631e+00
1.980683e+14	1.178949e-01	-2.656384e+00
1.980421e+14	1.379341e-01	-2.870723e+00
1.980159e+14	1.570820e-01	-3.085156e+00
1.979897e+14	1.745250e-01	2.983840e+00
1.979635e+14	1.894831e-01	2.770094e+00
1.979373e+14	2.012415e-01	2.556863e+00
1.979112e+14	2.091729e-01	2.344098e+00
1.978850e+14	2.127502e-01	2.131636e+00
1.978588e+14	2.115555e-01	1.919231e+00
1.978327e+14	2.052869e-01	1.706577e+00
1.978066e+14	1.937697e-01	1.493356e+00
1.977804e+14	1.769737e-01	1.279282e+00
1.977543e+14	1.550375e-01	1.064161e+00
1.977282e+14	1.282958e-01	8.479707e-01
1.977021e+14	9.730294e-02	6.310078e-01
1.976760e+14	6.284269e-02	4.144319e-01
1.976499e+14	2.591507e-02	2.054615e-01
1.976238e+14	1.233131e-02	3.066806e+00
1.975977e+14	5.059132e-02	2.876683e+00
1.975716e+14	8.762320e-02	2.660743e+00
1.975455e+14	1.222364e-01	2.443228e+00
1.975195e+14	1.534074e-01	2.226209e+00
1.974934e+14	1.803210e-01	2.010267e+00
1.974674e+14	2.023873e-01	1.795537e+00
1.974413e+14	2.192328e-01	1.581909e+00
1.974153e+14	2.306786e-01	1.369116e+00
1.973892e+14	2.367134e-01	1.156787e+00
1.973632e+14	2.374717e-01	9.445099e-01
1.973372e+14	2.332189e-01	7.318691e-01
1.973112e+14	2.243458e-01	5.184924e-01
1.972852e+14	2.113661e-01	3.040780e-01
1.972592e+14	1.949151e-01	8.841220e-02
1.972332e+14	1.757412e-01	-1.286300e-01
1.972072e+14	1.546858e-01	-3.471014e-01
1.971812e+14	1.326504e-01	-5.670183e-01
1.971553e+14	1.105495e-01	-7.884127e-01
1.971293e+14	8.925766e-02	-1.011402e+00
1.971034e+14	6.955389e-02	-1.236276e+00
1.970774e+14	5.207381e-02	-1.463589e+00
1.970515e+14	3.727281e-02	-1.694252e+00
1.970255e+14	2.540330e-02	-1.929454e+00
1.969996e+14	1.650553e-02	-2.169842e+00
1.969737e+14	1.040968e-02	-2.411901e+00
1.969478e+14	6.750211e-03	-2.638506e+00
1.969219e+14	5.003897e-03	-2.816936e+00
1.968960e+14	4.541016e-03	-2.944182e+00
1.968701e+14	4.626498e-03	-3.060057e+00
1.968442e+14	4.446681e-03	3.117158e+00
1.968183e+14	3.250736e-03	3.129945e+00
1.967924e+14	1.860479e-03	-2.012102e+00
1.967666e+14	6.814714e-03	-1.214127e+00
1.967407e+14	1.594497e-02	-1.262271e+00
1.967148e+14	2.885369e-02	-1.417608e+00
1.966890e+14	4.568522e-02	-1.603996e+00
1.966632e+14	6.639559e-02	-1.803597e+00
1.966373e+14	9.068858e-02	-2.009999e+00
1.966115e+14	1.180032e-01	-2.220207e+00
1.965857e+14	1.475289e-01	-2.432499e+00
1.965599e+14	1.782481e-01	-2.645695e+00
1.965341e+14	2.090027e-01	-2.858894e+00
1.965083e+14	2.385761e-01	-3.071390e+00
1.964825e+14	2.657746e-01	3.000523e+00
1.964567e+14	2.894933e-01	2.790791e+00
1.964309e+14	3.087562e-01	2.582685e+00
1.964051e+14	3.227271e-01	2.376059e+00
1.963794e+14	3.306955e-01	2.170541e+00
1.963536e+14	3.320508e-01	1.965562e+00
1.963279e+14	3.262557e-01	1.760397e+00
1.963021e+14	3.128342e-01	1.554233e+00
1.962764e+14	2.913862e-01	1.346238e+00
1.962507e+14	2.616396e-01	1.135664e+00
1.962249e+14	2.235430e-01	9.219633e-01
1.961992e+14	1.773954e-01	7.049513e-01
1.961735e+14	1.239846e-01	4.850764e-01
1.961478e+14	6.468830e-02	2.646467e-01
1.961221e+14	1.548262e-03	3.432834e-01
1.960964e+14	6.323189e-02	2.939086e+00
1.960707e+14	1.268150e-01	2.717301e+00
1.960450e+14	1.868123e-01	2.495211e+00
1.960194e+14	2.411827e-01	2.275800e+00
1.959937e+14	2.884666e-01	2.060051e+00
1.959681e+14	3.277952e-01	1.848203e+00
1.959424e+14	3.587914e-01	1.639979e+00
1.959168e+14	3.814251e-01	1.434728e+00
1.958911e+14	3.958728e-01	1.231548e+00
1.958655e+14	4.024131e-01	1.029402e+00
1.958399e+14	4.013677e-01	8.272130e-01
1.958143e+14	3.930871e-01	6.239490e-01
1.957886e+14	3.779743e-01	4.186959e-01
1.957630e+14	3.565355e-01	2.107186e-01
1.957374e+14	3.294451e-01	-4.903250e-04
1.957119e+14	2.976056e-01	-2.151855e-01
1.956863e+14	2.621816e-01	-4.333780e-01
1.956607e+14	2.245856e-01	-6.548908e-01
1.956351e+14	1.864058e-01	-8.794677e-01
1.956096e+14	1.492827e-01	-1.106935e+00
1.955840e+14	1.147581e-01	-1.337417e+00
1.955585e+14	8.412959e-02	-1.571602e+00
1.955329e+14	5.834003e-02	-1.811105e+00
1.955074e+14	3.791261e-02	-2.058875e+00
1.954818e+14	2.292836e-02	-2.319055e+00
1.954563e+14	1.302928e-02	-2.592275e+00
1.954308e+14	7.434881e-03	-2.851449e+00
1.954053e+14	5.033319e-03	-3.008976e+00
1.953798e+14	4.581197e-03	-3.045333e+00
1.953543e+14	4.595033e-03	-3.056984e+00
1.953288e+14	3.515959e-03	-2.899213e+00
1.953033e+14	3.585222e-03	-1.562117e+00
1.952779e+14	1.263077e-02	-1.124763e+00
1.952524e+14	2.915822e-02	-1.200843e+00
1.952269e+14	5.392961e-02	-1.367191e+00
1.952015e+14	8.781873e-02	-1.564780e+00
1.951760e+14	1.311394e-01	-1.777670e+00
1.951506e+14	1.833965e-01	-1.999495e+00
1.951251e+14	2.431251e-01	-2.226611e+00
1.950997e+14	3.078926e-01	-2.456069e+00
1.950743e+14	3.745497e-01	-2.685010e+00
1.950489e+14	4.397162e-01	-2.910643e+00
1.950234e+14	5.003500e-01	-3.130512e+00
1.949980e+14	5.541799e-01	2.940387e+00
1.949726e+14	5.998571e-01	2.736675e+00
1.949473e+14	6.368331e-01	2.541661e+00
1.949219e+14	6.650779e-01	2.354694e+00
1.948965e+14	6.847578e-01	2.174467e+00
1.948711e+14	6.959392e-01	1.999126e+00
1.948458e+14	6.983216e-01	1.826288e+00
1.948204e+14	6.909575e-01	1.652969e+00
1.947951e+14	6.718885e-01	1.475389e+00
1.947697e+14	6.376064e-01	1.288638e+00
1.947444e+14	5.822695e-01	1.086245e+00
1.947190e+14	4.968236e-01	8.598783e-01
1.946937e+14	3.691092e-01	6.000421e-01
1.946684e+14	1.884371e-01	3.002504e-01
1.946431e+14	4.072407e-02	3.089632e+00
1.946178e+14	2.848721e-01	2.748123e+00
1.945925e+14	4.971643e-01	2.417500e+00
1.945672e+14	6.533407e-01	2.129139e+00
1.945419e+14	7.577801e-01	1.886808e+00
1.945166e+14	8.253319e-01	1.683366e+00
1.944914e+14	8.691391e-01	1.509544e+00
1.944661e+14	8.980600e-01	1.357456e+00
1.944408e+14	9.175599e-01	1.221167e+00
1.944156e+14	9.309400e-01	1.096356e+00
1.943903e+14	9.402049e-01	9.798599e-01
1.943651e+14	9.465868e-01	8.693018e-01
1.943399e+14	9.508486e-01	7.628276e-01
1.943146e+14	9.534571e-01	6.589178e-01
1.942894e+14	9.546802e-01	5.562549e-01
1.942642e+14	9.546407e-01	4.536206e-01
1.942390e+14	9.533394e-01	3.498119e-01
1.942138e+14	9.506570e-01	2.435618e-01
1.941886e+14	9.463355e-01	1.334561e-01
1.941634e+14	9.399343e-01	1.783733e-02
1.941382e+14	9.307531e-01	-1.053145e-01
1.941131e+14	9.177044e-01	-2.385320e-01
1.940879e+14	8.991159e-01	-3.850452e-01
1.940627e+14	8.724438e-01	-5.489829e-01
1.940376e+14	8.339289e-01	-7.355222e-01
1.940124e+14	7.783954e-01	-9.507987e-01
1.939873e+14	6.998250e-01	-1.201248e+00
1.939622e+14	5.939251e-01	-1.492197e+00
1.939370e+14	4.633672e-01	-1.827069e+00
1.939119e+14	3.225373e-01	-2.212895e+00
1.938868e+14	1.953586e-01	-2.685056e+00
1.938617e+14	1.076894e-01	2.922445e+00
1.938366e+14	7.635668e-02	2.047471e+00
1.938115e+14	7.450557e-02	1.567956e+00
1.937864e+14	8.159650e-02	1.683356e+00
1.937613e+14	1.326782e-01	1.949291e+00
1.937362e+14	2.369322e-01	1.927379e+00
1.937112e+14	3.715166e-01	1.741702e+00
1.936861e+14	5.106538e-01	1.500012e+00
1.936611e+14	6.331792e-01	1.251417e+00
1.936360e+14	7.291257e-01	1.018763e+00
1.936110e+14	7.989324e-01	8.101421e-01
1.935859e+14	8.478977e-01	6.256662e-01
1.935609e+14	8.818489e-01	4.621467e-01
1.935359e+14	9.054393e-01	3.156431e-01
1.935109e+14	9.219503e-01	1.825132e-01
1.934858e+14	9.335782e-01	5.970588e-02
1.934608e+14	9.417627e-01	-5.525023e-02
1.934358e+14	9.474392e-01	-1.643515e-01
1.934109e+14	9.512087e-01	-2.692359e-01
1.933859e+14	9.534450e-01	-3.712875e-01
1.933609e+14	9.543588e-01	-4.717239e-01
1.933359e+14	9.540326e-01	-5.716721e-01
1.933110e+14	9.524335e-01	-6.722381e-01
1.932860e+14	9.494063e-01	-7.745772e-01
1.932610e+14	9.446442e-01	-8.799741e-01
1.932361e+14	9.376292e-01	-9.899434e-01
1.932112e+14	9.275250e-01	-1.106364e+00
1.931862e+14	9.129888e-01	-1.231669e+00
1.931613e+14	8.918462e-01	-1.369115e+00
1.931364e+14	8.605383e-01	-1.523147e+00
1.931115e+14	8.132354e-01	-1.699819e+00
1.930865e+14	7.406779e-01	-1.907015e+00
1.930616e+14	6.296831e-01	-2.153566e+00
1.930368e+14	4.667866e-01	-2.445264e+00
1.930119e+14	2.513351e-01	-2.776528e+00
1.929870e+14	1.093801e-02	3.128594e+00
1.929621e+14	2.095677e-01	-3.061200e-01
1.929372e+14	3.816246e-01	-5.988844e-01
1.929124e+14	5.032393e-01	-8.520770e-01
1.928875e+14	5.850169e-01	-1.073398e+00
1.928627e+14	6.383394e-01	-1.272024e+00
1.928378e+14	6.716266e-01	-1.455829e+00
1.928130e+14	6.903401e-01	-1.630924e+00
1.927882e+14	6.977924e-01	-1.801963e+00
1.927633e+14	6.958602e-01	-1.972556e+00
1.927385e+14	6.854772e-01	-2.145567e+00
1.927137e+14	6.669684e-01	-2.323309e+00
1.926889e+14	6.403050e-01	-2.507623e+00
1.926641e+14	6.053429e-01	-2.699872e+00
1.926393e+14	5.620825e-01	-2.900870e+00
1.926145e+14	5.109521e-01	-3.110784e+00
1.925897e+14	4.530671e-01	2.954106e+00
1.925650e+14	3.903690e-01	2.728621e+00
1.925402e+14	3.255418e-01	2.497585e+00
1.925154e+14	2.616789e-01	2.262716e+00
1.924907e+14	2.017944e-01	2.025344e+00
1.924659e+14	1.483604e-01	1.785912e+00
1.924412e+14	1.030212e-01	1.543377e+00
1.924165e+14	6.652936e-02	1.294089e+00
1.923917e+14	3.884920e-02	1.028496e+00
1.923670e+14	1.934652e-02	7.177368e-01
1.923423e+14	7.083588e-03	2.247278e-01
1.923176e+14	2.586153e-03	-1.392316e+00
1.922929e+14	4.161600e-03	-2.483773e+00
1.922682e+14	4.624740e-03	-2.948214e+00
1.922435e+14	4.622496e-03	2.919900e+00
1.922188e+14	5.625032e-03	2.562392e+00
1.921941e+14	8.854847e-03	2.338551e+00
1.921694e+14	1.540766e-02	2.178854e+00
1.921448e+14	2.621979e-02	2.017348e+00
1.921201e+14	4.189198e-02	1.840885e+00
1.920955e+14	6.264798e-02	1.652316e+00
1.920708e+14	8.832799e-02	1.455683e+00
1.920462e+14	1.183911e-01	1.253938e+00
1.920215e+14	1.519412e-01	1.049146e+00
1.919969e+14	1.877867e-01	8.428558e-01
1.919723e+14	2.245383e-01	6.363157e-01
1.919477e+14	2.607307e-01	4.305515e-01
1.919231e+14	2.949479e-01	2.263703e-01
1.918985e+14	3.259256e-01	2.433201e-02
1.918739e+14	3.526127e-01	-1.752793e-01
1.918493e+14	3.741857e-01	-3.724637e-01
1.918247e+14	3.900242e-01	-5.674920e-01
1.918001e+14	3.996631e-01	-7.608713e-01
1.917756e+14	4.027385e-01	-9.532974e-01
1.917510e+14	3.989415e-01	-1.145600e+00
1.917264e+14	3.879914e-01	-1.338680e+00
1.917019e+14	3.696359e-01	-1.533445e+00
1.916773e+14	3.436846e-01	-1.730734e+00
1.916528e+14	3.100773e-01	-1.931237e+00
1.916283e+14	2.689847e-01	-2.135412e+00
1.916037e+14	2.209254e-01	-2.343410e+00
1.915792e+14	1.668703e-01	-2.555070e+00
1.915547e+14	1.082895e-01	-2.770109e+00
1.915302e+14	4.710335e-02	-2.990013e+00
1.915057e+14	1.448733e-02	-3.193392e-02
1.914812e+14	7.421351e-02	-2.672175e-01
1.914567e+14	1.300469e-01	-4.826523e-01
1.914322e+14	1.803514e-01	-6.940615e-01
1.914077e+14	2.239918e-01	-9.019446e-01
1.913833e+14	2.603177e-01	-1.106471e+00
1.913588e+14	2.890799e-01	-1.307999e+00
1.913344e+14	3.103197e-01	-1.507084e+00
1.913099e+14	3.242660e-01	-1.704424e+00
1.912855e+14	3.312592e-01	-1.900780e+00
1.912610e+14	3.317047e-01	-2.096909e+00
1.912366e+14	3.260569e-01	-2.293510e+00
1.912122e+14	3.148234e-01	-2.491179e+00
1.911877e+14	2.985830e-01	-2.690378e+00
1.911633e+14	2.780063e-01	-2.891419e+00
1.911389e+14	2.538718e-01	-3.094458e+00
1.911145e+14	2.270662e-01	2.983667e+00
1.910901e+14	1.985655e-01	2.776661e+00
1.910657e+14	1.693954e-01	2.567822e+00
1.910413e+14	1.405757e-01	2.357217e+00
1.910170e+14	1.130572e-01	2.144754e+00
1.909926e+14	8.766247e-02	1.930023e+00
1.909682e+14	6.503991e-02	1.712006e+00
1.909439e+14	4.563565e-02	1.488477e+00
1.909195e+14	2.968497e-02	1.254375e+00
1.908952e+14	1.722260e-02	9.962515e-01
1.908708e+14	8.123542e-03	6.642292e-01
1.908465e+14	2.409889e-03	-1.271757e-01
1.908222e+14	2.602942e-03	-2.035964e+00
1.907979e+14	4.134235e-03	-2.576715e+00
1.907735e+14	4.609584e-03	-2.905376e+00
1.907492e+14	4.559855e-03	3.075215e+00
1.907249e+14	4.661635e-03	2.775959e+00
1.907006e+14	5.557840e-03	2.509549e+00
1.906763e+14	7.807606e-03	2.298194e+00
1.906521e+14	1.190001e-02	2.118703e+00
1.906278e+14	1.823194e-02	1.944326e+00
1.906035e+14	2.706447e-02	1.765058e+00
1.905792e+14	3.850245e-02	1.579763e+00
1.905550e+14	5.248814e-02	1.389624e+00
1.905307e+14	6.880179e-02	1.196000e+00
1.905065e+14	8.706967e-02	9.999881e-01
1.904822e+14	1.067808e-01	8.024266e-01
1.904580e+14	1.273132e-01	6.039643e-01
1.904338e+14	1.479674e-01	4.051136e-01
1.904096e+14	1.680053e-01	2.062771e-01
1.903853e+14	1.866893e-01	7.756524e-03
1.903611e+14	2.033168e-01	-1.902488e-01
1.903369e+14	2.172479e-01	-3.876452e-01
1.903127e+14	2.279231e-01	-5.844445e-01
1.902885e+14	2.348731e-01	-7.807581e-01
1.902644e+14	2.377214e-01	-9.767835e-01
1.902402e+14	2.361849e-01	-1.172784e+00
1.902160e+14	2.300749e-01	-1.369064e+00
1.901918e+14	2.193015e-01	-1.565939e+00
1.901677e+14	2.038842e-01	-1.763703e+00
1.901435e+14	1.839660e-01	-1.962603e+00
1.901194e+14	1.598319e-01	-2.162815e+00
1.900952e+14	1.319238e-01	-2.364444e+00
1.900711e+14	1.008481e-01	-2.567572e+00
1.900470e+14	6.736878e-02	-2.772526e+00
1.900228e+14	3.238238e-02	-2.981867e+00
1.899987e+14	3.149062e-03	7.314189e-02
1.899746e+14	3.815599e-02	-2.293204e-01
1.899505e+14	7.171307e-02	-4.370273e-01
1.899264e+14	1.029202e-01	-6.412138e-01
1.899023e+14	1.310289e-01	-8.436547e-01
1.898782e+14	1.554529e-01	-1.044679e+00
1.898542e+14	1.757734e-01	-1.244453e+00
1.898301e+14	1.917314e-01	-1.443167e+00
1.898060e+14	2.032111e-01	-1.641063e+00
1.897819e+14	2.102211e-01	-1.838425e+00
1.897579e+14	2.128765e-01	-2.035560e+00
1.897338e+14	2.113866e-01	-2.232772e+00
1.897098e+14	2.060450e-01	-2.430338e+00
1.896858e+14	1.972245e-01	-2.628499e+00
1.896617e+14	1.853717e-01	-2.827438e+00
1.896377e+14	1.710007e-01	-3.027291e+00
1.896137e+14	1.546818e-01	3.055043e+00
1.895897e+14	1.370258e-01	2.853131e+00
1.895657e+14	1.186623e-01	2.650098e+00
1.895417e+14	1.002133e-01	2.445832e+00
1.895177e+14	8.226598e-02	2.240108e+00
1.894937e+14	6.534510e-02	2.032474e+00
1.894697e+14	4.989039e-02	1.822046e+00
1.894457e+14	3.623942e-02	1.607062e+00
1.894217e+14	2.461770e-02	1.383721e+00
1.893978e+14	1.513745e-02	1.142420e+00
1.893738e+14	7.811230e-03	8.504458e-01
1.893499e+14	2.668433e-03	2.939564e-01
1.893259e+14	1.802139e-03	-1.752044e+00
1.893020e+14	3.566650e-03	-2.414262e+00
1.892780e+14	4.444087e-03	-2.732189e+00
1.892541e+14	4.624173e-03	-3.001948e+00
1.892302e+14	4.512081e-03	3.017451e+00
1.892063e+14	4.536027e-03	2.753983e+00
1.891824e+14	5.103486e-03	2.507123e+00
1.891585e+14	6.575754e-03	2.293219e+00
1.891346e+14	9.264433e-03	2.105231e+00
1.891107e+14	1.342230e-02	1.926401e+00
1.890868e+14	1.922248e-02	1.746935e+00
1.890629e+14	2.674433e-02	1.563922e+00
1.890390e+14	3.596780e-02	1.377325e+00
1.890152e+14	4.677298e-02	1.187853e+00
1.889913e+14	5.894376e-02	9.962541e-01
1.889674e+14	7.217605e-02	8.031469e-01
1.889436e+14	8.609048e-02	6.090190e-01
1.889197e+14	1.002492e-01	4.142501e-01
1.888959e+14	1.141760e-01	2.191356e-01
1.888721e+14	1.273772e-01	2.390023e-02
1.888482e+14	1.393639e-01	-1.712952e-01
1.888244e+14	1.496708e-01	-3.663509e-01
1.888006e+14	1.578728e-01	-5.612261e-01
1.887768e+14	1.635987e-01	-7.559357e-01
1.887530e+14	1.665402e-01	-9.505445e-01
1.887292e+14	1.664597e-01	-1.145157e+00
1.887054e+14	1.631954e-01	-1.339908e+00
1.886816e+14	1.566665e-01	-1.534944e+00
1.886578e+14	1.468782e-01	-1.730414e+00
1.886341e+14	1.339269e-01	-1.926453e+00
1.886103e+14	1.180045e-01	-2.123176e+00
1.885865e+14	9.940119e-02	-2.320686e+00
1.885628e+14	7.850373e-02	-2.519118e+00
1.885390e+14	5.578881e-02	-2.718836e+00
1.885153e+14	3.180921e-02	-2.921519e+00
1.884916e+14	7.176697e-03	3.129408e+00
1.884678e+14	1.749198e-02	-1.497854e-01
1.884441e+14	4.153632e-02	-3.586385e-01
1.884204e+14	6.436499e-02	-5.595326e-01
1.883967e+14	8.543077e-02	-7.585126e-01
1.883730e+14	1.042649e-01	-9.564307e-01
1.883493e+14	1.204897e-01	-1.153542e+00
1.883256e+14	1.338244e-01	-1.349992e+00
1.883019e+14	1.440858e-01	-1.545916e+00
1.882782e+14	1.511846e-01	-1.741464e+00
1.882545e+14	1.551202e-01	-1.936799e+00
1.882309e+14	1.559732e-01	-2.132093e+00
1.882072e+14	1.539001e-01	-2.327513e+00
1.881835e+14	1.491260e-01	-2.523212e+00
1.881599e+14	1.419387e-01	-2.719325e+00
1.881362e+14	1.326804e-01	-2.915965e+00
1.881126e+14	1.217388e-01	-3.113227e+00
1.880890e+14	1.095348e-01	2.971990e+00
1.880653e+14	9.650903e-02	2.773222e+00
1.880417e+14	8.310526e-02	2.573523e+00
1.880181e+14	6.975323e-02	2.372686e+00
1.879945e+14	5.685153e-02	2.170346e+00
1.879709e+14	4.475186e-02	1.965853e+00
1.879473e+14	3.374593e-02	1.757986e+00
1.879237e+14	2.405589e-02	1.544270e+00
1.879001e+14	1.582936e-02	1.318976e+00
1.878765e+14	9.141239e-03	1.065376e+00
1.878529e+14	4.022155e-03	7.064065e-01
1.878294e+14	1.083078e-03	-7.087527e-01
1.878058e+14	2.626418e-03	-2.163435e+00
1.877822e+14	3.967994e-03	-2.531850e+00
1.877587e+14	4.552287e-03	-2.797923e+00
1.877351e+14	4.620281e-03	-3.043223e+00
1.877116e+14	4.467606e-03	2.996542e+00
1.876881e+14	4.400223e-03	2.751938e+00
1.876645e+14	4.712060e-03	2.515707e+00
1.876410e+14	5.667711e-03	2.301084e+00
1.876175e+14	7.495462e-03	2.108575e+00
1.875940e+14	1.038203e-02	1.927578e+00
1.875705e+14	1.446087e-02	1.748845e+00
1.875470e+14	1.980163e-02	1.568297e+00
1.875235e+14	2.640504e-02	1.384992e+00
1.875000e+14	3.420165e-02	1.199166e+00
("port 1","TE",1,"port 2",1,"modulation")
(1,1)
0.00571
(500,3)
2.000000e+14	6.133115e-03	-2.380744e+00
1.999733e+14	4.811067e-03	-2.576069e+00
1.999466e+14	4.390319e-03	-2.750128e+00
1.999199e+14	4.484093e-03	-2.919905e+00
1.998932e+14	4.659917e-03	-3.092957e+00
1.998665e+14	4.474462e-03	3.025896e+00
1.998398e+14	3.518888e-03	2.916086e+00
1.998131e+14	1.646018e-03	-3.070217e+00
1.997865e+14	2.951608e-03	-1.428314e+00
1.997598e+14	8.302968e-03	-1.353798e+00
1.997332e+14	1.571094e-02	-1.496039e+00
1.997065e+14	2.508542e-02	-1.681831e+00
1.996799e+14	3.630485e-02	-1.883360e+00
1.996532e+14	4.913288e-02	-2.092252e+00
1.996266e+14	6.321551e-02	-2.305088e+00
1.996000e+14	7.809309e-02	-2.520177e+00
1.995734e+14	9.322099e-02	-2.736556e+00
1.995468e+14	1.079966e-01	-2.953623e+00
1.995202e+14	1.217901e-01	3.112204e+00
1.994936e+14	1.339756e-01	2.894809e+00
1.994670e+14	1.439605e-01	2.677526e+00
1.994404e+14	1.512100e-01	2.460405e+00
1.994139e+14	1.552673e-01	2.243420e+00
1.993873e+14	1.557689e-01	2.026477e+00
1.993608e+14	1.524564e-01	1.809444e+00
1.993342e+14	1.451879e-01	1.592169e+00
1.993077e+14	1.339486e-01	1.374521e+00
1.992812e+14	1.188613e-01	1.156425e+00
1.992546e+14	1.001960e-01	9.379321e-01
1.992281e+14	7.837457e-02	7.193401e-01
1.992016e+14	5.396799e-02	5.016530e-01
1.991751e+14	2.768175e-02	2.896471e-01
1.991486e+14	6.115283e-04	1.076799e+00
1.991221e+14	2.724907e-02	2.950051e+00
1.990956e+14	5.412011e-02	2.738261e+00
1.990691e+14	7.945857e-02	2.520468e+00
1.990427e+14	1.025003e-01	2.301699e+00
1.990162e+14	1.226023e-01	2.083006e+00
1.989898e+14	1.392638e-01	1.864710e+00
1.989633e+14	1.521352e-01	1.646863e+00
1.989369e+14	1.610170e-01	1.429379e+00
1.989104e+14	1.658532e-01	1.212087e+00
1.988840e+14	1.667223e-01	9.947769e-01
1.988576e+14	1.638275e-01	7.772283e-01
1.988312e+14	1.574884e-01	5.592371e-01
1.988048e+14	1.481301e-01	3.406323e-01
1.987784e+14	1.362715e-01	1.212839e-01
1.987520e+14	1.225074e-01	-9.889920e-02
1.987256e+14	1.074850e-01	-3.199825e-01
1.986992e+14	9.187458e-02	-5.420301e-01
1.986729e+14	7.633534e-02	-7.651382e-01
1.986465e+14	6.147986e-02	-9.894764e-01
1.986201e+14	4.784038e-02	-1.215332e+00
1.985938e+14	3.584019e-02	-1.443139e+00
1.985674e+14	2.577228e-02	-1.673429e+00
1.985411e+14	1.778648e-02	-1.906480e+00
1.985148e+14	1.188485e-02	-2.140981e+00
1.984885e+14	7.925408e-03	-2.370465e+00
1.984622e+14	5.636240e-03	-2.579234e+00
1.984358e+14	4.641555e-03	-2.753195e+00
1.984095e+14	4.483005e-03	-2.905318e+00
1.983832e+14	4.630190e-03	-3.057354e+00
1.983570e+14	4.517242e-03	3.079318e+00
1.983307e+14	3.607605e-03	2.990706e+00
1.983044e+14	1.715354e-03	-2.906005e+00
1.982781e+14	3.556063e-03	-1.356309e+00
1.982519e+14	9.791157e-03	-1.294371e+00
1.982256e+14	1.863141e-02	-1.433452e+00
1.981994e+14	3.006089e-02	-1.615729e+00
1.981732e+14	4.400097e-02	-1.814064e+00
1.981469e+14	6.021972e-02	-2.020046e+00
1.981207e+14	7.832427e-02	-2.230164e+00
1.980945e+14	9.777201e-02	-2.442631e+00
1.980683e+14	1.178949e-01	-2.656384e+00
1.980421e+14	1.379341e-01	-2.870723e+00
1.980159e+14	1.570820e-01	-3.085156e+00
1.979897e+14	1.745250e-01	2.983840e+00
1.979635e+14	1.894831e-01	2.770094e+00
1.979373e+14	2.012415e-01	2.556863e+00
1.979112e+14	2.091729e-01	2.344098e+00
1.978850e+14	2.127502e-01	2.131636e+00
1.978588e+14	2.115555e-01	1.919231e+00
1.978327e+14	2.052869e-01	1.706577e+00
1.978066e+14	1.937697e-01	1.493356e+00
1.977804e+14	1.769737e-01	1.279282e+00
1.977543e+14	1.550375e-01	1.064161e+00
1.977282e+14	1.282958e-01	8.479707e-01
1.977021e+14	9.730294e-02	6.310078e-01
1.976760e+14	6.284269e-02	4.144319e-01
1.976499e+14	2.591507e-02	2.054615e-01
1.976238e+14	1.233131e-02	3.066806e+00
1.975977e+14	5.059132e-02	2.876683e+00
1.975716e+14	8.762320e-02	2.660743e+00
1.975455e+14	1.222364e-01	2.443228e+00
1.975195e+14	1.534074e-01	2.226209e+00
1.974934e+14	1.803210e-01	2.010267e+00
1.974674e+14	2.023873e-01	1.795537e+00
1.974413e+14	2.192328e-01	1.581909e+00
1.974153e+14	2.306786e-01	1.369116e+00
1.973892e+14	2.367134e-01	1.156787e+00
1.973632e+14	2.374717e-01	9.445099e-01
1.973372e+14	2.332189e-01	7.318691e-01
1.973112e+14	2.243458e-01	5.184924e-01
1.972852e+14	2.113661e-01	3.040780e-01
1.972592e+14	1.949151e-01	8.841220e-02
1.972332e+14	1.757412e-01	-1.286300e-01
1.972072e+14	1.546858e-01	-3.471014e-01
1.971812e+14	1.326504e-01	-5.670183e-01
1.971553e+14	1.105495e-01	-7.884127e-01
1.971293e+14	8.925766e-02	-1.011402e+00
1.971034e+14	6.955389e-02	-1.236276e+00
1.970774e+14	5.207381e-02	-1.463589e+00
1.970515e+14	3.727281e-02	-1.694252e+00
1.970255e+14	2.540330e-02	-1.929454e+00
1.969996e+14	1.650553e-02	-2.169842e+00
1.969737e+14	1.040968e-02	-2.411901e+00
1.969478e+14	6.750211e-03	-2.638506e+00
1.969219e+14	5.003897e-03	-2.816936e+00
1.968960e+14	4.541016e-03	-2.944182e+00
1.968701e+14	4.626498e-03	-3.060057e+00
1.968442e+14	4.446681e-03	3.117158e+00
1.968183e+14	3.250736e-03	3.129945e+00
1.967924e+14	1.860479e-03	-2.012102e+00
1.967666e+14	6.814714e-03	-1.214127e+00
1.967407e+14	1.594497e-02	-1.262271e+00
1.967148e+14	2.885369e-02	-1.417608e+00
1.966890e+14	4.568522e-02	-1.603996e+00
1.966632e+14	6.639559e-02	-1.803597e+00
1.966373e+14	9.068858e-02	-2.009999e+00
1.966115e+14	1.180032e-01	-2.220207e+00
1.965857e+14	1.475289e-01	-2.432499e+00
1.965599e+14	1.782481e-01	-2.645695e+00
1.965341e+14	2.090027e-01	-2.858894e+00
1.965083e+14	2.385761e-01	-3.071390e+00
1.964825e+14	2.657746e-01	3.000523e+00
1.964567e+14	2.894933e-01	2.790791e+00
1.964309e+14	3.087562e-01	2.582685e+00
1.964051e+14	3.227271e-01	2.376059e+00
1.963794e+14	3.306955e-01	2.170541e+00
1.963536e+14	3.320508e-01	1.965562e+00
1.963279e+14	3.262557e-01	1.760397e+00
1.963021e+14	3.128342e-01	1.554233e+00
1.962764e+14	2.913862e-01	1.346238e+00
1.962507e+14	2.616396e-01	1.135664e+00
1.962249e+14	2.235430e-01	9.219633e-01
1.961992e+14	1.773954e-01	7.049513e-01
1.961735e+14	1.239846e-01	4.850764e-01
1.961478e+14	6.468830e-02	2.646467e-01
1.961221e+14	1.548262e-03	3.432834e-01
1.960964e+14	6.323189e-02	2.939086e+00
1.960707e+14	1.268150e-01	2.717301e+00
1.960450e+14	1.868123e-01	2.495211e+00
1.960194e+14	2.411827e-01	2.275800e+00
1.959937e+14	2.884666e-01	2.060051e+00
1.959681e+14	3.277952e-01	1.848203e+00
1.959424e+14	3.587914e-01	1.639979e+00
1.959168e+14	3.814251e-01	1.434728e+00
1.958911e+14	3.958728e-01	1.231548e+00
1.958655e+14	4.024131e-01	1.029402e+00
1.958399e+14	4.013677e-01	8.272130e-01
1.958143e+14	3.930871e-01	6.239490e-01
1.957886e+14	3.779743e-01	4.186959e-01
1.957630e+14	3.565355e-01	2.107186e-01
1.957374e+14	3.294451e-01	-4.903250e-04
1.957119e+14	2.976056e-01	-2.151855e-01
1.956863e+14	2.621816e-01	-4.333780e-01
1.956607e+14	2.245856e-01	-6.548908e-01
1.956351e+14	1.864058e-01	-8.794677e-01
1.956096e+14	1.492827e-01	-1.106935e+00
1.955840e+14	1.147581e-01	-1.337417e+00
1.955585e+14	8.412959e-02	-1.571602e+00
1.955329e+14	5.834003e-02	-1.811105e+00
1.955074e+14	3.791261e-02	-2.058875e+00
1.954818e+14	2.292836e-02	-2.319055e+00
1.954563e+14	1.302928e-02	-2.592275e+00
1.954308e+14	7.434881e-03	-2.851449e+00
1.954053e+14	5.033319e-03	-3.008976e+00
1.953798e+14	4.581197e-03	-3.045333e+00
1.953543e+14	4.595033e-03	-3.056984e+00
1.953288e+14	3.515959e-03	-2.899213e+00
1.953033e+14	3.585222e-03	-1.562117e+00
1.952779e+14	1.263077e-02	-1.124763e+00
1.952524e+14	2.915822e-02	-1.200843e+00
1.952269e+14	5.392961e-02	-1.367191e+00
1.952015e+14	8.781873e-02	-1.564780e+00
1.951760e+14	1.311394e-01	-1.777670e+00
1.951506e+14	1.833965e-01	-1.999495e+00
1.951251e+14	2.431251e-01	-2.226611e+00
1.950997e+14	3.078926e-01	-2.456069e+00
1.950743e+14	3.745497e-01	-2.685010e+00
1.950489e+14	4.397162e-01	-2.910643e+00
1.950234e+14	5.003500e-01	-3.130512e+00
1.949980e+14	5.541799e-01	2.940387e+00
1.949726e+14	5.998571e-01	2.736675e+00
1.949473e+14	6.368331e-01	2.541661e+00
1.949219e+14	6.650779e-01	2.354694e+00
1.948965e+14	6.847578e-01	2.174467e+00
1.948711e+14	6.959392e-01	1.999126e+00
1.948458e+14	6.983216e-01	1.826288e+00
1.948204e+14	6.909575e-01	1.652969e+00
1.947951e+14	6.718885e-01	1.475389e+00
1.947697e+14	6.376064e-01	1.288638e+00
1.947444e+14	5.822695e-01	1.086245e+00
1.947190e+14	4.968236e-01	8.598783e-01
1.946937e+14	3.691092e-01	6.000421e-01
1.946684e+14	1.884371e-01	3.002504e-01
1.946431e+14	4.072407e-02	3.089632e+00
1.946178e+14	2.848721e-01	2.748123e+00
1.945925e+14	4.971643e-01	2.417500e+00
1.945672e+14	6.533407e-01	2.129139e+00
1.945419e+14	7.577801e-01	1.886808e+00
1.945166e+14	8.253319e-01	1.683366e+00
1.944914e+14	8.691391e-01	1.509544e+00
1.944661e+14	8.980600e-01	1.357456e+00
1.944408e+14	9.175599e-01	1.221167e+00
1.944156e+14	9.309400e-01	1.096356e+00
1.943903e+14	9.402049e-01	9.798599e-01
1.943651e+14	9.465868e-01	8.693018e-01
1.943399e+14	9.508486e-01	7.628276e-01
1.943146e+14	9.534571e-01	6.589178e-01
1.942894e+14	9.546802e-01	5.562549e-01
1.942642e+14	9.546407e-01	4.536206e-01
1.942390e+14	9.533394e-01	3.498119e-01
1.942138e+14	9.506570e-01	2.435618e-01
1.941886e+14	9.463355e-01	1.334561e-01
1.941634e+14	9.399343e-01	1.783733e-02
1.941382e+14	9.307531e-01	-1.053145e-01
1.941131e+14	9.177044e-01	-2.385320e-01
1.940879e+14	8.991159e-01	-3.850452e-01
1.940627e+14	8.724438e-01	-5.489829e-01
1.940376e+14	8.339289e-01	-7.355222e-01
1.940124e+14	7.783954e-01	-9.507987e-01
1.939873e+14	6.998250e-01	-1.201248e+00
1.939622e+14	5.939251e-01	-1.492197e+00
1.939370e+14	4.633672e-01	-1.827069e+00
1.939119e+14	3.225373e-01	-2.212895e+00
1.938868e+14	1.953586e-01	-2.685056e+00
1.938617e+14	1.076894e-01	2.922445e+00
1.938366e+14	7.635668e-02	2.047471e+00
1.938115e+14	7.450557e-02	1.567956e+00
1.937864e+14	8.159650e-02	1.683356e+00
1.937613e+14	1.326782e-01	1.949291e+00
1.937362e+14	2.369322e-01	1.927379e+00
1.937112e+14	3.715166e-01	1.741702e+00
1.936861e+14	5.106538e-01	1.500012e+00
1.936611e+14	6.331792e-01	1.251417e+00
1.936360e+14	7.291257e-01	1.018763e+00
1.936110e+14	7.989324e-01	8.101421e-01
1.935859e+14	8.478977e-01	6.256662e-01
1.935609e+14	8.818489e-01	4.621467e-01
1.935359e+14	9.054393e-01	3.156431e-01
1.935109e+14	9.219503e-01	1.825132e-01
1.934858e+14	9.335782e-01	5.970588e-02
1.934608e+14	9.417627e-01	-5.525023e-02
1.934358e+14	9.474392e-01	-1.643515e-01
1.934109e+14	9.512087e-01	-2.692359e-01
1.933859e+14	9.534450e-01	-3.712875e-01
1.933609e+14	9.543588e-01	-4.717239e-01
1.933359e+14	9.540326e-01	-5.716721e-01
1.933110e+14	9.524335e-01	-6.722381e-01
1.932860e+14	9.494063e-01	-7.745772e-01
1.932610e+14	9.446442e-01	-8.799741e-01
1.932361e+14	9.376292e-01	-9.899434e-01
1.932112e+14	9.275250e-01	-1.106364e+00
1.931862e+14	9.129888e-01	-1.231669e+00
1.931613e+14	8.918462e-01	-1.369115e+00
1.931364e+14	8.605383e-01	-1.523147e+00
1.931115e+14	8.132354e-01	-1.699819e+00
1.930865e+14	7.406779e-01	-1.907015e+00
1.930616e+14	6.296831e-01	-2.153566e+00
1.930368e+14	4.667866e-01	-2.445264e+00
1.930119e+14	2.513351e-01	-2.776528e+00
1.929870e+14	1.093801e-02	3.128594e+00
1.929621e+14	2.095677e-01	-3.061200e-01
1.929372e+14	3.816246e-01	-5.988844e-01
1.929124e+14	5.032393e-01	-8.520770e-01
1.928875e+14	5.850169e-01	-1.073398e+00
1.928627e+14	6.383394e-01	-1.272024e+00
1.928378e+14	6.716266e-01	-1.455829e+00
1.928130e+14	6.903401e-01	-1.630924e+00
1.927882e+14	6.977924e-01	-1.801963e+00
1.927633e+14	6.958602e-01	-1.972556e+00
1.927385e+14	6.854772e-01	-2.145567e+00
1.927137e+14	6.669684e-01	-2.323309e+00
1.926889e+14	6.403050e-01	-2.507623e+00
1.926641e+14	6.053429e-01	-2.699872e+00
1.926393e+14	5.620825e-01	-2.900870e+00
1.926145e+14	5.109521e-01	-3.110784e+00
1.925897e+14	4.530671e-01	2.954106e+00
1.925650e+14	3.903690e-01	2.728621e+00
1.925402e+14	3.255418e-01	2.497585e+00
1.925154e+14	2.616789e-01	2.262716e+00
1.924907e+14	2.017944e-01	2.025344e+00
1.924659e+14	1.483604e-01	1.785912e+00
1.924412e+14	1.030212e-01	1.543377e+00
1.924165e+14	6.652936e-02	1.294089e+00
1.923917e+14	3.884920e-02	1.028496e+00
1.923670e+14	1.934652e-02	7.177368e-01
1.923423e+14	7.083588e-03	2.247278e-01
1.923176e+14	2.586153e-03	-1.392316e+00
1.922929e+14	4.161600e-03	-2.483773e+00
1.922682e+14	4.624740e-03	-2.948214e+00
1.922435e+14	4.622496e-03	2.919900e+00
1.922188e+14	5.625032e-03	2.562392e+00
1.921941e+14	8.854847e-03	2.338551e+00
1.921694e+14	1.540766e-02	2.178854e+00
1.921448e+14	2.621979e-02	2.017348e+00
1.921201e+14	4.189198e-02	1.840885e+00
1.920955e+14	6.264798e-02	1.652316e+00
1.920708e+14	8.832799e-02	1.455683e+00
1.920462e+14	1.183911e-01	1.253938e+00
1.920215e+14	1.519412e-01	1.049146e+00
1.919969e+14	1.877867e-01	8.428558e-01
1.919723e+14	2.245383e-01	6.363157e-01
1.919477e+14	2.607307e-01	4.305515e-01
1.919231e+14	2.949479e-01	2.263703e-01
1.918985e+14	3.259256e-01	2.433201e-02
1.918739e+14	3.526127e-01	-1.752793e-01
1.918493e+14	3.741857e-01	-3.724637e-01
1.918247e+14	3.900242e-01	-5.674920e-01
1.918001e+14	3.996631e-01	-7.608713e-01
1.917756e+14	4.027385e-01	-9.532974e-01
1.917510e+14	3.989415e-01	-1.145600e+00
1.917264e+14	3.879914e-01	-1.338680e+00
1.917019e+14	3.696359e-01	-1.533445e+00
1.916773e+14	3.436846e-01	-1.730734e+00
1.916528e+14	3.100773e-01	-1.931237e+00
1.916283e+14	2.689847e-01	-2.135412e+00
1.916037e+14	2.209254e-01	-2.343410e+00
1.915792e+14	1.668703e-01	-2.555070e+00
1.915547e+14	1.082895e-01	-2.770109e+00
1.915302e+14	4.710335e-02	-2.990013e+00
1.915057e+14	1.448733e-02	-3.193392e-02
1.914812e+14	7.421351e-02	-2.672175e-01
1.914567e+14	1.300469e-01	-4.826523e-01
1.914322e+14	1.803514e-01	-6.940615e-01
1.914077e+14	2.239918e-01	-9.019446e-01
1.913833e+14	2.603177e-01	-1.106471e+00
1.913588e+14	2.890799e-01	-1.307999e+00
1.913344e+14	3.103197e-01	-1.507084e+00
1.913099e+14	3.242660e-01	-1.704424e+00
1.912855e+14	3.312592e-01	-1.900780e+00
1.912610e+14	3.317047e-01	-2.096909e+00
1.912366e+14	3.260569e-01	-2.293510e+00
1.912122e+14	3.148234e-01	-2.491179e+00
1.911877e+14	2.985830e-01	-2.690378e+00
1.911633e+14	2.780063e-01	-2.891419e+00
1.911389e+14	2.538718e-01	-3.094458e+00
1.911145e+14	2.270662e-01	2.983667e+00
1.910901e+14	1.985655e-01	2.776661e+00
1.910657e+14	1.693954e-01	2.567822e+00
1.910413e+14	1.405757e-01	2.357217e+00
1.910170e+14	1.130572e-01	2.144754e+00
1.909926e+14	8.766247e-02	1.930023e+00
1.909682e+14	6.503991e-02	1.712006e+00
1.909439e+14	4.563565e-02	1.488477e+00
1.909195e+14	2.968497e-02	1.254375e+00
1.908952e+14	1.722260e-02	9.962515e-01
1.908708e+14	8.123542e-03	6.642292e-01
1.908465e+14	2.409889e-03	-1.271757e-01
1.908222e+14	2.602942e-03	-2.035964e+00
1.907979e+14	4.134235e-03	-2.576715e+00
1.907735e+14	4.609584e-03	-2.905376e+00
1.907492e+14	4.559855e-03	3.075215e+00
1.907249e+14	4.661635e-03	2.775959e+00
1.907006e+14	5.557840e-03	2.509549e+00
1.906763e+14	7.807606e-03	2.298194e+00
1.906521e+14	1.190001e-02	2.118703e+00
1.906278e+14	1.823194e-02	1.944326e+00
1.906035e+14	2.706447e-02	1.765058e+00
1.905792e+14	3.850245e-02	1.579763e+00
1.905550e+14	5.248814e-02	1.389624e+00
1.905307e+14	6.880179e-02	1.196000e+00
1.905065e+14	8.706967e-02	9.999881e-01
1.904822e+14	1.067808e-01	8.024266e-01
1.904580e+14	1.273132e-01	6.039643e-01
1.904338e+14	1.479674e-01	4.051136e-01
1.904096e+14	1.680053e-01	2.062771e-01
1.903853e+14	1.866893e-01	7.756524e-03
1.903611e+14	2.033168e-01	-1.902488e-01
1.903369e+14	2.172479e-01	-3.876452e-01
1.903127e+14	2.279231e-01	-5.844445e-01
1.902885e+14	2.348731e-01	-7.807581e-01
1.902644e+14	2.377214e-01	-9.767835e-01
1.902402e+14	2.361849e-01	-1.172784e+00
1.902160e+14	2.300749e-01	-1.369064e+00
1.901918e+14	2.193015e-01	-1.565939e+00
1.901677e+14	2.038842e-01	-1.763703e+00
1.901435e+14	1.839660e-01	-1.962603e+00
1.901194e+14	1.598319e-01	-2.162815e+00
1.900952e+14	1.319238e-01	-2.364444e+00
1.900711e+14	1.008481e-01	-2.567572e+00
1.900470e+14	6.736878e-02	-2.772526e+00
1.900228e+14	3.238238e-02	-2.981867e+00
1.899987e+14	3.149062e-03	7.314189e-02
1.899746e+14	3.815599e-02	-2.293204e-01
1.899505e+14	7.171307e-02	-4.370273e-01
1.899264e+14	1.029202e-01	-6.412138e-01
1.899023e+14	1.310289e-01	-8.436547e-01
1.898782e+14	1.554529e-01	-1.044679e+00
1.898542e+14	1.757734e-01	-1.244453e+00
1.898301e+14	1.917314e-01	-1.443167e+00
1.898060e+14	2.032111e-01	-1.641063e+00
1.897819e+14	2.102211e-01	-1.838425e+00
1.897579e+14	2.128765e-01	-2.035560e+00
1.897338e+14	2.113866e-01	-2.232772e+00
1.897098e+14	2.060450e-01	-2.430338e+00
1.896858e+14	1.972245e-01	-2.628499e+00
1.896617e+14	1.853717e-01	-2.827438e+00
1.896377e+14	1.710007e-01	-3.027291e+00
1.896137e+14	1.546818e-01	3.055043e+00
1.895897e+14	1.370258e-01	2.853131e+00
1.895657e+14	1.186623e-01	2.650098e+00
1.895417e+14	1.002133e-01	2.445832e+00
1.895177e+14	8.226598e-02	2.240108e+00
1.894937e+14	6.534510e-02	2.032474e+00
1.894697e+14	4.989039e-02	1.822046e+00
1.894457e+14	3.623942e-02	1.607062e+00
1.894217e+14	2.461770e-02	1.383721e+00
1.893978e+14	1.513745e-02	1.142420e+00
1.893738e+14	7.811230e-03	8.504458e-01
1.893499e+14	2.668433e-03	2.939564e-01
1.893259e+14	1.802139e-03	-1.752044e+00
1.893020e+14	3.566650e-03	-2.414262e+00
1.892780e+14	4.444087e-03	-2.732189e+00
1.892541e+14	4.624173e-03	-3.001948e+00
1.892302e+14	4.512081e-03	3.017451e+00
1.892063e+14	4.536027e-03	2.753983e+00
1.891824e+14	5.103486e-03	2.507123e+00
1.891585e+14	6.575754e-03	2.293219e+00
1.891346e+14	9.264433e-03	2.105231e+00
1.891107e+14	1.342230e-02	1.926401e+00
1.890868e+14	1.922248e-02	1.746935e+00
1.890629e+14	2.674433e-02	1.563922e+00
1.890390e+14	3.596780e-02	1.377325e+00
1.890152e+14	4.677298e-02	1.187853e+00
1.889913e+14	5.894376e-02	9.962541e-01
1.889674e+14	7.217605e-02	8.031469e-01
1.889436e+14	8.609048e-02	6.090190e-01
1.889197e+14	1.002492e-01	4.142501e-01
1.888959e+14	1.141760e-01	2.191356e-01
1.888721e+14	1.273772e-01	2.390023e-02
1.888482e+14	1.393639e-01	-1.712952e-01
1.888244e+14	1.496708e-01	-3.663509e-01
1.888006e+14	1.578728e-01	-5.612261e-01
1.887768e+14	1.635987e-01	-7.559357e-01
1.887530e+14	1.665402e-01	-9.505445e-01
1.887292e+14	1.664597e-01	-1.145157e+00
1.887054e+14	1.631954e-01	-1.339908e+00
1.886816e+14	1.566665e-01	-1.534944e+00
1.886578e+14	1.468782e-01	-1.730414e+00
1.886341e+14	1.339269e-01	-1.926453e+00
1.886103e+14	1.180045e-01	-2.123176e+00
1.885865e+14	9.940119e-02	-2.320686e+00
1.885628e+14	7.850373e-02	-2.519118e+00
1.885390e+14	5.578881e-02	-2.718836e+00
1.885153e+14	3.180921e-02	-2.921519e+00
1.884916e+14	7.176697e-03	3.129408e+00
1.884678e+14	1.749198e-02	-1.497854e-01
1.884441e+14	4.153632e-02	-3.586385e-01
1.884204e+14	6.436499e-02	-5.595326e-01
1.883967e+14	8.543077e-02	-7.585126e-01
1.883730e+14	1.042649e-01	-9.564307e-01
1.883493e+14	1.204897e-01	-1.153542e+00
1.883256e+14	1.338244e-01	-1.349992e+00
1.883019e+14	1.440858e-01	-1.545916e+00
1.882782e+14	1.511846e-01	-1.741464e+00
1.882545e+14	1.551202e-01	-1.936799e+00
1.882309e+14	1.559732e-01	-2.132093e+00
1.882072e+14	1.539001e-01	-2.327513e+00
1.881835e+14	1.491260e-01	-2.523212e+00
1.881599e+14	1.419387e-01	-2.719325e+00
1.881362e+14	1.326804e-01	-2.915965e+00
1.881126e+14	1.217388e-01	-3.113227e+00
1.880890e+14	1.095348e-01	2.971990e+00
1.880653e+14	9.650903e-02	2.773222e+00
1.880417e+14	8.310526e-02	2.573523e+00
1.880181e+14	6.975323e-02	2.372686e+00
1.879945e+14	5.685153e-02	2.170346e+00
1.879709e+14	4.475186e-02	1.965853e+00
1.879473e+14	3.374593e-02	1.757986e+00
1.879237e+14	2.405589e-02	1.544270e+00
1.879001e+14	1.582936e-02	1.318976e+00
1.878765e+14	9.141239e-03	1.065376e+00
1.878529e+14	4.022155e-03	7.064065e-01
1.878294e+14	1.083078e-03	-7.087527e-01
1.878058e+14	2.626418e-03	-2.163435e+00
1.877822e+14	3.967994e-03	-2.531850e+00
1.877587e+14	4.552287e-03	-2.797923e+00
1.877351e+14	4.620281e-03	-3.043223e+00
1.877116e+14	4.467606e-03	2.996542e+00
1.876881e+14	4.400223e-03	2.751938e+00
1.876645e+14	4.712060e-03	2.515707e+00
1.876410e+14	5.667711e-03	2.301084e+00
1.876175e+14	7.495462e-03	2.108575e+00
1.875940e+14	1.038203e-02	1.927578e+00
1.875705e+14	1.446087e-02	1.748845e+00
1.875470e+14	1.980163e-02	1.568297e+00
1.875235e+14	2.640504e-02	1.384992e+00
1.875000e+14	3.420165e-02	1.199166e+00
("port 2","TE",1,"port 1",1,"modulation")
(1,1)
0.00571
(500,3)
2.000000e+14	9.999812e-01	8.121006e-01
1.999733e+14	9.999884e-01	5.904195e-01
1.999466e+14	9.999904e-01	3.688109e-01
1.999199e+14	9.999899e-01	1.472658e-01
1.998932e+14	9.999891e-01	-7.422361e-02
1.998665e+14	9.999900e-01	-2.956655e-01
1.998398e+14	9.999938e-01	-5.170711e-01
1.998131e+14	9.999986e-01	-7.384555e-01
1.997865e+14	9.999956e-01	-9.598372e-01
1.997598e+14	9.999655e-01	-1.181236e+00
1.997332e+14	9.998766e-01	-1.402665e+00
1.997065e+14	9.996853e-01	-1.624128e+00
1.996799e+14	9.993408e-01	-1.845609e+00
1.996532e+14	9.987923e-01	-2.067071e+00
1.996266e+14	9.979999e-01	-2.288449e+00
1.996000e+14	9.969461e-01	-2.509658e+00
1.995734e+14	9.956454e-01	-2.730600e+00
1.995468e+14	9.941513e-01	-2.951177e+00
1.995202e+14	9.925559e-01	3.111880e+00
1.994936e+14	9.909846e-01	2.892250e+00
1.994670e+14	9.895834e-01	2.673125e+00
1.994404e+14	9.885017e-01	2.454457e+00
1.994139e+14	9.878725e-01	2.236144e+00
1.993873e+14	9.877935e-01	2.018035e+00
1.993608e+14	9.883102e-01	1.799944e+00
1.993342e+14	9.894041e-01	1.581671e+00
1.993077e+14	9.909883e-01	1.363025e+00
1.992812e+14	9.929109e-01	1.143851e+00
1.992546e+14	9.949677e-01	9.240492e-01
1.992281e+14	9.969240e-01	7.035985e-01
1.992016e+14	9.985427e-01	4.825612e-01
1.991751e+14	9.996168e-01	2.610818e-01
1.991486e+14	9.999998e-01	3.937142e-02
1.991221e+14	9.996287e-01	-1.823182e-01
1.990956e+14	9.985344e-01	-4.037279e-01
1.990691e+14	9.968382e-01	-6.246260e-01
1.990427e+14	9.947330e-01	-8.448382e-01
1.990162e+14	9.924559e-01	-1.064269e+00
1.989898e+14	9.902553e-01	-1.282910e+00
1.989633e+14	9.883597e-01	-1.500836e+00
1.989369e+14	9.869516e-01	-1.718193e+00
1.989104e+14	9.861505e-01	-1.935172e+00
1.988840e+14	9.860039e-01	-2.151988e+00
1.988576e+14	9.864890e-01	-2.368851e+00
1.988312e+14	9.875208e-01	-2.585940e+00
1.988048e+14	9.889679e-01	-2.803392e+00
1.987784e+14	9.906715e-01	-3.021283e+00
1.987520e+14	9.924676e-01	3.043555e+00
1.987256e+14	9.942067e-01	2.824788e+00
1.986992e+14	9.957706e-01	2.605680e+00
1.986729e+14	9.970822e-01	2.386334e+00
1.986465e+14	9.981083e-01	2.166861e+00
1.986201e+14	9.988550e-01	1.947360e+00
1.985938e+14	9.993575e-01	1.727911e+00
1.985674e+14	9.996678e-01	1.508566e+00
1.985411e+14	9.998418e-01	1.289351e+00
1.985148e+14	9.999294e-01	1.070268e+00
1.984885e+14	9.999686e-01	8.513048e-01
1.984622e+14	9.999841e-01	6.324433e-01
1.984358e+14	9.999892e-01	4.136634e-01
1.984095e+14	9.999900e-01	1.949478e-01
1.983832e+14	9.999893e-01	-2.371775e-02
1.983570e+14	9.999898e-01	-2.423474e-01
1.983307e+14	9.999935e-01	-4.609586e-01
1.983044e+14	9.999985e-01	-6.795748e-01
1.982781e+14	9.999937e-01	-8.982261e-01
1.982519e+14	9.999521e-01	-1.116946e+00
1.982256e+14	9.998264e-01	-1.335763e+00
1.981994e+14	9.995481e-01	-1.554692e+00
1.981732e+14	9.990315e-01	-1.773721e+00
1.981469e+14	9.981851e-01	-1.992798e+00
1.981207e+14	9.969279e-01	-2.211832e+00
1.980945e+14	9.952088e-01	-2.430686e+00
1.980683e+14	9.930261e-01	-2.649196e+00
1.980421e+14	9.904414e-01	-2.867183e+00
1.980159e+14	9.875856e-01	-3.084482e+00
1.979897e+14	9.846527e-01	2.982214e+00
1.979635e+14	9.818840e-01	2.766590e+00
1.979373e+14	9.795416e-01	2.551801e+00
1.979112e+14	9.778787e-01	2.337720e+00
1.978850e+14	9.771066e-01	2.124130e+00
1.978588e+14	9.773660e-01	1.910736e+00
1.978327e+14	9.787018e-01	1.697194e+00
1.978066e+14	9.810470e-01	1.483144e+00
1.977804e+14	9.842156e-01	1.268252e+00
1.977543e+14	9.879086e-01	1.052255e+00
1.977282e+14	9.917359e-01	8.350016e-01
1.977021e+14	9.952548e-01	6.164833e-01
1.976760e+14	9.980234e-01	3.968513e-01
1.976499e+14	9.996641e-01	1.764097e-01
1.976238e+14	9.999240e-01	-4.441550e-02
1.975977e+14	9.987194e-01	-2.651304e-01
1.975716e+14	9.961537e-01	-4.852400e-01
1.975455e+14	9.925010e-01	-7.043163e-01
1.975195e+14	9.881630e-01	-9.220544e-01
1.974934e+14	9.836078e-01	-1.138307e+00
1.974674e+14	9.793056e-01	-1.353093e+00
1.974413e+14	9.756726e-01	-1.566586e+00
1.974153e+14	9.730300e-01	-1.779079e+00
1.973892e+14	9.715795e-01	-1.990948e+00
1.973632e+14	9.713945e-01	-2.202598e+00
1.973372e+14	9.724243e-01	-2.414426e+00
1.973112e+14	9.745096e-01	-2.626774e+00
1.972852e+14	9.774070e-01	-2.839903e+00
1.972592e+14	9.808201e-01	-3.053965e+00
1.972332e+14	9.844364e-01	3.014183e+00
1.972072e+14	9.879637e-01	2.798232e+00
1.971812e+14	9.911629e-01	2.581513e+00
1.971553e+14	9.938706e-01	2.364226e+00
1.971293e+14	9.960086e-01	2.146590e+00
1.971034e+14	9.975782e-01	1.928810e+00
1.970774e+14	9.986432e-01	1.711049e+00
1.970515e+14	9.993051e-01	1.493420e+00
1.970255e+14	9.996773e-01	1.275979e+00
1.969996e+14	9.998638e-01	1.058734e+00
1.969737e+14	9.999458e-01	8.416643e-01
1.969478e+14	9.999772e-01	6.247279e-01
1.969219e+14	9.999875e-01	4.078819e-01
1.968960e+14	9.999897e-01	1.910872e-01
1.968701e+14	9.999893e-01	-2.568960e-02
1.968442e+14	9.999901e-01	-2.424808e-01
1.968183e+14	9.999947e-01	-4.593251e-01
1.967924e+14	9.999983e-01	-6.762744e-01
1.967666e+14	9.999768e-01	-8.933959e-01
1.967407e+14	9.998729e-01	-1.110766e+00
1.967148e+14	9.995836e-01	-1.328456e+00
1.966890e+14	9.989559e-01	-1.546508e+00
1.966632e+14	9.977934e-01	-1.764907e+00
1.966373e+14	9.958793e-01	-1.983555e+00
1.966115e+14	9.930132e-01	-2.202252e+00
1.965857e+14	9.890577e-01	-2.420699e+00
1.965599e+14	9.839856e-01	-2.638511e+00
1.965341e+14	9.779151e-01	-2.855267e+00
1.965083e+14	9.711238e-01	-3.070564e+00
1.964825e+14	9.640352e-01	2.999104e+00
1.964567e+14	9.571801e-01	2.787544e+00
1.964309e+14	9.511412e-01	2.577929e+00
1.964051e+14	9.464921e-01	2.370043e+00
1.963794e+14	9.437375e-01	2.163459e+00
1.963536e+14	9.432615e-01	1.957566e+00
1.963279e+14	9.452816e-01	1.751607e+00
1.963021e+14	9.498078e-01	1.544736e+00
1.962764e+14	9.566055e-01	1.336091e+00
1.962507e+14	9.651657e-01	1.124884e+00
1.962249e+14	9.746941e-01	9.105065e-01
1.961992e+14	9.841397e-01	6.926455e-01
1.961735e+14	9.922841e-01	4.713858e-01
1.961478e+14	9.979055e-01	2.472737e-01
1.961221e+14	9.999988e-01	2.130385e-02
1.960964e+14	9.979989e-01	-2.051915e-01
1.960707e+14	9.919264e-01	-4.307410e-01
1.960450e+14	9.823956e-01	-6.539742e-01
1.960194e+14	9.704797e-01	-8.738356e-01
1.959937e+14	9.574900e-01	-1.089719e+00
1.959681e+14	9.447488e-01	-1.301506e+00
1.959424e+14	9.334178e-01	-1.509516e+00
1.959168e+14	9.243997e-01	-1.714416e+00
1.958911e+14	9.183053e-01	-1.917109e+00
1.958655e+14	9.154582e-01	-2.118622e+00
1.958399e+14	9.159170e-01	-2.320013e+00
1.958143e+14	9.195013e-01	-2.522285e+00
1.957886e+14	9.258161e-01	-2.726314e+00
1.957630e+14	9.342818e-01	-2.932779e+00
1.957374e+14	9.441747e-01	3.141072e+00
1.957119e+14	9.546889e-01	2.928721e+00
1.956863e+14	9.650185e-01	2.713489e+00
1.956607e+14	9.744544e-01	2.495767e+00
1.956351e+14	9.824728e-01	2.276128e+00
1.956096e+14	9.887946e-01	2.055225e+00
1.955840e+14	9.933935e-01	1.833681e+00
1.955585e+14	9.964548e-01	1.612003e+00
1.955329e+14	9.982968e-01	1.390524e+00
1.955074e+14	9.992811e-01	1.169394e+00
1.954818e+14	9.997371e-01	9.486055e-01
1.954563e+14	9.999151e-01	7.280464e-01
1.954308e+14	9.999724e-01	5.075507e-01
1.954053e+14	9.999873e-01	2.869444e-01
1.953798e+14	9.999895e-01	6.606543e-02
1.953543e+14	9.999894e-01	-1.552405e-01
1.953288e+14	9.999938e-01	-3.771464e-01
1.953033e+14	9.999936e-01	-5.998808e-01
1.952779e+14	9.999202e-01	-8.237554e-01
1.952524e+14	9.995748e-01	-1.049167e+00
1.952269e+14	9.985447e-01	-1.276552e+00
1.952015e+14	9.961365e-01	-1.506285e+00
1.951760e+14	9.913639e-01	-1.738519e+00
1.951506e+14	9.830390e-01	-1.972997e+00
1.951251e+14	9.699949e-01	-2.208878e+00
1.950997e+14	9.514211e-01	-2.444674e+00
1.950743e+14	9.272068e-01	-2.678348e+00
1.950489e+14	8.981368e-01	-2.907612e+00
1.950234e+14	8.658232e-01	-3.130325e+00
1.949980e+14	8.323969e-01	2.938307e+00
1.949726e+14	8.001071e-01	2.732760e+00
1.949473e+14	7.710017e-01	2.536245e+00
1.949219e+14	7.467739e-01	2.348033e+00
1.948965e+14	7.287707e-01	2.166768e+00
1.948711e+14	7.181007e-01	1.990551e+00
1.948458e+14	7.157842e-01	1.816970e+00
1.948204e+14	7.228954e-01	1.643014e+00
1.947951e+14	7.406523e-01	1.464882e+00
1.947697e+14	7.703623e-01	1.277640e+00
1.947444e+14	8.129958e-01	1.074793e+00
1.947190e+14	8.678516e-01	8.479591e-01
1.946937e+14	9.293860e-01	5.875141e-01
1.946684e+14	9.820853e-01	2.862480e-01
1.946431e+14	9.991704e-01	-5.187722e-02
1.946178e+14	9.585655e-01	-4.035986e-01
1.945925e+14	8.676564e-01	-7.350406e-01
1.945672e+14	7.570640e-01	-1.023683e+00
1.945419e+14	6.525100e-01	-1.266112e+00
1.945166e+14	5.646478e-01	-1.469548e+00
1.944914e+14	4.945678e-01	-1.643287e+00
1.944661e+14	4.398729e-01	-1.795223e+00
1.944408e+14	3.975976e-01	-1.931294e+00
1.944156e+14	3.651723e-01	-2.055818e+00
1.943903e+14	3.406095e-01	-2.171952e+00
1.943651e+14	3.224492e-01	-2.282065e+00
1.943399e+14	3.096560e-01	-2.387998e+00
1.943146e+14	3.015288e-01	-2.491255e+00
1.942894e+14	2.976334e-01	-2.593132e+00
1.942642e+14	2.977601e-01	-2.694820e+00
1.942390e+14	3.019007e-01	-2.797486e+00
1.942138e+14	3.102439e-01	-2.902348e+00
1.941886e+14	3.231860e-01	-3.010754e+00
1.941634e+14	3.413554e-01	-3.124270e+00
1.941382e+14	3.656483e-01	3.038397e+00
1.941131e+14	3.972638e-01	2.908527e+00
1.940879e+14	4.377106e-01	2.766351e+00
1.940627e+14	4.887144e-01	2.608157e+00
1.940376e+14	5.518718e-01	2.429439e+00
1.940124e+14	6.277743e-01	2.225178e+00
1.939873e+14	7.143144e-01	1.990925e+00
1.939622e+14	8.045203e-01	1.725145e+00
1.939370e+14	8.861664e-01	1.432364e+00
1.939119e+14	9.465568e-01	1.124279e+00
1.938868e+14	9.807319e-01	8.155411e-01
1.938617e+14	9.941846e-01	5.163986e-01
1.938366e+14	9.970806e-01	2.287883e-01
1.938115e+14	9.972206e-01	-5.219489e-02
1.937864e+14	9.966654e-01	-3.345674e-01
1.937613e+14	9.911592e-01	-6.256622e-01
1.937362e+14	9.715262e-01	-9.283103e-01
1.937112e+14	9.284263e-01	-1.237582e+00
1.936861e+14	8.597864e-01	-1.541038e+00
1.936611e+14	7.740052e-01	-1.824419e+00
1.936360e+14	6.843798e-01	-2.078489e+00
1.936110e+14	6.014209e-01	-2.301197e+00
1.935859e+14	5.301598e-01	-2.495420e+00
1.935609e+14	4.715321e-01	-2.665953e+00
1.935359e+14	4.244758e-01	-2.817667e+00
1.935109e+14	3.873081e-01	-2.954766e+00
1.934858e+14	3.583737e-01	-3.080662e+00
1.934608e+14	3.362783e-01	3.085121e+00
1.934358e+14	3.199359e-01	2.974056e+00
1.934109e+14	3.085481e-01	2.867575e+00
1.933859e+14	3.015668e-01	2.764213e+00
1.933609e+14	2.986625e-01	2.662694e+00
1.933359e+14	2.997029e-01	2.561846e+00
1.933110e+14	3.047465e-01	2.460530e+00
1.932860e+14	3.140504e-01	2.357566e+00
1.932610e+14	3.280966e-01	2.251649e+00
1.932361e+14	3.476370e-01	2.141250e+00
1.932112e+14	3.737611e-01	2.024479e+00
1.931862e+14	4.079847e-01	1.898894e+00
1.931613e+14	4.523387e-01	1.761233e+00
1.931364e+14	5.093857e-01	1.607050e+00
1.931115e+14	5.819348e-01	1.430291e+00
1.930865e+14	6.718603e-01	1.223079e+00
1.930616e+14	7.768521e-01	9.766072e-01
1.930368e+14	8.843700e-01	6.851553e-01
1.930119e+14	9.679001e-01	3.546605e-01
1.929870e+14	9.999402e-01	9.131164e-03
1.929621e+14	9.777941e-01	-3.194556e-01
1.929372e+14	9.243174e-01	-6.112058e-01
1.929124e+14	8.641471e-01	-8.639020e-01
1.928875e+14	8.110211e-01	-1.084808e+00
1.928627e+14	7.697550e-01	-1.283011e+00
1.928378e+14	7.408898e-01	-1.466350e+00
1.928130e+14	7.234850e-01	-1.640913e+00
1.927882e+14	7.163001e-01	-1.811338e+00
1.927633e+14	7.181772e-01	-1.981212e+00
1.927385e+14	7.280941e-01	-2.153377e+00
1.927137e+14	7.450860e-01	-2.330117e+00
1.926889e+14	7.681208e-01	-2.513238e+00
1.926641e+14	7.959648e-01	-2.704052e+00
1.926393e+14	8.270811e-01	-2.903308e+00
1.926145e+14	8.596092e-01	-3.111086e+00
1.925897e+14	8.914764e-01	2.956459e+00
1.925650e+14	9.206585e-01	2.734326e+00
1.925402e+14	9.455276e-01	2.507604e+00
1.925154e+14	9.651550e-01	2.278415e+00
1.924907e+14	9.794279e-01	2.048737e+00
1.924659e+14	9.889334e-01	1.820117e+00
1.924412e+14	9.946792e-01	1.593523e+00
1.924165e+14	9.977845e-01	1.369366e+00
1.923917e+14	9.992451e-01	1.147629e+00
1.923670e+14	9.998128e-01	9.280292e-01
1.923423e+14	9.999749e-01	7.101754e-01
1.923176e+14	9.999967e-01	4.936779e-01
1.922929e+14	9.999913e-01	2.782094e-01
1.922682e+14	9.999893e-01	6.352242e-02
1.922435e+14	9.999893e-01	-1.505655e-01
1.922188e+14	9.999842e-01	-3.642013e-01
1.921941e+14	9.999608e-01	-5.775256e-01
1.921694e+14	9.998813e-01	-7.906894e-01
1.921448e+14	9.996562e-01	-1.003851e+00
1.921201e+14	9.991221e-01	-1.217151e+00
1.920955e+14	9.980357e-01	-1.430673e+00
1.920708e+14	9.960914e-01	-1.644400e+00
1.920462e+14	9.929670e-01	-1.858169e+00
1.920215e+14	9.883895e-01	-2.071662e+00
1.919969e+14	9.822098e-01	-2.284413e+00
1.919723e+14	9.744653e-01	-2.495862e+00
1.919477e+14	9.654116e-01	-2.705429e+00
1.919231e+14	9.555133e-01	-2.912604e+00
1.918985e+14	9.453954e-01	-3.117031e+00
1.918739e+14	9.357693e-01	2.964615e+00
1.918493e+14	9.273538e-01	2.765863e+00
1.918247e+14	9.208046e-01	2.569552e+00
1.918001e+14	9.166621e-01	2.375121e+00
1.917756e+14	9.153151e-01	2.181833e+00
1.917510e+14	9.169764e-01	1.988831e+00
1.917264e+14	9.216630e-01	1.795190e+00
1.917019e+14	9.291767e-01	1.599989e+00
1.916773e+14	9.390851e-01	1.402382e+00
1.916528e+14	9.507113e-01	1.201681e+00
1.916283e+14	9.631445e-01	9.974451e-01
1.916037e+14	9.752907e-01	7.895635e-01
1.915792e+14	9.859789e-01	5.783174e-01
1.915547e+14	9.941194e-01	3.643894e-01
1.915302e+14	9.988900e-01	1.488055e-01
1.915057e+14	9.998951e-01	-6.719692e-02
1.914812e+14	9.972424e-01	-2.823502e-01
1.914567e+14	9.915078e-01	-4.955431e-01
1.914322e+14	9.836022e-01	-7.059663e-01
1.914077e+14	9.745910e-01	-9.131870e-01
1.913833e+14	9.655230e-01	-1.117151e+00
1.913588e+14	9.573050e-01	-1.318130e+00
1.913344e+14	9.506323e-01	-1.516638e+00
1.913099e+14	9.459659e-01	-1.713343e+00
1.912855e+14	9.435398e-01	-1.908981e+00
1.912610e+14	9.433833e-01	-2.104287e+00
1.912366e+14	9.453501e-01	-2.299932e+00
1.912122e+14	9.491503e-01	-2.496480e+00
1.911877e+14	9.543837e-01	-2.694352e+00
1.911633e+14	9.605792e-01	-2.893808e+00
1.911389e+14	9.672379e-01	-3.094935e+00
1.911145e+14	9.738793e-01	2.985525e+00
1.910901e+14	9.800876e-01	2.781412e+00
1.910657e+14	9.855482e-01	2.576214e+00
1.910413e+14	9.900699e-01	2.370286e+00
1.910170e+14	9.935885e-01	2.163980e+00
1.909926e+14	9.961502e-01	1.957608e+00
1.909682e+14	9.978827e-01	1.751409e+00
1.909439e+14	9.989582e-01	1.545544e+00
1.909195e+14	9.995593e-01	1.340090e+00
1.908952e+14	9.998517e-01	1.135062e+00
1.908708e+14	9.999670e-01	9.304261e-01
1.908465e+14	9.999971e-01	7.261246e-01
1.908222e+14	9.999966e-01	5.220929e-01
1.907979e+14	9.999915e-01	3.182721e-01
1.907735e+14	9.999894e-01	1.146149e-01
1.907492e+14	9.999896e-01	-8.891471e-02
1.907249e+14	9.999891e-01	-2.923449e-01
1.907006e+14	9.999846e-01	-4.957021e-01
1.906763e+14	9.999695e-01	-6.990157e-01
1.906521e+14	9.999292e-01	-9.023196e-01
1.906278e+14	9.998338e-01	-1.105650e+00
1.906035e+14	9.996337e-01	-1.309037e+00
1.905792e+14	9.992585e-01	-1.512495e+00
1.905550e+14	9.986215e-01	-1.716015e+00
1.905307e+14	9.976303e-01	-1.919546e+00
1.905065e+14	9.962022e-01	-2.122998e+00
1.904822e+14	9.942826e-01	-2.326239e+00
1.904580e+14	9.918626e-01	-2.529108e+00
1.904338e+14	9.889922e-01	-2.731426e+00
1.904096e+14	9.857861e-01	-2.933026e+00
1.903853e+14	9.824190e-01	-3.133772e+00
1.903611e+14	9.791130e-01	2.949602e+00
1.903369e+14	9.761165e-01	2.750731e+00
1.903127e+14	9.736791e-01	2.552725e+00
1.902885e+14	9.720261e-01	2.355424e+00
1.902644e+14	9.713334e-01	2.158596e+00
1.902402e+14	9.717081e-01	1.961951e+00
1.902160e+14	9.731729e-01	1.765169e+00
1.901918e+14	9.756571e-01	1.567923e+00
1.901677e+14	9.789950e-01	1.369916e+00
1.901435e+14	9.829326e-01	1.170911e+00
1.901194e+14	9.871442e-01	9.707596e-01
1.900952e+14	9.912599e-01	7.694226e-01
1.900711e+14	9.949018e-01	5.669844e-01
1.900470e+14	9.977281e-01	3.636492e-01
1.900228e+14	9.994756e-01	1.597223e-01
1.899987e+14	9.999950e-01	-4.442246e-02
1.899746e+14	9.992718e-01	-2.483865e-01
1.899505e+14	9.974253e-01	-4.517937e-01
1.899264e+14	9.946896e-01	-6.543327e-01
1.899023e+14	9.913785e-01	-8.557895e-01
1.898782e+14	9.878433e-01	-1.056064e+00
1.898542e+14	9.844307e-01	-1.255171e+00
1.898301e+14	9.814474e-01	-1.453229e+00
1.898060e+14	9.791349e-01	-1.650438e+00
1.897819e+14	9.776539e-01	-1.847053e+00
1.897579e+14	9.770791e-01	-2.043354e+00
1.897338e+14	9.774025e-01	-2.239617e+00
1.897098e+14	9.785425e-01	-2.436090e+00
1.896858e+14	9.803584e-01	-2.632973e+00
1.896617e+14	9.826685e-01	-2.830407e+00
1.896377e+14	9.852709e-01	-3.028463e+00
1.896137e+14	9.879643e-01	3.056041e+00
1.895897e+14	9.905675e-01	2.856786e+00
1.895657e+14	9.929347e-01	2.657059e+00
1.895417e+14	9.949660e-01	2.456987e+00
1.895177e+14	9.966104e-01	2.256706e+00
1.894937e+14	9.978627e-01	2.056349e+00
1.894697e+14	9.987547e-01	1.856024e+00
1.894457e+14	9.993431e-01	1.655816e+00
1.894217e+14	9.996969e-01	1.455774e+00
1.893978e+14	9.998854e-01	1.255922e+00
1.893738e+14	9.999695e-01	1.056261e+00
1.893499e+14	9.999964e-01	8.567733e-01
1.893259e+14	9.999984e-01	6.574362e-01
1.893020e+14	9.999936e-01	4.582240e-01
1.892780e+14	9.999901e-01	2.591142e-01
1.892541e+14	9.999893e-01	6.008856e-02
1.892302e+14	9.999898e-01	-1.388664e-01
1.892063e+14	9.999897e-01	-3.377615e-01
1.891824e+14	9.999870e-01	-5.366073e-01
1.891585e+14	9.999784e-01	-7.354157e-01
1.891346e+14	9.999571e-01	-9.342007e-01
1.891107e+14	9.999099e-01	-1.132977e+00
1.890868e+14	9.998152e-01	-1.331759e+00
1.890629e+14	9.996423e-01	-1.530552e+00
1.890390e+14	9.993529e-01	-1.729353e+00
1.890152e+14	9.989055e-01	-1.928141e+00
1.889913e+14	9.982613e-01	-2.126879e+00
1.889674e+14	9.973919e-01	-2.325510e+00
1.889436e+14	9.962873e-01	-2.523962e+00
1.889197e+14	9.949624e-01	-2.722157e+00
1.888959e+14	9.934605e-01	-2.920012e+00
1.888721e+14	9.918543e-01	-3.117460e+00
1.888482e+14	9.902412e-01	2.968731e+00
1.888244e+14	9.887359e-01	2.772208e+00
1.888006e+14	9.874595e-01	2.576133e+00
1.887768e+14	9.865270e-01	2.380445e+00
1.887530e+14	9.860347e-01	2.185046e+00
1.887292e+14	9.860483e-01	1.989804e+00
1.887054e+14	9.865938e-01	1.794570e+00
1.886816e+14	9.876516e-01	1.599187e+00
1.886578e+14	9.891546e-01	1.403505e+00
1.886341e+14	9.909912e-01	1.207400e+00
1.886103e+14	9.930131e-01	1.010785e+00
1.885865e+14	9.950474e-01	8.136234e-01
1.885628e+14	9.969138e-01	6.159346e-01
1.885390e+14	9.984426e-01	4.177940e-01
1.885153e+14	9.994940e-01	2.193279e-01
1.884916e+14	9.999742e-01	2.070048e-02
1.884678e+14	9.998470e-01	-1.779033e-01
1.884441e+14	9.991370e-01	-3.762976e-01
1.884204e+14	9.979264e-01	-5.743155e-01
1.883967e+14	9.963441e-01	-7.718264e-01
1.883730e+14	9.945496e-01	-9.687479e-01
1.883493e+14	9.927146e-01	-1.165052e+00
1.883256e+14	9.910051e-01	-1.360763e+00
1.883019e+14	9.895652e-01	-1.555955e+00
1.882782e+14	9.885055e-01	-1.750738e+00
1.882545e+14	9.878956e-01	-1.945245e+00
1.882309e+14	9.877613e-01	-2.139618e+00
1.882072e+14	9.880864e-01	-2.333996e+00
1.881835e+14	9.888182e-01	-2.528499e+00
1.881599e+14	9.898754e-01	-2.723221e+00
1.881362e+14	9.911589e-01	-2.918222e+00
1.881126e+14	9.925622e-01	-3.113530e+00
1.880890e+14	9.939830e-01	2.974048e+00
1.880653e+14	9.953321e-01	2.778177e+00
1.880417e+14	9.965408e-01	2.582097e+00
1.880181e+14	9.975643e-01	2.385876e+00
1.879945e+14	9.983826e-01	2.189585e+00
1.879709e+14	9.989981e-01	1.993289e+00
1.879473e+14	9.994304e-01	1.797041e+00
1.879237e+14	9.997106e-01	1.600882e+00
1.879001e+14	9.998747e-01	1.404835e+00
1.878765e+14	9.999582e-01	1.208911e+00
1.878529e+14	9.999919e-01	1.013107e+00
1.878294e+14	9.999994e-01	8.174142e-01
1.878058e+14	9.999966e-01	6.218206e-01
1.877822e+14	9.999921e-01	4.263122e-01
1.877587e+14	9.999896e-01	2.308771e-01
1.877351e+14	9.999893e-01	3.550591e-02
1.877116e+14	9.999900e-01	-1.598084e-01
1.876881e+14	9.999903e-01	-3.550714e-01
1.876645e+14	9.999889e-01	-5.502884e-01
1.876410e+14	9.999839e-01	-7.454654e-01
1.876175e+14	9.999719e-01	-9.406096e-01
1.875940e+14	9.999461e-01	-1.135729e+00
1.875705e+14	9.998954e-01	-1.330831e+00
1.875470e+14	9.998039e-01	-1.525919e+00
1.875235e+14	9.996513e-01	-1.720993e+00
1.875000e+14	9.994150e-01	-1.916043e+00
("port 2","TE",1,"port 2",1,"modulation")
(1,1)
0.00571
(500,3)
2.000000e+14	6.133115e-03	-2.380744e+00
1.999733e+14	4.811067e-03	-2.576069e+00
1.999466e+14	4.390319e-03	-2.750128e+00
1.999199e+14	4.484093e-03	-2.919905e+00
1.998932e+14	4.659917e-03	-3.092957e+00
1.998665e+14	4.474462e-03	3.025896e+00
1.998398e+14	3.518888e-03	2.916086e+00
1.998131e+14	1.646018e-03	-3.070217e+00
1.997865e+14	2.951608e-03	-1.428314e+00
1.997598e+14	8.302968e-03	-1.353798e+00
1.997332e+14	1.571094e-02	-1.496039e+00
1.997065e+14	2.508542e-02	-1.681831e+00
1.996799e+14	3.630485e-02	-1.883360e+00
1.996532e+14	4.913288e-02	-2.092252e+00
1.996266e+14	6.321551e-02	-2.305088e+00
1.996000e+14	7.809309e-02	-2.520177e+00
1.995734e+14	9.322099e-02	-2.736556e+00
1.995468e+14	1.079966e-01	-2.953623e+00
1.995202e+14	1.217901e-01	3.112204e+00
1.994936e+14	1.339756e-01	2.894809e+00
1.994670e+14	1.439605e-01	2.677526e+00
1.994404e+14	1.512100e-01	2.460405e+00
1.994139e+14	1.552673e-01	2.243420e+00
1.993873e+14	1.557689e-01	2.026477e+00
1.993608e+14	1.524564e-01	1.809444e+00
1.993342e+14	1.451879e-01	1.592169e+00
1.993077e+14	1.339486e-01	1.374521e+00
1.992812e+14	1.188613e-01	1.156425e+00
1.992546e+14	1.001960e-01	9.379321e-01
1.992281e+14	7.837457e-02	7.193401e-01
1.992016e+14	5.396799e-02	5.016530e-01
1.991751e+14	2.768175e-02	2.896471e-01
1.991486e+14	6.115283e-04	1.076799e+00
1.991221e+14	2.724907e-02	2.950051e+00
1.990956e+14	5.412011e-02	2.738261e+00
1.990691e+14	7.945857e-02	2.520468e+00
1.990427e+14	1.025003e-01	2.301699e+00
1.990162e+14	1.226023e-01	2.083006e+00
1.989898e+14	1.392638e-01	1.864710e+00
1.989633e+14	1.521352e-01	1.646863e+00
1.989369e+14	1.610170e-01	1.429379e+00
1.989104e+14	1.658532e-01	1.212087e+00
1.988840e+14	1.667223e-01	9.947769e-01
1.988576e+14	1.638275e-01	7.772283e-01
1.988312e+14	1.574884e-01	5.592371e-01
1.988048e+14	1.481301e-01	3.406323e-01
1.987784e+14	1.362715e-01	1.212839e-01
1.987520e+14	1.225074e-01	-9.889920e-02
1.987256e+14	1.074850e-01	-3.199825e-01
1.986992e+14	9.187458e-02	-5.420301e-01
1.986729e+14	7.633534e-02	-7.651382e-01
1.986465e+14	6.147986e-02	-9.894764e-01
1.986201e+14	4.784038e-02	-1.215332e+00
1.985938e+14	3.584019e-02	-1.443139e+00
1.985674e+14	2.577228e-02	-1.673429e+00
1.985411e+14	1.778648e-02	-1.906480e+00
1.985148e+14	1.188485e-02	-2.140981e+00
1.984885e+14	7.925408e-03	-2.370465e+00
1.984622e+14	5.636240e-03	-2.579234e+00
1.984358e+14	4.641555e-03	-2.753195e+00
1.984095e+14	4.483005e-03	-2.905318e+00
1.983832e+14	4.630190e-03	-3.057354e+00
1.983570e+14	4.517242e-03	3.079318e+00
1.983307e+14	3.607605e-03	2.990706e+00
1.983044e+14	1.715354e-03	-2.906005e+00
1.982781e+14	3.556063e-03	-1.356309e+00
1.982519e+14	9.791157e-03	-1.294371e+00
1.982256e+14	1.863141e-02	-1.433452e+00
1.981994e+14	3.006089e-02	-1.615729e+00
1.981732e+14	4.400097e-02	-1.814064e+00
1.981469e+14	6.021972e-02	-2.020046e+00
1.981207e+14	7.832427e-02	-2.230164e+00
1.980945e+14	9.777201e-02	-2.442631e+00
1.980683e+14	1.178949e-01	-2.656384e+00
1.980421e+14	1.379341e-01	-2.870723e+00
1.980159e+14	1.570820e-01	-3.085156e+00
1.979897e+14	1.745250e-01	2.983840e+00
1.979635e+14	1.894831e-01	2.770094e+00
1.979373e+14	2.012415e-01	2.556863e+00
1.979112e+14	2.091729e-01	2.344098e+00
1.978850e+14	2.127502e-01	2.131636e+00
1.978588e+14	2.115555e-01	1.919231e+00
1.978327e+14	2.052869e-01	1.706577e+00
1.978066e+14	1.937697e-01	1.493356e+00
1.977804e+14	1.769737e-01	1.279282e+00
1.977543e+14	1.550375e-01	1.064161e+00
1.977282e+14	1.282958e-01	8.479707e-01
1.977021e+14	9.730294e-02	6.310078e-01
1.976760e+14	6.284269e-02	4.144319e-01
1.976499e+14	2.591507e-02	2.054615e-01
1.976238e+14	1.233131e-02	3.066806e+00
1.975977e+14	5.059132e-02	2.876683e+00
1.975716e+14	8.762320e-02	2.660743e+00
1.975455e+14	1.222364e-01	2.443228e+00
1.975195e+14	1.534074e-01	2.226209e+00
1.974934e+14	1.803210e-01	2.010267e+00
1.974674e+14	2.023873e-01	1.795537e+00
1.974413e+14	2.192328e-01	1.581909e+00
1.974153e+14	2.306786e-01	1.369116e+00
1.973892e+14	2.367134e-01	1.156787e+00
1.973632e+14	2.374717e-01	9.445099e-01
1.973372e+14	2.332189e-01	7.318691e-01
1.973112e+14	2.243458e-01	5.184924e-01
1.972852e+14	2.113661e-01	3.040780e-01
1.972592e+14	1.949151e-01	8.841220e-02
1.972332e+14	1.757412e-01	-1.286300e-01
1.972072e+14	1.546858e-01	-3.471014e-01
1.971812e+14	1.326504e-01	-5.670183e-01
1.971553e+14	1.105495e-01	-7.884127e-01
1.971293e+14	8.925766e-02	-1.011402e+00
1.971034e+14	6.955389e-02	-1.236276e+00
1.970774e+14	5.207381e-02	-1.463589e+00
1.970515e+14	3.727281e-02	-1.694252e+00
1.970255e+14	2.540330e-02	-1.929454e+00
1.969996e+14	1.650553e-02	-2.169842e+00
1.969737e+14	1.040968e-02	-2.411901e+00
1.969478e+14	6.750211e-03	-2.638506e+00
1.969219e+14	5.003897e-03	-2.816936e+00
1.968960e+14	4.541016e-03	-2.944182e+00
1.968701e+14	4.626498e-03	-3.060057e+00
1.968442e+14	4.446681e-03	3.117158e+00
1.968183e+14	3.250736e-03	3.129945e+00
1.967924e+14	1.860479e-03	-2.012102e+00
1.967666e+14	6.814714e-03	-1.214127e+00
1.967407e+14	1.594497e-02	-1.262271e+00
1.967148e+14	2.885369e-02	-1.417608e+00
1.966890e+14	4.568522e-02	-1.603996e+00
1.966632e+14	6.639559e-02	-1.803597e+00
1.966373e+14	9.068858e-02	-2.009999e+00
1.966115e+14	1.180032e-01	-2.220207e+00
1.965857e+14	1.475289e-01	-2.432499e+00
1.965599e+14	1.782481e-01	-2.645695e+00
1.965341e+14	2.090027e-01	-2.858894e+00
1.965083e+14	2.385761e-01	-3.071390e+00
1.964825e+14	2.657746e-01	3.000523e+00
1.964567e+14	2.894933e-01	2.790791e+00
1.964309e+14	3.087562e-01	2.582685e+00
1.964051e+14	3.227271e-01	2.376059e+00
1.963794e+14	3.306955e-01	2.170541e+00
1.963536e+14	3.320508e-01	1.965562e+00
1.963279e+14	3.262557e-01	1.760397e+00
1.963021e+14	3.128342e-01	1.554233e+00
1.962764e+14	2.913862e-01	1.346238e+00
1.962507e+14	2.616396e-01	1.135664e+00
1.962249e+14	2.235430e-01	9.219633e-01
1.961992e+14	1.773954e-01	7.049513e-01
1.961735e+14	1.239846e-01	4.850764e-01
1.961478e+14	6.468830e-02	2.646467e-01
1.961221e+14	1.548262e-03	3.432834e-01
1.960964e+14	6.323189e-02	2.939086e+00
1.960707e+14	1.268150e-01	2.717301e+00
1.960450e+14	1.868123e-01	2.495211e+00
1.960194e+14	2.411827e-01	2.275800e+00
1.959937e+14	2.884666e-01	2.060051e+00
1.959681e+14	3.277952e-01	1.848203e+00
1.959424e+14	3.587914e-01	1.639979e+00
1.959168e+14	3.814251e-01	1.434728e+00
1.958911e+14	3.958728e-01	1.231548e+00
1.958655e+14	4.024131e-01	1.029402e+00
1.958399e+14	4.013677e-01	8.272130e-01
1.958143e+14	3.930871e-01	6.239490e-01
1.957886e+14	3.779743e-01	4.186959e-01
1.957630e+14	3.565355e-01	2.107186e-01
1.957374e+14	3.294451e-01	-4.903250e-04
1.957119e+14	2.976056e-01	-2.151855e-01
1.956863e+14	2.621816e-01	-4.333780e-01
1.956607e+14	2.245856e-01	-6.548908e-01
1.956351e+14	1.864058e-01	-8.794677e-01
1.956096e+14	1.492827e-01	-1.106935e+00
1.955840e+14	1.147581e-01	-1.337417e+00
1.955585e+14	8.412959e-02	-1.571602e+00
1.955329e+14	5.834003e-02	-1.811105e+00
1.955074e+14	3.791261e-02	-2.058875e+00
1.954818e+14	2.292836e-02	-2.319055e+00
1.954563e+14	1.302928e-02	-2.592275e+00
1.954308e+14	7.434881e-03	-2.851449e+00
1.954053e+14	5.033319e-03	-3.008976e+00
1.953798e+14	4.581197e-03	-3.045333e+00
1.953543e+14	4.595033e-03	-3.056984e+00
1.953288e+14	3.515959e-03	-2.899213e+00
1.953033e+14	3.585222e-03	-1.562117e+00
1.952779e+14	1.263077e-02	-1.124763e+00
1.952524e+14	2.915822e-02	-1.200843e+00
1.952269e+14	5.392961e-02	-1.367191e+00
1.952015e+14	8.781873e-02	-1.564780e+00
1.951760e+14	1.311394e-01	-1.777670e+00
1.951506e+14	1.833965e-01	-1.999495e+00
1.951251e+14	2.431251e-01	-2.226611e+00
1.950997e+14	3.078926e-01	-2.456069e+00
1.950743e+14	3.745497e-01	-2.685010e+00
1.950489e+14	4.397162e-01	-2.910643e+00
1.950234e+14	5.003500e-01	-3.130512e+00
1.949980e+14	5.541799e-01	2.940387e+00
1.949726e+14	5.998571e-01	2.736675e+00
1.949473e+14	6.368331e-01	2.541661e+00
1.949219e+14	6.650779e-01	2.354694e+00
1.948965e+14	6.847578e-01	2.174467e+00
1.948711e+14	6.959392e-01	1.999126e+00
1.948458e+14	6.983216e-01	1.826288e+00
1.948204e+14	6.909575e-01	1.652969e+00
1.947951e+14	6.718885e-01	1.475389e+00
1.947697e+14	6.376064e-01	1.288638e+00
1.947444e+14	5.822695e-01	1.086245e+00
1.947190e+14	4.968236e-01	8.598783e-01
1.946937e+14	3.691092e-01	6.000421e-01
1.946684e+14	1.884371e-01	3.002504e-01
1.946431e+14	4.072407e-02	3.089632e+00
1.946178e+14	2.848721e-01	2.748123e+00
1.945925e+14	4.971643e-01	2.417500e+00
1.945672e+14	6.533407e-01	2.129139e+00
1.945419e+14	7.577801e-01	1.886808e+00
1.945166e+14	8.253319e-01	1.683366e+00
1.944914e+14	8.691391e-01	1.509544e+00
1.944661e+14	8.980600e-01	1.357456e+00
1.944408e+14	9.175599e-01	1.221167e+00
1.944156e+14	9.309400e-01	1.096356e+00
1.943903e+14	9.402049e-01	9.798599e-01
1.943651e+14	9.465868e-01	8.693018e-01
1.943399e+14	9.508486e-01	7.628276e-01
1.943146e+14	9.534571e-01	6.589178e-01
1.942894e+14	9.546802e-01	5.562549e-01
1.942642e+14	9.546407e-01	4.536206e-01
1.942390e+14	9.533394e-01	3.498119e-01
1.942138e+14	9.506570e-01	2.435618e-01
1.941886e+14	9.463355e-01	1.334561e-01
1.941634e+14	9.399343e-01	1.783733e-02
1.941382e+14	9.307531e-01	-1.053145e-01
1.941131e+14	9.177044e-01	-2.385320e-01
1.940879e+14	8.991159e-01	-3.850452e-01
1.940627e+14	8.724438e-01	-5.489829e-01
1.940376e+14	8.339289e-01	-7.355222e-01
1.940124e+14	7.783954e-01	-9.507987e-01
1.939873e+14	6.998250e-01	-1.201248e+00
1.939622e+14	5.939251e-01	-1.492197e+00
1.939370e+14	4.633672e-01	-1.827069e+00
1.939119e+14	3.225373e-01	-2.212895e+00
1.938868e+14	1.953586e-01	-2.685056e+00
1.938617e+14	1.076894e-01	2.922445e+00
1.938366e+14	7.635668e-02	2.047471e+00
1.938115e+14	7.450557e-02	1.567956e+00
1.937864e+14	8.159650e-02	1.683356e+00
1.937613e+14	1.326782e-01	1.949291e+00
1.937362e+14	2.369322e-01	1.927379e+00
1.937112e+14	3.715166e-01	1.741702e+00
1.936861e+14	5.106538e-01	1.500012e+00
1.936611e+14	6.331792e-01	1.251417e+00
1.936360e+14	7.291257e-01	1.018763e+00
1.936110e+14	7.989324e-01	8.101421e-01
1.935859e+14	8.478977e-01	6.256662e-01
1.935609e+14	8.818489e-01	4.621467e-01
1.935359e+14	9.054393e-01	3.156431e-01
1.935109e+14	9.219503e-01	1.825132e-01
1.934858e+14	9.335782e-01	5.970588e-02
1.934608e+14	9.417627e-01	-5.525023e-02
1.934358e+14	9.474392e-01	-1.643515e-01
1.934109e+14	9.512087e-01	-2.692359e-01
1.933859e+14	9.534450e-01	-3.712875e-01
1.933609e+14	9.543588e-01	-4.717239e-01
1.933359e+14	9.540326e-01	-5.716721e-01
1.933110e+14	9.524335e-01	-6.722381e-01
1.932860e+14	9.494063e-01	-7.745772e-01
1.932610e+14	9.446442e-01	-8.799741e-01
1.932361e+14	9.376292e-01	-9.899434e-01
1.932112e+14	9.275250e-01	-1.106364e+00
1.931862e+14	9.129888e-01	-1.231669e+00
1.931613e+14	8.918462e-01	-1.369115e+00
1.931364e+14	8.605383e-01	-1.523147e+00
1.931115e+14	8.132354e-01	-1.699819e+00
1.930865e+14	7.406779e-01	-1.907015e+00
1.930616e+14	6.296831e-01	-2.153566e+00
1.930368e+14	4.667866e-01	-2.445264e+00
1.930119e+14	2.513351e-01	-2.776528e+00
1.929870e+14	1.093801e-02	3.128594e+00
1.929621e+14	2.095677e-01	-3.061200e-01
1.929372e+14	3.816246e-01	-5.988844e-01
1.929124e+14	5.032393e-01	-8.520770e-01
1.928875e+14	5.850169e-01	-1.073398e+00
1.928627e+14	6.383394e-01	-1.272024e+00
1.928378e+14	6.716266e-01	-1.455829e+00
1.928130e+14	6.903401e-01	-1.630924e+00
1.927882e+14	6.977924e-01	-1.801963e+00
1.927633e+14	6.958602e-01	-1.972556e+00
1.927385e+14	6.854772e-01	-2.145567e+00
1.927137e+14	6.669684e-01	-2.323309e+00
1.926889e+14	6.403050e-01	-2.507623e+00
1.926641e+14	6.053429e-01	-2.699872e+00
1.926393e+14	5.620825e-01	-2.900870e+00
1.926145e+14	5.109521e-01	-3.110784e+00
1.925897e+14	4.530671e-01	2.954106e+00
1.925650e+14	3.903690e-01	2.728621e+00
1.925402e+14	3.255418e-01	2.497585e+00
1.925154e+14	2.616789e-01	2.262716e+00
1.924907e+14	2.017944e-01	2.025344e+00
1.924659e+14	1.483604e-01	1.785912e+00
1.924412e+14	1.030212e-01	1.543377e+00
1.924165e+14	6.652936e-02	1.294089e+00
1.923917e+14	3.884920e-02	1.028496e+00
1.923670e+14	1.934652e-02	7.177368e-01
1.923423e+14	7.083588e-03	2.247278e-01
1.923176e+14	2.586153e-03	-1.392316e+00
1.922929e+14	4.161600e-03	-2.483773e+00
1.922682e+14	4.624740e-03	-2.948214e+00
1.922435e+14	4.622496e-03	2.919900e+00
1.922188e+14	5.625032e-03	2.562392e+00
1.921941e+14	8.854847e-03	2.338551e+00
1.921694e+14	1.540766e-02	2.178854e+00
1.921448e+14	2.621979e-02	2.017348e+00
1.921201e+14	4.189198e-02	1.840885e+00
1.920955e+14	6.264798e-02	1.652316e+00
1.920708e+14	8.832799e-02	1.455683e+00
1.920462e+14	1.183911e-01	1.253938e+00
1.920215e+14	1.519412e-01	1.049146e+00
1.919969e+14	1.877867e-01	8.428558e-01
1.919723e+14	2.245383e-01	6.363157e-01
1.919477e+14	2.607307e-01	4.305515e-01
1.919231e+14	2.949479e-01	2.263703e-01
1.918985e+14	3.259256e-01	2.433201e-02
1.918739e+14	3.526127e-01	-1.752793e-01
1.918493e+14	3.741857e-01	-3.724637e-01
1.918247e+14	3.900242e-01	-5.674920e-01
1.918001e+14	3.996631e-01	-7.608713e-01
1.917756e+14	4.027385e-01	-9.532974e-01
1.917510e+14	3.989415e-01	-1.145600e+00
1.917264e+14	3.879914e-01	-1.338680e+00
1.917019e+14	3.696359e-01	-1.533445e+00
1.916773e+14	3.436846e-01	-1.730734e+00
1.916528e+14	3.100773e-01	-1.931237e+00
1.916283e+14	2.689847e-01	-2.135412e+00
1.916037e+14	2.209254e-01	-2.343410e+00
1.915792e+14	1.668703e-01	-2.555070e+00
1.915547e+14	1.082895e-01	-2.770109e+00
1.915302e+14	4.710335e-02	-2.990013e+00
1.915057e+14	1.448733e-02	-3.193392e-02
1.914812e+14	7.421351e-02	-2.672175e-01
1.914567e+14	1.300469e-01	-4.826523e-01
1.914322e+14	1.803514e-01	-6.940615e-01
1.914077e+14	2.239918e-01	-9.019446e-01
1.913833e+14	2.603177e-01	-1.106471e+00
1.913588e+14	2.890799e-01	-1.307999e+00
1.913344e+14	3.103197e-01	-1.507084e+00
1.913099e+14	3.242660e-01	-1.704424e+00
1.912855e+14	3.312592e-01	-1.900780e+00
1.912610e+14	3.317047e-01	-2.096909e+00
1.912366e+14	3.260569e-01	-2.293510e+00
1.912122e+14	3.148234e-01	-2.491179e+00
1.911877e+14	2.985830e-01	-2.690378e+00
1.911633e+14	2.780063e-01	-2.891419e+00
1.911389e+14	2.538718e-01	-3.094458e+00
1.911145e+14	2.270662e-01	2.983667e+00
1.910901e+14	1.985655e-01	2.776661e+00
1.910657e+14	1.693954e-01	2.567822e+00
1.910413e+14	1.405757e-01	2.357217e+00
1.910170e+14	1.130572e-01	2.144754e+00
1.909926e+14	8.766247e-02	1.930023e+00
1.909682e+14	6.503991e-02	1.712006e+00
1.909439e+14	4.563565e-02	1.488477e+00
1.909195e+14	2.968497e-02	1.254375e+00
1.908952e+14	1.722260e-02	9.962515e-01
1.908708e+14	8.123542e-03	6.642292e-01
1.908465e+14	2.409889e-03	-1.271757e-01
1.908222e+14	2.602942e-03	-2.035964e+00
1.907979e+14	4.134235e-03	-2.576715e+00
1.907735e+14	4.609584e-03	-2.905376e+00
1.907492e+14	4.559855e-03	3.075215e+00
1.907249e+14	4.661635e-03	2.775959e+00
1.907006e+14	5.557840e-03	2.509549e+00
1.906763e+14	7.807606e-03	2.298194e+00
1.906521e+14	1.190001e-02	2.118703e+00
1.906278e+14	1.823194e-02	1.944326e+00
1.906035e+14	2.706447e-02	1.765058e+00
1.905792e+14	3.850245e-02	1.579763e+00
1.905550e+14	5.248814e-02	1.389624e+00
1.905307e+14	6.880179e-02	1.196000e+00
1.905065e+14	8.706967e-02	9.999881e-01
1.904822e+14	1.067808e-01	8.024266e-01
1.904580e+14	1.273132e-01	6.039643e-01
1.904338e+14	1.479674e-01	4.051136e-01
1.904096e+14	1.680053e-01	2.062771e-01
1.903853e+14	1.866893e-01	7.756524e-03
1.903611e+14	2.033168e-01	-1.902488e-01
1.903369e+14	2.172479e-01	-3.876452e-01
1.903127e+14	2.279231e-01	-5.844445e-01
1.902885e+14	2.348731e-01	-7.807581e-01
1.902644e+14	2.377214e-01	-9.767835e-01
1.902402e+14	2.361849e-01	-1.172784e+00
1.902160e+14	2.300749e-01	-1.369064e+00
1.901918e+14	2.193015e-01	-1.565939e+00
1.901677e+14	2.038842e-01	-1.763703e+00
1.901435e+14	1.839660e-01	-1.962603e+00
1.901194e+14	1.598319e-01	-2.162815e+00
1.900952e+14	1.319238e-01	-2.364444e+00
1.900711e+14	1.008481e-01	-2.567572e+00
1.900470e+14	6.736878e-02	-2.772526e+00
1.900228e+14	3.238238e-02	-2.981867e+00
1.899987e+14	3.149062e-03	7.314189e-02
1.899746e+14	3.815599e-02	-2.293204e-01
1.899505e+14	7.171307e-02	-4.370273e-01
1.899264e+14	1.029202e-01	-6.412138e-01
1.899023e+14	1.310289e-01	-8.436547e-01
1.898782e+14	1.554529e-01	-1.044679e+00
1.898542e+14	1.757734e-01	-1.244453e+00
1.898301e+14	1.917314e-01	-1.443167e+00
1.898060e+14	2.032111e-01	-1.641063e+00
1.897819e+14	2.102211e-01	-1.838425e+00
1.897579e+14	2.128765e-01	-2.035560e+00
1.897338e+14	2.113866e-01	-2.232772e+00
1.897098e+14	2.060450e-01	-2.430338e+00
1.896858e+14	1.972245e-01	-2.628499e+00
1.896617e+14	1.853717e-01	-2.827438e+00
1.896377e+14	1.710007e-01	-3.027291e+00
1.896137e+14	1.546818e-01	3.055043e+00
1.895897e+14	1.370258e-01	2.853131e+00
1.895657e+14	1.186623e-01	2.650098e+00
1.895417e+14	1.002133e-01	2.445832e+00
1.895177e+14	8.226598e-02	2.240108e+00
1.894937e+14	6.534510e-02	2.032474e+00
1.894697e+14	4.989039e-02	1.822046e+00
1.894457e+14	3.623942e-02	1.607062e+00
1.894217e+14	2.461770e-02	1.383721e+00
1.893978e+14	1.513745e-02	1.142420e+00
1.893738e+14	7.811230e-03	8.504458e-01
1.893499e+14	2.668433e-03	2.939564e-01
1.893259e+14	1.802139e-03	-1.752044e+00
1.893020e+14	3.566650e-03	-2.414262e+00
1.892780e+14	4.444087e-03	-2.732189e+00
1.892541e+14	4.624173e-03	-3.001948e+00
1.892302e+14	4.512081e-03	3.017451e+00
1.892063e+14	4.536027e-03	2.753983e+00
1.891824e+14	5.103486e-03	2.507123e+00
1.891585e+14	6.575754e-03	2.293219e+00
1.891346e+14	9.264433e-03	2.105231e+00
1.891107e+14	1.342230e-02	1.926401e+00
1.890868e+14	1.922248e-02	1.746935e+00
1.890629e+14	2.674433e-02	1.563922e+00
1.890390e+14	3.596780e-02	1.377325e+00
1.890152e+14	4.677298e-02	1.187853e+00
1.889913e+14	5.894376e-02	9.962541e-01
1.889674e+14	7.217605e-02	8.031469e-01
1.889436e+14	8.609048e-02	6.090190e-01
1.889197e+14	1.002492e-01	4.142501e-01
1.888959e+14	1.141760e-01	2.191356e-01
1.888721e+14	1.273772e-01	2.390023e-02
1.888482e+14	1.393639e-01	-1.712952e-01
1.888244e+14	1.496708e-01	-3.663509e-01
1.888006e+14	1.578728e-01	-5.612261e-01
1.887768e+14	1.635987e-01	-7.559357e-01
1.887530e+14	1.665402e-01	-9.505445e-01
1.887292e+14	1.664597e-01	-1.145157e+00
1.887054e+14	1.631954e-01	-1.339908e+00
1.886816e+14	1.566665e-01	-1.534944e+00
1.886578e+14	1.468782e-01	-1.730414e+00
1.886341e+14	1.339269e-01	-1.926453e+00
1.886103e+14	1.180045e-01	-2.123176e+00
1.885865e+14	9.940119e-02	-2.320686e+00
1.885628e+14	7.850373e-02	-2.519118e+00
1.885390e+14	5.578881e-02	-2.718836e+00
1.885153e+14	3.180921e-02	-2.921519e+00
1.884916e+14	7.176697e-03	3.129408e+00
1.884678e+14	1.749198e-02	-1.497854e-01
1.884441e+14	4.153632e-02	-3.586385e-01
1.884204e+14	6.436499e-02	-5.595326e-01
1.883967e+14	8.543077e-02	-7.585126e-01
1.883730e+14	1.042649e-01	-9.564307e-01
1.883493e+14	1.204897e-01	-1.153542e+00
1.883256e+14	1.338244e-01	-1.349992e+00
1.883019e+14	1.440858e-01	-1.545916e+00
1.882782e+14	1.511846e-01	-1.741464e+00
1.882545e+14	1.551202e-01	-1.936799e+00
1.882309e+14	1.559732e-01	-2.132093e+00
1.882072e+14	1.539001e-01	-2.327513e+00
1.881835e+14	1.491260e-01	-2.523212e+00
1.881599e+14	1.419387e-01	-2.719325e+00
1.881362e+14	1.326804e-01	-2.915965e+00
1.881126e+14	1.217388e-01	-3.113227e+00
1.880890e+14	1.095348e-01	2.971990e+00
1.880653e+14	9.650903e-02	2.773222e+00
1.880417e+14	8.310526e-02	2.573523e+00
1.880181e+14	6.975323e-02	2.372686e+00
1.879945e+14	5.685153e-02	2.170346e+00
1.879709e+14	4.475186e-02	1.965853e+00
1.879473e+14	3.374593e-02	1.757986e+00
1.879237e+14	2.405589e-02	1.544270e+00
1.879001e+14	1.582936e-02	1.318976e+00
1.878765e+14	9.141239e-03	1.065376e+00
1.878529e+14	4.022155e-03	7.064065e-01
1.878294e+14	1.083078e-03	-7.087527e-01
1.878058e+14	2.626418e-03	-2.163435e+00
1.877822e+14	3.967994e-03	-2.531850e+00
1.877587e+14	4.552287e-03	-2.797923e+00
1.877351e+14	4.620281e-03	-3.043223e+00
1.877116e+14	4.467606e-03	2.996542e+00
1.876881e+14	4.400223e-03	2.751938e+00
1.876645e+14	4.712060e-03	2.515707e+00
1.876410e+14	5.667711e-03	2.301084e+00
1.876175e+14	7.495462e-03	2.108575e+00
1.875940e+14	1.038203e-02	1.927578e+00
1.875705e+14	1.446087e-02	1.748845e+00
1.875470e+14	1.980163e-02	1.568297e+00
1.875235e+14	2.640504e-02	1.384992e+00
1.875000e+14	3.420165e-02	1.199166e+00
